z,y,x,button
3.014,-1054,784,left
3.091,-1054,784,left
4.074,-1259,1363,left
4.174,-1259,1357,left
6.973,-473,260,left
7.053,-472,260,left
9.873,-342,340,left
9.945,-343,340,left
13.366,-326,207,left
13.458,-326,207,left
16.411,-382,1023,right
16.491,-382,1023,right
18.176,-11,1139,right
18.278,-11,1139,right
18.683,-109,1476,right
18.794,-127,1499,right
19.764,-1042,1760,right
19.889,-1042,1760,right
20.401,-1042,1760,left
20.500,-1042,1760,left
25.602,-1126,1875,left
25.701,-1126,1875,left
36.235,-1010,1772,right
36.358,-1009,1772,right
40.126,-996,1758,left
40.232,-996,1758,left
41.210,-1009,1760,left
41.294,-640,1024,left
41.801,-1018,1770,left
41.886,-1018,1770,left
42.370,-355,1354,right
42.477,-407,1305,right
42.567,-539,1333,right
42.666,-651,1257,right
42.755,-671,1256,right
42.860,-681,1267,right
42.960,-706,1255,right
43.049,-721,1224,right
43.148,-726,1218,right
43.230,-732,1226,right
43.359,-730,1332,right
43.437,-733,1338,right
43.556,-732,1378,right
43.651,-735,1393,right
44.181,-765,1309,right
44.246,-802,1271,right
44.358,-816,1223,right
44.455,-823,1127,right
44.569,-796,1017,right
44.673,-787,969,right
44.793,-755,909,right
44.885,-747,878,right
45.006,-623,833,right
45.106,-558,820,right
45.209,-368,839,right
45.327,-259,818,right
45.764,-294,977,right
45.856,-295,976,right
45.962,-365,930,right
46.074,-386,933,right
46.169,-399,931,right
46.281,-417,929,right
46.372,-453,916,right
46.490,-471,917,right
46.578,-471,902,right
46.718,-476,891,right
46.819,-474,883,right
46.925,-475,885,right
47.018,-477,880,right
47.121,-477,883,right
47.231,-475,880,right
47.328,-476,885,right
47.441,-451,923,right
47.549,-454,932,right
47.667,-454,946,right
47.747,-455,948,right
48.069,-395,1107,right
48.153,-394,1110,right
48.491,-371,1135,right
48.576,-372,1136,right
63.042,-1124,1880,right
63.152,-1123,1880,right
64.879,-1127,1878,left
65.009,-1127,1878,left
65.710,-613,1040,left
66.094,-640,1024,left
68.153,-220,964,right
68.285,-219,964,right
70.312,-402,854,right
70.416,-401,854,right
71.025,-463,719,right
71.142,-463,719,right
75.381,-522,514,right
75.500,-522,514,right
76.274,-521,528,right
76.402,-521,528,right
77.908,-594,1074,right
78.002,-594,1076,right
87.674,-778,1542,right
87.736,-778,1542,right
87.840,-707,1575,right
87.947,-710,1570,right
88.055,-661,1564,right
88.143,-651,1572,right
88.285,-534,1572,right
88.404,-501,1563,right
88.480,-511,1494,right
88.634,-626,1590,right
88.715,-659,1613,right
88.799,-651,1636,right
88.896,-619,1684,right
88.983,-647,1707,right
89.083,-675,1718,right
89.167,-675,1718,right
89.285,-696,1753,right
89.400,-706,1765,right
89.523,-714,1789,right
89.644,-716,1766,right
89.992,-579,1288,right
90.091,-580,1275,right
90.194,-593,1268,right
90.308,-644,1207,right
90.501,-724,1061,right
90.622,-799,978,right
90.731,-821,968,right
90.842,-842,928,right
91.125,-934,832,right
91.243,-978,795,right
91.777,-980,600,right
91.873,-985,560,right
92.230,-897,842,right
92.322,-937,831,right
92.419,-951,835,right
92.525,-965,836,right
92.709,-960,1044,right
92.823,-962,1066,right
92.916,-998,1000,right
93.026,-1045,906,right
93.123,-1045,898,right
93.234,-1045,898,right
93.641,-993,1084,right
93.744,-995,1100,right
93.858,-979,1127,right
93.956,-979,1128,right
94.067,-976,1169,right
94.184,-990,1168,right
95.872,-662,1098,right
95.973,-662,1094,right
96.710,-792,863,right
96.816,-803,840,right
96.926,-824,796,right
97.038,-843,722,right
97.232,-748,615,right
97.334,-742,610,right
97.446,-664,582,right
97.536,-659,553,right
97.654,-576,513,right
97.763,-415,531,right
97.978,-185,889,right
98.079,-224,898,right
98.181,-231,953,right
98.276,-254,983,right
98.390,-327,1190,right
98.499,-365,1214,right
100.527,-473,1567,right
100.634,-775,1373,right
100.704,-854,1379,right
100.816,-946,1334,right
100.893,-948,1322,right
101.001,-972,1313,right
101.097,-965,1317,right
101.198,-950,1327,right
101.295,-852,1502,right
101.398,-856,1510,right
101.497,-864,1516,right
101.591,-891,1510,right
101.703,-887,1518,right
101.802,-887,1519,right
101.920,-846,1592,right
102.009,-851,1589,right
102.151,-678,1767,right
102.260,-672,1770,right
102.395,-607,1739,right
102.500,-576,1709,right
102.863,-403,1688,right
102.931,-381,1686,right
103.592,-401,1546,right
103.697,-547,1260,right
103.783,-617,1115,right
103.882,-696,975,right
104.004,-714,945,right
104.115,-762,924,right
104.216,-772,913,right
104.319,-772,913,right
104.439,-772,911,right
104.544,-778,890,right
105.084,-327,1057,right
105.188,-451,993,right
105.271,-649,928,right
105.397,-779,892,right
105.478,-783,886,right
105.581,-791,888,right
105.756,-460,1418,right
105.879,-444,1442,right
105.954,-400,1572,right
106.069,-409,1611,right
107.370,-557,1205,right
107.467,-611,946,right
107.546,-645,800,right
107.660,-698,625,right
107.741,-727,544,right
107.846,-743,543,right
107.935,-744,542,right
108.040,-758,532,right
108.132,-772,526,right
108.245,-806,503,right
108.391,-888,431,right
108.533,-1068,296,right
108.862,-936,483,right
108.946,-986,423,right
109.342,-793,1237,right
109.440,-788,1245,right
109.838,-467,1517,right
109.926,-451,1520,right
110.022,-393,1565,right
110.127,-398,1568,right
111.025,-620,970,right
111.153,-722,769,right
111.783,-738,440,right
111.890,-792,346,right
112.281,-536,573,right
112.369,-534,576,right
112.488,-428,640,right
112.596,-427,641,right
112.702,-383,694,right
112.799,-377,709,right
112.894,-357,926,right
113.002,-349,967,right
114.717,-408,809,right
114.805,-501,764,right
114.912,-581,736,right
115.019,-608,755,right
115.136,-640,789,right
115.233,-570,836,right
115.332,-471,1055,right
115.435,-467,1066,right
115.529,-481,1157,right
115.634,-505,1191,right
115.736,-490,1348,right
115.842,-489,1362,right
116.027,-344,1564,right
116.118,-343,1565,right
116.895,-355,1288,right
116.976,-448,869,right
117.073,-472,833,right
117.166,-525,803,right
117.262,-553,704,right
117.357,-573,672,right
117.466,-570,659,right
117.562,-569,659,right
117.987,-306,1412,right
118.085,-374,1438,right
118.176,-403,1533,right
118.288,-427,1560,right
118.386,-440,1618,right
118.492,-473,1630,right
118.621,-480,1714,right
118.728,-462,1723,right
118.858,-434,1779,right
118.949,-435,1778,right
119.127,-504,1794,right
119.195,-512,1801,right
119.776,-497,1688,right
119.882,-630,1051,right
119.946,-713,758,right
120.071,-737,694,right
120.150,-738,682,right
120.259,-754,647,right
120.352,-772,617,right
120.458,-777,617,right
120.573,-769,627,right
120.689,-769,627,right
121.014,-467,1856,right
121.126,-471,1893,right
121.239,-407,1895,right
121.317,-384,1874,right
122.943,-464,1645,right
123.032,-540,1447,right
123.126,-603,1224,right
123.232,-789,960,right
123.426,-762,978,right
123.526,-758,982,right
123.700,-574,1684,right
123.751,-671,1662,right
123.914,-796,1508,right
123.999,-785,1516,right
124.090,-719,1826,right
124.198,-742,1841,right
124.687,-453,1898,right
124.717,-455,1898,right
126.244,-547,1254,right
126.338,-611,1201,right
126.442,-541,1067,right
126.533,-541,948,right
126.626,-520,938,right
126.735,-522,937,right
127.864,-584,1176,right
127.962,-708,1014,right
128.063,-909,904,right
128.144,-938,904,right
128.256,-964,904,right
128.392,-986,897,right
130.652,-695,1392,right
130.770,-851,1367,right
130.878,-885,1374,right
130.966,-905,1367,right
131.180,-931,845,right
131.286,-945,744,right
131.386,-943,728,right
131.496,-942,724,right
131.636,-811,687,right
131.735,-738,695,right
131.848,-542,841,right
131.940,-532,868,right
134.913,-1086,860,left
135.003,-1086,860,left
135.170,-530,1155,right
135.277,-474,1235,right
135.385,-463,1371,right
135.501,-448,1480,right
135.576,-468,1479,right
135.676,-514,1610,right
137.730,-609,1421,right
137.852,-885,1223,right
137.964,-875,1307,right
138.075,-892,1266,right
138.346,-807,1205,right
138.375,-811,1199,right
138.557,-602,1523,right
138.655,-584,1529,right
139.809,-462,1434,right
139.926,-847,896,right
140.017,-915,748,right
140.111,-997,605,right
140.213,-998,604,right
140.324,-997,604,right
140.415,-996,596,right
140.522,-1000,575,right
140.632,-1000,567,right
140.717,-1001,543,right
140.837,-978,538,right
140.940,-978,533,right
141.047,-980,522,right
141.169,-986,499,right
141.321,-986,489,right
141.434,-991,474,right
142.118,-796,371,right
142.211,-837,386,right
142.325,-929,532,right
142.426,-965,551,right
142.592,-900,717,right
142.680,-898,724,right
142.802,-851,899,right
142.918,-884,859,right
143.640,-934,367,right
143.783,-980,275,right
144.845,-758,310,right
144.965,-776,303,right
145.635,-649,764,right
145.735,-670,758,right
145.863,-670,783,right
145.949,-669,780,right
146.084,-708,805,right
146.177,-747,847,right
146.311,-716,947,right
146.402,-715,950,right
147.273,-604,1038,right
147.356,-718,483,right
147.460,-757,262,right
147.567,-786,160,right
148.140,-960,659,right
148.262,-1011,566,right
148.396,-957,658,right
148.489,-975,651,right
149.182,-733,1409,right
149.281,-758,1453,right
149.394,-719,1524,right
149.536,-745,1485,right
149.873,-606,1508,right
149.976,-594,1520,right
150.788,-648,1305,right
150.886,-772,1076,right
150.982,-760,875,right
151.110,-801,730,right
151.205,-829,681,right
151.320,-829,681,right
151.422,-792,722,right
151.528,-784,735,right
152.585,-640,1242,right
152.670,-796,519,right
152.748,-805,487,right
152.859,-810,492,right
152.955,-809,511,right
153.057,-811,511,right
153.160,-819,508,right
153.270,-833,491,right
153.361,-857,474,right
153.471,-859,481,right
153.573,-861,482,right
153.678,-861,479,right
153.766,-865,472,right
153.903,-865,473,right
153.980,-865,473,right
154.108,-865,473,right
154.651,-912,465,right
154.738,-913,470,right
155.117,-893,727,right
155.223,-895,731,right
155.330,-904,730,right
155.418,-896,734,right
155.604,-562,1048,right
155.705,-547,1062,right
155.817,-430,1320,right
155.909,-429,1320,right
157.241,-493,1166,right
157.377,-625,678,right
157.473,-674,586,right
157.583,-752,511,right
158.075,-432,691,right
158.132,-430,694,right
158.255,-416,927,right
158.367,-411,958,right
160.203,-508,1051,right
160.294,-629,831,right
160.405,-649,823,right
160.485,-642,925,right
160.641,-461,1327,right
160.754,-410,1299,right
160.853,-332,1266,right
160.955,-313,1281,right
161.043,-308,1324,right
161.118,-314,1333,right
161.207,-306,1364,right
161.322,-308,1361,right
161.458,-336,1353,right
161.568,-410,1175,right
161.677,-505,1058,right
161.799,-540,971,right
161.926,-543,855,right
162.031,-570,776,right
162.140,-584,734,right
162.249,-557,672,right
162.380,-468,632,right
162.491,-470,643,right
163.422,-452,938,right
163.517,-700,536,right
163.623,-782,431,right
163.735,-905,309,right
164.599,-912,299,right
164.727,-927,290,right
165.295,-924,628,right
165.402,-927,629,right
165.515,-935,710,right
165.620,-938,704,right
167.920,-403,1373,right
168.043,-759,793,right
168.128,-820,685,right
168.226,-923,608,right
168.335,-980,548,right
168.459,-1128,387,right
168.558,-1128,403,right
168.682,-1127,403,right
168.942,-675,1185,right
169.049,-678,1204,right
169.169,-581,1338,right
169.287,-563,1373,right
169.401,-540,1436,right
169.502,-539,1437,right
169.630,-492,1504,right
169.744,-491,1505,right
170.996,-361,1578,right
171.103,-437,1530,right
171.447,-386,1638,right
171.480,-383,1635,right
171.562,-351,1642,right
171.657,-351,1645,right
171.752,-342,1658,right
171.933,-349,1644,right
172.053,-348,1647,right
172.168,-352,1646,right
172.293,-324,1691,right
172.388,-321,1691,right
172.486,-318,1710,right
172.601,-318,1710,right
172.687,-316,1725,right
172.773,-316,1717,right
172.881,-327,1715,right
172.980,-326,1714,right
173.081,-321,1722,right
173.173,-323,1711,right
173.296,-232,1715,right
173.388,-235,1714,right
173.496,-256,1709,right
173.603,-407,1632,right
173.684,-564,1456,right
173.795,-887,1078,right
173.869,-907,1070,right
173.968,-909,1069,right
174.049,-909,1070,right
174.150,-909,1070,right
174.239,-908,1070,right
174.356,-925,1048,right
174.436,-941,1033,right
174.549,-952,1017,right
174.643,-951,1011,right
174.740,-959,994,right
174.840,-954,993,right
174.941,-959,957,right
175.045,-940,858,right
175.157,-934,769,right
175.253,-847,666,right
175.358,-817,566,right
176.389,-1101,951,left
176.481,-1101,950,left
176.790,-640,1069,right
176.885,-636,1070,right
177.012,-500,919,right
177.118,-506,855,right
177.219,-519,866,right
177.338,-545,840,right
177.517,-491,1157,right
177.618,-481,1166,right
177.729,-427,1336,right
177.827,-414,1343,right
177.961,-273,1505,right
178.091,-297,1507,right
178.229,-442,1500,right
178.360,-717,1322,right
178.452,-726,1316,right
178.562,-697,1344,right
178.662,-650,1441,right
178.769,-690,1399,right
179.395,-396,1719,right
179.486,-405,1749,right
179.568,-412,1814,right
179.674,-441,1755,right
179.767,-397,1760,right
179.889,-366,1750,right
179.978,-353,1690,right
180.096,-388,1567,right
180.164,-403,1537,right
180.277,-479,1391,right
180.371,-430,1414,right
180.474,-424,1410,right
180.554,-390,1407,right
180.660,-368,1423,right
180.767,-318,1482,right
180.865,-355,1535,right
180.976,-399,1668,right
181.084,-401,1686,right
181.170,-383,1723,right
181.279,-396,1721,right
181.424,-379,1801,right
181.495,-361,1842,right
181.582,-348,1891,right
181.686,-355,1905,right
181.783,-354,1956,right
181.893,-362,1948,right
181.985,-362,1948,right
182.079,-370,1944,right
182.161,-368,1939,right
182.262,-419,1876,right
182.342,-556,1688,right
182.461,-703,1348,right
182.547,-753,1229,right
182.665,-818,1148,right
183.969,-828,869,right
184.092,-863,650,right
184.174,-865,603,right
184.286,-873,576,right
184.382,-842,537,right
184.489,-841,513,right
184.811,-451,1069,right
184.915,-457,1087,right
185.026,-481,1218,right
185.123,-507,1200,right
185.233,-493,1544,right
185.337,-504,1499,right
185.693,-367,1015,right
185.837,-419,1015,right
187.446,-838,1711,right
187.541,-837,1768,right
187.671,-835,1781,right
187.766,-833,1765,right
188.525,-686,1640,right
188.597,-671,1583,right
188.731,-670,1588,right
188.818,-670,1597,right
188.941,-678,1635,right
189.050,-683,1648,right
190.432,-426,932,right
190.532,-421,929,right
191.796,-322,856,right
191.915,-226,449,right
191.990,-235,300,right
192.130,-384,0,right
192.215,-292,0,right
192.319,-0,12,right
193.583,-350,985,right
193.691,-540,748,right
193.773,-590,689,right
193.894,-730,510,right
197.684,-279,1136,right
197.784,-279,1134,right
197.878,-281,1132,right
197.979,-306,1102,right
198.069,-306,1102,right
198.148,-306,1103,right
198.264,-287,1124,right
198.356,-286,1114,right
198.456,-280,1106,right
198.576,-320,1002,right
198.666,-397,895,right
198.781,-459,791,right
198.855,-518,773,right
198.951,-530,766,right
199.050,-561,826,right
199.136,-562,828,right
199.229,-552,874,right
199.329,-571,822,right
199.418,-550,804,right
199.520,-549,803,right
199.605,-550,802,right
199.701,-549,801,right
199.781,-545,785,right
199.898,-549,754,right
199.993,-526,757,right
200.097,-528,759,right
200.190,-535,766,right
200.297,-540,764,right
200.389,-543,766,right
200.495,-546,767,right
200.574,-587,710,right
200.690,-771,472,right
200.773,-813,468,right
200.891,-876,361,right
200.965,-998,245,right
201.098,-1139,129,right
201.195,-1143,130,right
201.317,-1144,120,right
201.468,-1202,2,right
201.490,-1202,7,right
201.885,-498,1016,right
202.041,-498,1016,right
202.155,-497,971,right
202.252,-537,916,right
203.071,-1271,1343,left
203.184,-1268,1339,left
209.292,-715,280,left
209.388,-715,270,left
211.691,-718,360,left
211.757,-718,360,left
213.214,-382,993,right
213.318,-381,993,right
214.697,-1111,1849,right
214.814,-1115,1853,right
217.725,-1237,1964,left
217.819,-1236,1967,left
219.445,-1080,1759,left
219.550,-1080,1759,left
221.050,-1137,1840,left
221.151,-1137,1846,left
229.689,-636,1240,right
229.769,-643,1233,right
229.915,-634,1264,right
229.983,-633,1264,right
230.185,-626,1415,right
230.315,-624,1416,right
230.451,-589,1618,right
230.563,-593,1627,right
230.659,-593,1637,right
230.789,-603,1605,right
230.900,-637,1379,right
231.045,-597,1182,right
231.120,-567,1164,right
231.256,-549,1116,right
231.348,-541,1124,right
231.466,-546,1129,right
231.565,-561,1193,right
231.681,-562,1187,right
231.930,-699,1402,right
232.045,-690,1408,right
232.147,-701,1458,right
232.218,-706,1441,right
233.378,-582,1062,right
233.478,-582,1064,right
233.607,-578,1209,right
233.716,-570,1211,right
234.828,-761,1519,right
234.947,-758,1435,right
235.016,-758,1435,right
235.100,-750,1437,right
235.168,-686,1466,right
235.265,-731,1444,right
235.355,-745,1433,right
235.461,-748,1400,right
235.564,-717,1357,right
235.664,-722,1349,right
235.735,-733,1521,right
235.855,-710,1485,right
235.936,-682,1476,right
236.046,-682,1476,right
236.125,-658,1473,right
236.240,-653,1469,right
236.326,-640,1540,right
236.453,-634,1550,right
236.551,-629,1599,right
236.600,-605,1604,right
236.718,-520,1727,right
236.819,-521,1727,right
236.948,-521,1736,right
237.002,-519,1737,right
237.155,-476,1753,right
237.258,-479,1761,right
237.338,-469,1781,right
237.462,-469,1781,right
237.541,-454,1816,right
237.650,-455,1812,right
237.780,-456,1804,right
237.894,-458,1804,right
238.001,-510,1789,right
238.164,-825,1208,right
238.232,-826,1183,right
238.353,-869,877,right
238.435,-843,821,right
238.553,-849,789,right
238.627,-849,789,right
238.749,-853,777,right
238.833,-856,771,right
238.959,-886,753,right
239.712,-364,1953,right
239.822,-370,1918,right
239.967,-439,1584,right
240.085,-744,1006,right
240.175,-836,940,right
240.294,-967,704,right
240.387,-1025,632,right
240.496,-1035,606,right
240.602,-1023,543,right
240.726,-1029,518,right
240.864,-1035,512,right
240.990,-1049,480,right
241.338,-700,639,right
241.444,-700,640,right
243.833,-382,1522,right
243.929,-380,1533,right
244.016,-346,1688,right
244.119,-334,1691,right
244.691,-503,1559,right
244.785,-577,1635,right
244.881,-636,1669,right
244.995,-657,1671,right
245.091,-724,1757,right
245.192,-776,1774,right
245.273,-852,1850,right
245.369,-1005,1986,right
245.855,-665,1631,right
245.938,-696,1574,right
246.047,-716,1538,right
246.125,-722,1473,right
246.480,-627,1388,right
246.586,-631,1406,right
246.669,-629,1450,right
246.791,-636,1414,right
246.885,-629,1389,right
247.002,-652,1257,right
247.092,-701,1237,right
247.171,-715,1241,right
247.296,-696,1332,right
247.377,-695,1333,right
247.478,-639,1396,right
247.587,-639,1408,right
247.687,-587,1566,right
247.787,-588,1546,right
247.889,-595,1561,right
247.968,-596,1566,right
248.113,-588,1472,right
248.196,-595,1439,right
248.296,-603,1427,right
248.386,-604,1425,right
248.571,-629,1297,right
248.656,-630,1277,right
248.758,-623,1298,right
248.860,-601,1260,right
248.940,-628,1177,right
249.053,-906,519,right
249.150,-946,478,right
249.261,-950,490,right
249.345,-950,487,right
249.462,-968,481,right
249.530,-988,460,right
249.660,-1279,167,right
249.913,-845,427,right
250.004,-838,439,right
251.552,-1082,792,left
251.621,-1082,792,left
251.852,-268,519,right
251.967,-308,649,right
252.059,-315,863,right
252.174,-341,837,right
253.573,-246,1101,right
253.675,-253,1085,right
253.794,-265,1083,right
253.892,-275,1107,right
254.000,-299,1210,right
254.096,-300,1195,right
254.195,-352,1223,right
254.287,-338,1231,right
254.376,-270,1238,right
254.491,-241,1237,right
254.573,-228,1253,right
254.684,-228,1251,right
254.757,-229,1254,right
254.880,-236,1252,right
254.945,-247,1256,right
255.072,-298,1258,right
255.152,-337,1252,right
255.253,-342,1248,right
255.330,-332,1242,right
255.442,-332,1222,right
255.554,-322,1243,right
255.623,-284,1227,right
255.715,-246,1214,right
255.816,-228,1217,right
255.914,-180,1251,right
256.012,-170,1255,right
256.266,-261,1106,right
256.365,-317,947,right
256.443,-371,902,right
256.564,-458,742,right
256.643,-502,686,right
256.744,-500,684,right
256.849,-422,690,right
256.946,-434,700,right
257.039,-431,691,right
257.159,-424,658,right
257.270,-401,642,right
257.371,-400,642,right
257.475,-400,643,right
257.579,-399,645,right
257.728,-400,646,right
257.824,-399,645,right
257.929,-400,645,right
258.035,-401,643,right
259.541,-389,581,right
259.662,-398,495,right
259.773,-463,395,right
259.879,-329,188,right
259.985,-272,146,right
260.105,-261,0,right
260.646,-282,1564,right
260.768,-358,1419,right
260.846,-416,1371,right
260.942,-440,1370,right
261.045,-458,1390,right
261.157,-460,1392,right
261.793,-329,1556,right
261.892,-372,1500,right
261.978,-373,1511,right
262.078,-213,1682,right
262.519,-635,629,right
262.634,-669,628,right
262.742,-665,720,right
262.837,-690,681,right
263.046,-720,1195,right
263.163,-772,1178,right
263.273,-802,1225,right
263.368,-807,1194,right
264.037,-1040,1799,left
264.130,-1040,1796,left
265.936,-977,871,right
266.017,-977,870,right
267.015,-1138,1892,right
267.137,-1127,1885,right
267.393,-1108,1884,right
267.484,-1107,1883,right
267.670,-1120,1886,left
267.782,-1119,1886,left
268.432,-536,1382,right
268.531,-685,1298,right
268.624,-611,1426,right
268.723,-571,1443,right
271.227,-469,1740,right
271.333,-468,1740,right
271.432,-431,1747,right
271.544,-435,1722,right
271.618,-440,1707,right
271.733,-439,1685,right
271.791,-427,1652,right
271.925,-481,1646,right
272.015,-616,1661,right
272.124,-637,1615,right
272.202,-642,1615,right
272.316,-703,1523,right
272.402,-702,1508,right
272.497,-677,1487,right
272.585,-623,1424,right
272.691,-618,1440,right
272.774,-648,1584,right
272.901,-704,1560,right
272.976,-756,1516,right
273.093,-783,1521,right
273.178,-738,1460,right
273.279,-753,1395,right
273.366,-722,1221,right
273.470,-730,1141,right
273.550,-716,1070,right
273.665,-737,934,right
273.737,-757,893,right
273.865,-839,819,right
273.944,-906,827,right
274.052,-918,839,right
274.487,-775,1470,right
274.581,-808,1450,right
274.670,-780,1475,right
274.789,-805,1472,right
274.879,-755,1461,right
274.994,-728,1456,right
275.064,-694,1446,right
275.169,-694,1448,right
275.261,-714,1485,right
275.374,-716,1404,right
275.467,-686,1429,right
275.557,-678,1418,right
275.734,-477,1289,right
275.844,-432,1385,right
275.966,-345,1350,right
276.069,-336,1341,right
276.152,-315,1319,right
276.261,-298,1280,right
276.358,-260,1283,right
276.474,-281,1286,right
276.563,-323,1293,right
276.642,-320,1325,right
276.755,-297,1464,right
276.865,-303,1477,right
276.974,-320,1562,right
277.081,-355,1579,right
277.173,-365,1591,right
277.276,-377,1600,right
277.417,-412,1761,right
277.510,-384,1729,right
277.590,-396,1777,right
277.711,-395,1772,right
277.795,-394,1786,right
277.903,-393,1778,right
277.987,-398,1780,right
278.089,-403,1770,right
278.417,-428,1748,right
278.471,-424,1748,right
278.588,-605,1643,right
278.687,-903,1330,right
278.771,-979,1193,right
278.881,-981,979,right
278.964,-987,897,right
279.099,-939,776,right
279.164,-934,767,right
279.321,-940,750,right
279.392,-940,750,right
279.525,-989,704,right
279.593,-1040,675,right
279.734,-1279,394,right
280.087,-764,1015,right
280.215,-850,944,right
280.308,-882,871,right
280.418,-889,848,right
281.114,-449,1138,right
281.213,-727,892,right
281.296,-785,867,right
281.404,-994,685,right
281.476,-986,668,right
281.585,-989,660,right
281.725,-772,879,right
281.824,-691,999,right
281.920,-678,1177,right
282.060,-752,1228,right
282.146,-650,1295,right
282.248,-688,1153,right
282.301,-640,1187,right
282.409,-742,1067,right
282.476,-704,1011,right
282.592,-952,537,right
282.647,-954,516,right
282.765,-1027,348,right
282.833,-1036,333,right
282.958,-1104,250,right
283.033,-1099,238,right
283.145,-1102,246,right
283.239,-1096,243,right
283.358,-1095,249,right
283.434,-1103,236,right
283.563,-1144,148,right
283.987,-720,920,right
284.074,-768,918,right
284.188,-830,770,right
284.283,-828,760,right
286.262,-1116,799,right
286.382,-1116,791,right
286.697,-1077,784,left
286.782,-1077,784,left
287.754,-1269,1301,left
287.795,-1269,1300,left
289.279,-386,1319,right
289.385,-382,1317,right
296.453,-1206,1920,right
296.557,-1206,1917,right
297.022,-762,643,right
297.143,-765,653,right
302.156,-411,1252,right
302.271,-412,1255,right
302.375,-410,1238,right
302.462,-431,1223,right
302.555,-411,1247,right
302.672,-423,1261,right
302.751,-424,1272,right
302.895,-506,1307,right
302.928,-527,1324,right
303.057,-546,1359,right
303.142,-502,1319,right
303.259,-509,1309,right
303.345,-538,1297,right
303.464,-583,1238,right
303.527,-610,1211,right
303.629,-603,1241,right
303.720,-557,1238,right
303.824,-541,1242,right
303.911,-503,1256,right
304.008,-504,1268,right
304.108,-498,1285,right
304.220,-498,1293,right
304.343,-498,1295,right
304.465,-499,1301,right
304.584,-491,1328,right
304.699,-492,1327,right
304.802,-513,1310,right
304.890,-521,1292,right
305.007,-490,1328,right
305.101,-489,1332,right
305.227,-533,1317,right
305.345,-808,1091,right
305.428,-838,1087,right
305.526,-906,990,right
305.605,-935,950,right
305.724,-942,877,right
305.800,-944,835,right
305.918,-925,787,right
306.231,-591,637,right
306.341,-605,614,right
306.435,-604,605,right
306.534,-609,584,right
306.634,-610,583,right
306.742,-610,583,right
307.138,-674,645,right
307.242,-674,646,right
307.476,-693,665,right
307.583,-694,675,right
310.991,-468,930,right
311.104,-465,930,right
311.187,-466,922,right
311.293,-464,924,right
312.189,-477,1019,right
312.295,-477,1019,right
313.091,-323,1054,right
313.216,-329,1020,right
313.577,-314,872,right
313.669,-306,866,right
313.767,-274,863,right
313.876,-277,851,right
314.815,-383,1121,right
314.940,-489,1323,right
314.993,-503,1339,right
315.112,-658,1428,right
315.188,-684,1666,right
315.311,-758,2047,right
316.221,-229,1704,right
316.324,-229,1704,right
316.440,-232,1694,right
316.588,-232,1697,right
316.733,-232,1697,right
316.852,-239,1672,right
318.100,-536,709,right
318.188,-602,444,right
318.282,-606,427,right
318.383,-612,387,right
318.481,-609,327,right
318.604,-576,159,right
319.306,-773,922,right
319.406,-835,938,right
319.516,-921,1021,right
319.624,-947,1019,right
319.746,-977,1028,right
319.867,-979,1029,right
320.231,-1015,1184,right
320.331,-1017,1186,right
320.444,-1034,1208,right
320.550,-1039,1200,right
320.928,-1001,1007,right
321.053,-1131,926,right
321.343,-1010,1322,right
321.471,-1002,1340,right
321.548,-1005,1340,right
321.682,-1061,1340,right
322.231,-791,1393,right
322.322,-803,1361,right
322.424,-873,1407,right
322.534,-893,1439,right
323.315,-999,1182,right
323.432,-999,1182,right
324.092,-715,801,right
324.193,-645,645,right
324.269,-645,645,right
324.378,-657,624,right
324.475,-653,601,right
324.600,-652,565,right
324.944,-410,571,right
325.055,-410,571,right
325.176,-411,573,right
325.317,-412,563,right
326.401,-316,669,right
326.504,-347,678,right
326.613,-355,615,right
326.722,-354,535,right
326.848,-362,528,right
326.870,-367,534,right
327.016,-768,1069,right
327.109,-787,1181,right
327.193,-783,1211,right
327.306,-859,1137,right
327.808,-716,1026,right
327.890,-693,991,right
328.016,-394,864,right
328.137,-338,856,right
328.203,-336,867,right
328.293,-375,901,right
328.367,-357,985,right
328.486,-363,994,right
328.566,-366,1001,right
328.676,-370,1000,right
328.756,-360,1002,right
328.834,-360,1007,right
328.945,-363,1104,right
329.051,-368,1131,right
329.104,-373,1142,right
329.226,-480,1256,right
329.297,-452,1284,right
329.406,-455,1326,right
329.483,-421,1366,right
329.619,-465,1359,right
329.669,-512,1333,right
329.769,-553,1346,right
329.863,-536,1366,right
329.968,-528,1372,right
330.059,-634,1470,right
330.178,-627,1420,right
330.254,-625,1379,right
330.381,-741,1430,right
330.460,-724,1410,right
330.603,-725,1244,right
330.642,-742,1203,right
330.754,-744,1203,right
330.833,-744,1205,right
330.939,-774,1232,right
331.008,-771,1239,right
331.117,-790,1219,right
331.205,-818,1205,right
331.317,-822,1198,right
331.407,-814,1209,right
331.503,-814,1210,right
331.602,-816,1212,right
331.697,-815,1212,right
331.787,-814,1244,right
331.889,-816,1214,right
331.979,-813,1210,right
332.090,-813,1209,right
332.188,-810,1220,right
332.287,-813,1211,right
332.418,-791,1379,right
332.500,-800,1429,right
332.634,-802,1464,right
332.715,-797,1470,right
332.823,-721,1536,right
332.943,-710,1486,right
333.027,-708,1483,right
333.130,-709,1474,right
333.248,-700,1460,right
333.367,-706,1449,right
333.456,-702,1452,right
333.572,-703,1448,right
333.666,-702,1444,right
333.766,-702,1440,right
333.869,-710,1437,right
333.967,-737,1319,right
334.059,-735,1202,right
334.155,-806,1015,right
334.247,-823,967,right
334.354,-866,815,right
334.457,-863,829,right
334.580,-895,814,right
335.097,-717,1449,right
335.201,-718,1442,right
335.288,-723,1440,right
335.394,-735,1317,right
335.461,-737,1198,right
335.581,-771,931,right
335.659,-767,863,right
335.770,-794,864,right
336.713,-1269,1312,left
336.798,-1268,1312,left
346.383,-1193,1915,left
346.502,-1193,1917,left
348.121,-940,1608,right
348.223,-946,1605,right
350.479,-833,1038,right
350.582,-837,1033,right
350.652,-838,1035,right
350.751,-857,1039,right
350.838,-857,1037,right
350.949,-858,1034,right
353.209,-974,1077,right
353.322,-974,1077,right
353.435,-974,1077,right
353.542,-974,1077,right
363.114,-1131,1889,right
363.225,-1125,1887,right
363.420,-1106,1891,left
363.531,-1106,1891,left
369.576,-636,725,right
369.678,-632,712,right
369.765,-604,708,right
369.861,-624,699,right
369.933,-624,703,right
370.037,-626,748,right
370.092,-631,739,right
370.214,-657,739,right
370.283,-662,721,right
370.414,-662,721,right
370.501,-662,719,right
370.596,-662,719,right
370.669,-662,719,right
370.766,-662,719,right
370.841,-662,718,right
370.960,-666,715,right
371.047,-665,712,right
371.163,-665,711,right
371.239,-665,712,right
371.356,-666,712,right
371.438,-670,718,right
371.543,-709,661,right
371.630,-742,612,right
371.721,-838,401,right
371.805,-860,373,right
371.912,-903,314,right
372.002,-903,325,right
372.108,-908,307,right
372.192,-905,267,right
372.300,-913,210,right
372.395,-913,199,right
372.509,-928,156,right
372.587,-929,130,right
372.719,-977,0,right
372.788,-1100,0,right
372.907,-1224,6,right
372.998,-1113,132,right
373.121,-1142,110,right
373.197,-1158,122,right
373.317,-1258,47,right
374.371,-1270,1285,left
374.449,-1270,1284,left
375.595,-361,1170,right
375.685,-360,1170,right
381.739,-1058,1769,left
381.850,-1058,1769,left
387.121,-171,854,right
387.207,-171,854,right
387.303,-172,854,right
387.393,-172,855,right
387.496,-174,856,right
387.615,-173,855,right
389.491,-1255,1357,left
389.583,-1255,1357,left
390.433,-335,306,right
390.546,-334,306,right
390.730,-350,364,right
390.845,-352,371,right
391.053,-348,354,right
391.156,-347,354,right
402.073,-597,923,right
402.202,-597,923,right
408.707,-435,1096,right
408.796,-437,1097,right
408.896,-437,1100,right
408.984,-441,1100,right
409.094,-441,1100,right
409.225,-441,1099,right
415.442,-694,972,right
415.534,-697,972,right
415.633,-697,972,right
415.715,-697,972,right
416.093,-696,883,right
416.175,-696,883,right
417.330,-1099,1031,left
417.421,-1100,1031,left
417.860,-414,996,right
417.954,-371,1022,right
418.042,-336,1080,right
418.151,-341,1085,right
418.695,-243,1604,right
418.803,-243,1604,right
419.424,-233,1371,right
419.528,-233,1371,right
420.626,-1002,1389,right
420.711,-1084,1310,right
420.800,-1080,1305,right
420.902,-1117,1248,right
421.292,-856,1046,right
421.390,-883,1001,right
421.496,-909,1048,right
421.610,-930,1107,right
421.691,-933,1132,right
421.818,-937,1138,right
421.901,-949,1145,right
422.022,-974,1150,right
423.020,-451,944,right
423.111,-438,945,right
423.204,-293,898,right
423.341,-0,927,right
423.752,-150,1570,right
423.875,-172,1512,right
424.907,-477,1290,right
424.993,-477,1289,right
425.125,-493,1293,right
425.227,-494,1292,right
425.942,-514,1412,right
426.046,-516,1411,right
427.382,-494,1448,right
427.474,-494,1448,right
427.601,-496,1444,right
427.709,-502,1426,right
427.842,-504,1425,right
427.915,-504,1425,right
428.049,-504,1431,right
428.133,-504,1431,right
429.703,-545,1262,right
429.780,-547,1245,right
429.879,-544,1233,right
429.964,-533,1219,right
430.053,-522,1199,right
430.154,-526,1183,right
430.236,-526,1182,right
430.339,-532,1165,right
430.428,-543,1153,right
430.520,-568,1110,right
430.621,-614,1080,right
430.723,-685,1022,right
430.819,-704,1024,right
430.915,-730,962,right
431.570,-603,1010,right
431.689,-603,1010,right
433.868,-579,965,right
433.973,-605,931,right
434.083,-638,908,right
434.164,-687,840,right
434.258,-760,693,right
434.367,-760,612,right
435.429,-544,1028,right
435.496,-544,1030,right
435.600,-554,1036,right
435.691,-555,1034,right
435.786,-565,1048,right
435.866,-568,1041,right
435.973,-568,1050,right
436.085,-567,1050,right
436.935,-587,991,right
437.029,-656,848,right
437.101,-673,798,right
437.218,-729,670,right
437.332,-725,659,right
437.400,-720,663,right
440.822,-536,1334,right
440.913,-536,1333,right
441.823,-683,948,right
441.913,-742,760,right
442.029,-749,764,right
442.124,-747,764,right
442.226,-744,756,right
442.341,-860,643,right
442.692,-788,1036,right
442.779,-783,1026,right
442.901,-787,1043,right
442.999,-779,1053,right
443.143,-549,1114,right
443.260,-548,1115,right
443.368,-492,1096,right
443.470,-479,1073,right
443.581,-467,1043,right
443.670,-457,941,right
443.777,-437,907,right
443.886,-426,863,right
444.388,-337,989,right
444.468,-345,980,right
444.693,-411,762,right
444.779,-413,741,right
444.894,-400,718,right
444.977,-394,697,right
445.155,-238,1208,right
445.281,-237,1209,right
445.453,-243,1382,right
445.513,-243,1385,right
445.674,-235,1524,right
445.769,-231,1521,right
445.958,-233,1529,right
446.052,-230,1519,right
453.441,-615,1500,right
453.557,-614,1502,right
454.072,-509,1524,right
454.204,-527,1510,right
454.295,-528,1510,right
454.416,-528,1506,right
454.760,-619,1511,right
454.888,-619,1509,right
455.425,-623,1456,right
455.519,-683,1284,right
455.602,-706,1220,right
455.709,-805,895,right
455.788,-814,789,right
455.905,-820,694,right
455.986,-816,659,right
456.097,-823,620,right
456.189,-825,595,right
456.308,-830,566,right
456.403,-829,559,right
456.519,-830,541,right
456.616,-829,538,right
456.731,-831,522,right
457.248,-812,473,right
457.375,-814,473,right
457.465,-814,473,right
457.567,-821,457,right
459.240,-710,587,right
459.333,-727,541,right
460.187,-505,817,right
460.292,-511,794,right
460.419,-505,723,right
460.513,-492,714,right
462.255,-1091,799,left
462.347,-1091,799,left
463.019,-524,913,right
463.111,-524,910,right
463.237,-524,910,right
463.344,-527,907,right
463.654,-572,977,right
463.753,-573,984,right
464.107,-558,884,right
464.203,-566,835,right
464.326,-560,830,right
464.423,-559,830,right
464.535,-536,864,right
464.636,-532,868,right
464.742,-475,1063,right
464.863,-463,1086,right
466.022,-595,1613,right
466.096,-593,1613,right
466.207,-580,1624,right
466.296,-581,1612,right
466.633,-608,1684,right
466.717,-609,1688,right
466.828,-611,1688,right
466.928,-611,1690,right
467.039,-613,1687,right
467.143,-615,1690,right
467.254,-616,1689,right
467.352,-616,1688,right
467.455,-618,1687,right
467.539,-618,1688,right
468.021,-618,1689,right
468.105,-618,1689,right
468.365,-618,1689,right
468.462,-618,1689,right
470.697,-586,1587,right
470.778,-584,1584,right
471.124,-575,1554,right
471.226,-575,1554,right
472.491,-392,1580,right
472.599,-393,1576,right
473.898,-395,1565,right
474.026,-395,1565,right
475.554,-537,943,right
475.643,-613,760,right
475.732,-635,723,right
475.835,-681,643,right
475.906,-708,592,right
476.018,-775,469,right
476.111,-787,450,right
476.211,-796,437,right
476.289,-796,436,right
476.403,-796,436,right
476.499,-797,435,right
476.604,-812,411,right
476.709,-827,391,right
476.805,-878,315,right
476.896,-899,305,right
477.034,-916,293,right
477.133,-932,289,right
477.251,-934,285,right
477.333,-934,285,right
477.469,-947,260,right
477.576,-972,237,right
477.709,-985,207,right
477.816,-987,193,right
477.945,-1094,0,right
478.238,-1014,530,right
478.339,-1022,517,right
479.148,-715,576,right
479.253,-719,555,right
479.368,-720,547,right
479.486,-740,499,right
480.289,-697,397,right
480.402,-701,381,right
481.027,-812,632,right
481.112,-792,677,right
481.223,-713,821,right
481.312,-699,846,right
483.545,-762,671,right
483.628,-770,640,right
483.915,-968,236,right
484.022,-848,417,right
484.294,-944,345,right
484.375,-944,344,right
484.723,-881,721,right
484.812,-876,747,right
484.914,-802,1025,right
485.024,-800,1058,right
485.138,-799,1061,right
485.265,-799,1061,right
485.481,-774,510,right
485.591,-827,379,right
485.670,-899,237,right
485.794,-1279,0,right
486.007,-967,608,right
486.108,-964,602,right
486.211,-937,521,right
486.311,-954,457,right
486.739,-760,541,right
486.852,-760,542,right
487.962,-1054,403,right
488.098,-981,453,right
488.591,-785,455,right
488.698,-799,449,right
489.431,-764,516,right
489.548,-772,514,right
491.323,-722,1161,right
491.421,-767,1247,right
491.514,-802,1404,right
491.633,-918,1514,right
491.704,-958,1601,right
491.847,-1036,1677,right
491.960,-1052,1675,right
492.072,-1062,1677,right
492.158,-1087,1684,right
492.282,-1095,1687,right
492.477,-1093,1687,right
492.558,-1093,1686,right
493.033,-610,1543,right
493.133,-610,1543,right
493.234,-605,1532,right
493.334,-597,1477,right
493.430,-596,1434,right
493.524,-609,1400,right
493.609,-587,1400,right
493.709,-588,1398,right
493.785,-567,1344,right
493.826,-566,1344,right
493.888,-518,1353,right
493.925,-503,1344,right
493.984,-503,1347,right
494.103,-510,1359,right
494.160,-509,1359,right
494.282,-506,1355,right
494.351,-506,1355,right
494.482,-588,1265,right
494.555,-585,1251,right
494.679,-594,1231,right
494.763,-622,1239,right
494.889,-636,1215,right
494.946,-635,1212,right
495.087,-689,1139,right
495.155,-689,1138,right
495.265,-688,1138,right
495.355,-688,1138,right
495.463,-688,1138,right
495.559,-687,1138,right
495.629,-666,1132,right
495.804,-565,1167,right
495.865,-553,1165,right
495.942,-546,1165,right
496.078,-556,1140,right
496.167,-551,1143,right
496.283,-547,1142,right
496.364,-547,1141,right
496.453,-556,1132,right
496.541,-556,1135,right
496.647,-556,1135,right
496.721,-556,1135,right
496.832,-556,1135,right
496.927,-556,1135,right
497.024,-556,1140,right
497.162,-519,1271,right
497.261,-497,1303,right
497.382,-452,1331,right
497.459,-419,1344,right
497.547,-371,1385,right
497.658,-370,1382,right
497.740,-354,1403,right
497.829,-373,1385,right
497.940,-355,1434,right
498.039,-351,1428,right
498.126,-345,1444,right
498.215,-345,1446,right
498.933,-526,1304,right
499.033,-552,1218,right
499.123,-565,1195,right
499.232,-599,1135,right
499.322,-589,1139,right
499.430,-587,1140,right
499.483,-587,1138,right
499.563,-591,1133,right
499.648,-591,1133,right
499.757,-627,1115,right
499.833,-627,1117,right
499.934,-641,1089,right
499.989,-641,1089,right
500.125,-646,1090,right
500.187,-646,1089,right
500.305,-647,1091,right
500.385,-646,1090,right
500.493,-647,1092,right
500.596,-629,1133,right
500.725,-629,1132,right
500.793,-620,1173,right
500.904,-624,1145,right
500.997,-602,1168,right
501.115,-608,1154,right
501.218,-597,1147,right
501.303,-597,1150,right
501.413,-584,1155,right
501.499,-584,1155,right
501.625,-572,1169,right
501.717,-572,1169,right
501.823,-572,1169,right
501.916,-572,1167,right
502.040,-572,1168,right
502.121,-572,1167,right
504.151,-1251,1297,left
504.220,-1251,1297,left
505.120,-283,1170,right
505.256,-283,1170,right
515.952,-1128,1904,left
516.076,-1128,1904,left
524.790,-874,1551,right
524.890,-873,1551,right
524.968,-873,1551,right
525.071,-875,1547,right
525.163,-878,1547,right
525.268,-885,1547,right
525.353,-887,1547,right
525.453,-890,1546,right
525.551,-890,1545,right
525.657,-896,1529,right
526.264,-824,634,right
526.354,-814,560,right
526.455,-784,482,right
526.566,-786,478,right
526.676,-785,478,right
526.789,-783,453,right
526.912,-783,448,right
527.031,-790,407,right
527.908,-700,523,right
528.021,-700,521,right
528.126,-688,525,right
528.238,-688,525,right
528.366,-677,529,right
528.477,-479,190,right
528.882,-56,810,right
528.964,-79,814,right
529.079,-257,911,right
529.193,-355,866,right
530.579,-536,858,right
530.696,-539,754,right
530.783,-529,686,right
530.898,-533,0,right
531.405,-449,506,right
531.504,-447,507,right
531.600,-452,501,right
531.707,-482,449,right
531.798,-481,431,right
531.911,-499,375,right
532.336,-452,637,right
532.448,-452,659,right
532.579,-397,661,right
532.673,-395,663,right
532.779,-377,709,right
532.878,-363,717,right
533.008,-300,820,right
533.101,-299,815,right
533.214,-237,869,right
533.327,-238,863,right
533.425,-263,852,right
533.551,-266,831,right
533.635,-266,829,right
533.740,-275,808,right
533.840,-277,848,right
533.922,-278,855,right
534.018,-235,951,right
534.133,-245,932,right
534.229,-267,913,right
534.356,-296,883,right
534.441,-360,895,right
534.557,-363,877,right
534.662,-346,926,right
534.762,-326,961,right
534.860,-254,1054,right
534.969,-229,1042,right
535.033,-183,1126,right
535.138,-182,1122,right
535.218,-180,1126,right
535.328,-190,1119,right
535.405,-189,1155,right
535.507,-193,1167,right
535.586,-189,1202,right
535.712,-187,1172,right
535.788,-184,1187,right
535.892,-128,1291,right
537.036,-501,1197,right
537.101,-502,1197,right
537.207,-503,1199,right
537.295,-519,1165,right
537.418,-477,1181,right
537.512,-475,1213,right
537.599,-451,1256,right
537.715,-468,1234,right
537.806,-422,1210,right
537.902,-419,1210,right
537.992,-451,1180,right
538.099,-559,1031,right
538.198,-540,1063,right
538.302,-556,1066,right
538.381,-563,1094,right
538.542,-572,1034,right
538.602,-625,974,right
538.687,-637,980,right
538.760,-637,981,right
538.856,-637,988,right
538.953,-630,942,right
539.053,-708,740,right
539.128,-741,709,right
539.435,-778,643,right
539.487,-777,637,right
539.589,-855,542,right
539.689,-875,648,right
539.807,-882,669,right
539.873,-881,649,right
539.967,-889,640,right
540.057,-912,570,right
540.162,-912,565,right
540.255,-916,524,right
540.364,-921,519,right
540.449,-1080,334,right
540.489,-1182,247,right
540.721,-883,486,right
540.849,-882,486,right
540.938,-852,475,right
541.047,-847,506,right
541.110,-838,505,right
541.215,-839,509,right
541.305,-842,519,right
541.390,-845,527,right
541.468,-846,533,right
541.569,-882,551,right
541.650,-871,531,right
541.757,-899,570,right
541.833,-902,593,right
541.967,-938,605,right
542.070,-935,600,right
542.128,-958,607,right
542.490,-955,330,right
542.591,-961,333,right
542.670,-975,372,right
542.786,-1041,312,right
542.855,-1048,196,right
542.988,-1125,157,right
543.078,-1124,136,right
543.213,-1147,107,right
543.424,-1206,262,right
543.560,-1046,702,right
543.649,-1053,714,right
543.781,-1119,510,right
543.870,-1109,515,right
543.985,-1115,514,right
544.083,-1114,492,right
544.211,-1135,466,right
545.261,-541,929,right
545.329,-549,896,right
545.481,-651,684,right
545.601,-720,324,right
545.682,-742,300,right
545.794,-774,254,right
546.596,-1082,943,left
546.692,-1082,943,left
546.856,-730,951,right
546.966,-550,971,right
547.055,-459,999,right
547.189,-418,1027,right
548.207,-633,757,right
548.310,-638,745,right
548.424,-674,700,right
548.525,-705,629,right
548.695,-703,659,right
548.799,-688,798,right
548.887,-703,878,right
548.998,-702,882,right
549.105,-696,914,right
549.220,-696,915,right
549.545,-509,1303,right
549.677,-529,1294,right
550.484,-674,938,right
550.590,-790,373,right
550.671,-821,318,right
550.788,-904,208,right
550.862,-940,166,right
550.994,-1279,0,right
551.280,-820,667,right
551.386,-810,676,right
551.471,-846,625,right
551.586,-930,523,right
551.929,-889,477,right
552.047,-907,473,right
552.495,-1009,453,right
552.623,-1027,453,right
553.111,-868,504,right
553.241,-855,549,right
553.658,-891,454,right
553.795,-934,433,right
554.670,-917,319,right
554.788,-917,319,right
563.730,-1255,1322,left
563.816,-1255,1322,left
565.131,-331,343,left
565.219,-331,342,left
566.586,-164,1159,right
566.711,-164,1159,right
568.135,-1224,1955,right
568.249,-1224,1954,right
568.460,-1224,1954,right
568.566,-1224,1954,right
568.995,-1224,1954,left
569.078,-1224,1954,left
588.999,-648,1599,right
589.109,-650,1584,right
589.287,-636,1568,right
589.407,-629,1555,right
589.554,-590,1428,right
589.662,-570,1231,right
589.773,-510,1198,right
589.868,-418,1161,right
590.796,-728,939,right
590.919,-731,939,right
591.069,-733,930,right
591.191,-733,930,right
592.854,-650,1082,right
592.961,-651,1082,right
593.333,-883,621,right
593.450,-883,620,right
593.550,-881,610,right
593.669,-880,606,right
594.137,-700,915,right
594.237,-671,992,right
594.327,-671,1000,right
594.438,-693,1038,right
594.518,-635,1104,right
594.640,-552,1131,right
594.730,-347,1234,right
594.833,-277,1199,right
594.919,-209,1226,right
595.026,-236,1202,right
596.979,-343,1777,right
597.076,-476,1689,right
597.154,-641,1514,right
597.259,-845,1228,right
597.335,-893,1168,right
597.460,-1018,1058,right
597.533,-1043,1049,right
597.635,-1062,1027,right
597.734,-1084,1019,right
597.828,-1132,1045,right
598.373,-842,1134,right
598.474,-853,1150,right
598.590,-844,1167,right
598.714,-847,1142,right
599.001,-853,1053,right
599.111,-886,994,right
599.198,-913,914,right
599.315,-963,808,right
599.955,-521,1114,right
600.026,-521,1114,right
600.137,-512,1130,right
600.232,-512,1130,right
600.323,-512,1130,right
600.437,-513,1125,right
600.573,-514,1125,right
600.651,-519,1119,right
600.766,-656,963,right
600.856,-885,677,right
600.941,-941,603,right
601.048,-955,545,right
601.131,-957,537,right
601.248,-964,504,right
601.357,-960,394,right
601.476,-1027,169,right
602.313,-873,379,right
602.412,-887,328,right
603.539,-684,1182,right
603.719,-683,1181,right
603.830,-669,1199,right
603.928,-664,1199,right
604.017,-622,1163,right
604.143,-599,1103,right
604.205,-600,1108,right
604.313,-624,1123,right
604.385,-632,1155,right
604.499,-663,1124,right
604.577,-662,1120,right
604.682,-678,1050,right
604.787,-654,1045,right
604.883,-629,1036,right
604.979,-586,1012,right
605.065,-588,975,right
605.186,-600,823,right
605.262,-601,775,right
605.347,-511,955,right
605.452,-515,967,right
605.536,-512,998,right
605.635,-490,982,right
605.720,-479,989,right
605.820,-527,920,right
605.900,-538,793,right
606.025,-657,344,right
606.099,-662,325,right
606.208,-779,101,right
606.274,-778,77,right
606.385,-780,75,right
606.478,-742,106,right
606.592,-794,61,right
606.660,-877,0,right
606.787,-1116,13,right
606.893,-1017,172,right
607.004,-1005,176,right
607.083,-979,139,right
607.214,-1022,97,right
607.304,-1041,39,right
607.423,-1153,0,right
607.690,-896,552,right
607.792,-900,520,right
607.885,-882,368,right
608.003,-926,259,right
611.949,-1241,1278,left
612.042,-1241,1278,left
618.872,-600,223,left
618.989,-600,223,left
620.212,-373,1294,right
620.317,-373,1293,right
628.492,-999,1884,left
628.586,-993,1880,left
633.879,-519,842,right
634.001,-636,542,right
634.045,-654,504,right
634.165,-722,369,right
634.249,-653,350,right
634.371,-589,304,right
634.441,-561,282,right
634.572,-579,192,right
634.636,-578,184,right
634.766,-580,175,right
635.297,-676,754,right
635.402,-750,698,right
635.502,-678,574,right
635.603,-670,373,right
635.682,-553,174,right
635.805,-536,158,right
635.848,-536,148,right
635.972,-556,64,right
636.054,-530,0,right
636.164,-547,2,right
636.245,-545,0,right
636.361,-566,100,right
636.439,-568,136,right
636.553,-601,152,right
636.631,-615,162,right
636.740,-615,162,right
636.822,-612,155,right
636.931,-620,139,right
637.019,-617,123,right
637.134,-623,117,right
637.232,-628,125,right
637.345,-678,91,right
637.431,-683,82,right
637.542,-693,77,right
637.673,-668,336,right
637.828,-732,88,right
637.935,-715,97,right
638.009,-718,87,right
638.187,-657,678,right
638.301,-659,671,right
638.392,-618,677,right
638.508,-591,583,right
638.606,-564,560,right
638.712,-557,584,right
638.816,-533,776,right
638.907,-537,764,right
641.020,-1103,875,left
641.086,-1103,874,left
643.022,-1252,1335,left
643.121,-1251,1335,left
647.453,-1125,1845,left
647.574,-1127,1859,left
655.082,-1135,1862,right
655.185,-1135,1862,right
656.549,-1129,1882,right
656.663,-1129,1882,right
656.768,-1127,1882,right
656.861,-1127,1881,right
656.965,-1127,1881,right
657.068,-1127,1881,right
659.016,-601,1321,right
659.084,-585,1324,right
659.187,-544,1327,right
659.267,-544,1324,right
660.076,-1250,1378,left
660.165,-1250,1378,left
660.963,-486,1051,right
661.087,-477,1047,right
662.209,-600,1024,right
662.311,-600,1026,right
662.394,-592,1036,right
662.498,-592,1036,right
663.459,-588,1172,right
663.561,-588,1176,right
663.643,-591,1183,right
663.756,-591,1188,right
668.327,-1110,1891,right
668.436,-1109,1891,right
671.651,-644,541,right
671.771,-645,541,right
671.881,-653,529,right
671.994,-659,518,right
677.907,-852,581,right
677.995,-848,588,right
678.090,-824,609,right
678.197,-824,607,right
678.290,-824,607,right
678.395,-824,611,right
679.013,-847,689,right
679.118,-841,694,right
679.209,-840,692,right
679.319,-803,645,right
679.404,-774,596,right
679.519,-775,549,right
679.592,-775,549,right
679.712,-774,549,right
679.809,-769,548,right
679.911,-769,547,right
680.014,-769,545,right
680.121,-770,532,right
680.247,-769,527,right
680.357,-769,527,right
681.248,-698,765,right
681.358,-717,774,right
681.437,-780,731,right
681.555,-800,726,right
681.638,-803,745,right
681.726,-805,752,right
682.005,-584,1251,right
682.091,-534,1282,right
682.173,-506,1338,right
682.279,-497,1346,right
682.356,-408,1328,right
682.470,-341,1323,right
682.566,-272,1321,right
682.649,-270,1320,right
682.733,-271,1320,right
682.834,-302,1309,right
682.908,-297,1297,right
683.008,-301,1290,right
683.104,-299,1282,right
683.189,-311,1271,right
683.435,-292,1042,right
683.556,-292,1041,right
683.645,-261,937,right
683.764,-248,864,right
683.868,-242,862,right
683.979,-241,806,right
684.065,-241,804,right
684.185,-242,807,right
684.273,-249,834,right
684.387,-273,910,right
684.478,-265,1110,right
684.605,-257,1274,right
684.678,-244,1261,right
684.779,-245,1260,right
684.874,-246,1257,right
685.001,-245,1244,right
685.581,-444,1343,right
685.648,-458,1361,right
685.802,-420,1391,right
685.868,-420,1391,right
685.975,-363,1379,right
686.074,-357,1376,right
686.177,-360,1368,right
686.293,-400,1362,right
686.381,-405,1359,right
686.488,-422,1361,right
686.584,-421,1363,right
686.671,-420,1363,right
686.775,-394,1399,right
686.874,-394,1401,right
686.965,-372,1434,right
687.066,-371,1412,right
687.198,-371,1411,right
687.299,-397,1379,right
687.393,-520,1417,right
687.504,-585,1427,right
687.598,-645,1483,right
687.703,-654,1499,right
687.793,-676,1568,right
687.891,-699,1577,right
687.982,-727,1669,right
688.076,-742,1698,right
688.492,-711,1520,right
688.615,-718,1517,right
688.723,-811,1580,right
688.839,-836,1587,right
688.957,-853,1587,right
689.034,-895,1603,right
689.522,-821,1361,right
689.615,-860,1387,right
689.749,-1085,1622,right
689.865,-1279,2047,right
691.518,-1081,819,left
691.603,-1081,819,left
691.775,-1082,810,left
691.831,-1082,810,left
692.031,-712,1524,right
692.123,-682,1569,right
692.212,-578,1753,right
692.326,-539,1900,right
692.818,-222,1644,right
692.919,-228,1592,right
693.033,-238,1512,right
693.131,-238,1513,right
693.229,-255,1511,right
693.362,-364,1345,right
693.471,-407,1334,right
693.592,-437,1343,right
693.711,-444,1338,right
693.802,-444,1337,right
693.925,-382,1261,right
694.050,-384,1215,right
694.142,-378,1189,right
694.244,-417,1218,right
694.390,-465,1342,right
694.494,-473,1360,right
694.625,-491,1366,right
694.703,-492,1366,right
694.798,-492,1361,right
694.903,-493,1357,right
695.000,-492,1352,right
695.126,-492,1354,right
695.462,-435,1362,right
695.546,-434,1362,right
695.798,-439,1388,right
695.864,-466,1412,right
695.975,-369,1459,right
696.078,-348,1474,right
696.162,-337,1584,right
696.267,-354,1587,right
696.335,-348,1578,right
696.444,-348,1583,right
696.524,-348,1586,right
696.627,-349,1588,right
705.622,-329,866,right
705.723,-329,865,right
705.799,-328,862,right
705.925,-319,864,right
706.755,-504,876,right
706.892,-498,869,right
706.970,-495,865,right
707.092,-495,865,right
707.871,-444,1023,right
707.948,-444,1023,right
708.060,-427,1067,right
708.154,-427,1067,right
708.760,-605,1575,right
708.859,-657,1597,right
708.948,-708,1592,right
709.053,-716,1585,right
709.374,-511,1429,right
709.486,-511,1426,right
709.599,-516,1427,right
709.708,-522,1423,right
710.298,-472,1561,right
710.381,-472,1564,right
710.507,-487,1669,right
710.595,-484,1670,right
710.723,-410,1643,right
710.800,-414,1661,right
710.978,-380,1733,right
711.052,-376,1736,right
711.896,-369,1368,right
711.980,-363,1368,right
712.069,-343,1376,right
712.176,-346,1367,right
712.493,-393,1312,right
712.608,-514,1271,right
712.704,-509,1150,right
712.829,-484,887,right
712.912,-471,895,right
713.007,-471,895,right
713.111,-468,971,right
713.227,-469,976,right
713.327,-469,976,right
713.459,-468,977,right
714.765,-636,1024,right
714.854,-676,1047,right
715.158,-400,963,right
715.243,-384,962,right
715.320,-351,997,right
715.413,-379,979,right
715.484,-388,1002,right
715.539,-388,1002,right
715.727,-463,1023,right
715.817,-584,1082,right
715.910,-633,1079,right
716.018,-654,1079,right
716.111,-611,1139,right
716.220,-592,1140,right
716.301,-489,1217,right
716.413,-547,1239,right
716.500,-639,1271,right
716.619,-697,1283,right
716.704,-813,1158,right
716.815,-863,1094,right
716.899,-897,1083,right
717.003,-873,1099,right
717.166,-591,1427,right
717.289,-582,1426,right
717.406,-682,1346,right
717.533,-865,1152,right
717.631,-883,1109,right
717.734,-891,1005,right
717.839,-766,977,right
717.958,-741,968,right
718.043,-761,942,right
718.201,-787,883,right
718.558,-824,781,right
718.713,-953,573,right
718.880,-976,491,right
718.944,-1084,295,right
719.126,-997,294,right
719.223,-1006,207,right
719.667,-770,626,right
719.713,-770,628,right
719.840,-708,653,right
719.942,-652,648,right
720.065,-519,688,right
720.173,-509,635,right
720.329,-544,606,right
720.377,-581,600,right
720.494,-627,987,right
720.587,-592,1052,right
720.696,-550,1335,right
720.806,-540,1349,right
720.896,-455,1609,right
721.019,-455,1614,right
721.112,-417,1644,right
721.223,-414,1647,right
721.337,-381,1634,right
721.455,-341,1613,right
721.566,-313,1618,right
721.684,-308,1611,right
721.804,-309,1610,right
721.911,-308,1601,right
722.989,-340,1451,right
723.086,-665,1062,right
723.164,-677,1045,right
723.293,-772,935,right
723.850,-832,1115,right
723.962,-880,1098,right
724.071,-895,1130,right
724.181,-900,1139,right
724.349,-926,1100,right
724.466,-944,1049,right
724.567,-967,1018,right
724.664,-989,983,right
724.812,-990,981,right
724.879,-990,981,right
725.577,-970,456,right
725.669,-1013,377,right
725.790,-1058,326,right
725.854,-1074,315,right
727.542,-469,1403,right
727.632,-495,1386,right
727.707,-495,1387,right
727.815,-517,1403,right
727.894,-534,1416,right
728.014,-572,1421,right
728.113,-581,1447,right
728.197,-621,1445,right
728.346,-546,1551,right
728.443,-538,1557,right
728.566,-531,1430,right
728.716,-471,1427,right
728.852,-471,1427,right
728.910,-471,1427,right
728.991,-471,1427,right
729.094,-479,1427,right
729.182,-480,1428,right
729.285,-497,1435,right
729.375,-500,1428,right
729.501,-513,1406,right
729.582,-513,1404,right
729.686,-513,1407,right
729.772,-500,1394,right
729.877,-499,1400,right
729.973,-499,1412,right
730.069,-500,1418,right
730.163,-497,1432,right
730.282,-494,1434,right
730.357,-495,1434,right
730.470,-498,1435,right
730.567,-497,1439,right
730.681,-497,1437,right
730.770,-497,1437,right
730.887,-498,1427,right
730.981,-498,1424,right
731.094,-499,1411,right
731.173,-499,1409,right
731.297,-499,1408,right
731.375,-500,1409,right
731.480,-499,1410,right
731.596,-531,1434,right
731.723,-531,1437,right
731.854,-607,1460,right
731.960,-658,1426,right
732.088,-647,1434,right
732.188,-641,1478,right
732.281,-645,1501,right
732.400,-652,1489,right
732.636,-606,1063,right
732.735,-608,894,right
732.836,-640,871,right
732.957,-771,812,right
733.051,-796,813,right
733.207,-1018,707,right
733.674,-835,1466,right
733.791,-839,1469,right
733.882,-862,1499,right
733.998,-867,1513,right
734.109,-882,1527,right
734.230,-890,1512,right
734.765,-214,1730,right
734.883,-220,1724,right
735.634,-823,1301,right
735.726,-949,1219,right
735.826,-950,1218,right
735.955,-1046,1155,right
736.517,-520,1589,right
736.620,-497,1625,right
736.718,-430,1698,right
736.838,-370,1740,right
738.034,-813,524,right
738.132,-825,486,right
738.241,-828,484,right
738.346,-841,416,right
738.445,-842,395,right
738.572,-855,342,right
739.082,-410,387,right
739.210,-376,736,right
739.281,-286,863,right
739.405,-89,981,right
740.363,-756,815,right
740.464,-761,818,right
740.568,-753,818,right
740.676,-754,819,right
740.774,-754,818,right
740.863,-754,817,right
740.970,-745,808,right
741.047,-748,809,right
741.191,-737,903,right
741.309,-760,933,right
741.405,-765,1000,right
741.493,-765,981,right
741.617,-766,1186,right
741.723,-770,1214,right
741.836,-733,1114,right
741.951,-740,1063,right
742.039,-735,1050,right
742.140,-753,1058,right
742.249,-742,1078,right
742.356,-738,1042,right
742.434,-728,1010,right
742.550,-727,1019,right
742.627,-728,1019,right
742.718,-728,1019,right
742.815,-694,1037,right
742.915,-693,1037,right
743.002,-692,1041,right
743.114,-678,1066,right
743.199,-663,1062,right
743.318,-667,1067,right
743.393,-667,1068,right
743.513,-704,1044,right
743.608,-707,1044,right
743.725,-709,1054,right
743.887,-771,912,right
743.984,-819,702,right
744.083,-796,680,right
744.195,-796,736,right
744.471,-568,1139,right
744.577,-546,1160,right
744.679,-509,1252,right
744.774,-522,1273,right
744.886,-546,1331,right
744.992,-550,1335,right
745.100,-539,1312,right
745.249,-539,1282,right
745.335,-539,1280,right
745.498,-555,1286,right
745.621,-557,1295,right
745.745,-557,1295,right
746.316,-553,1286,right
746.468,-631,1282,right
746.547,-652,1279,right
746.584,-663,1280,right
746.771,-462,1233,right
746.900,-458,1233,right
747.159,-426,1182,right
747.255,-426,1181,right
747.513,-493,1153,right
747.621,-733,1011,right
747.710,-761,1023,right
747.825,-905,661,right
747.896,-900,636,right
748.021,-928,574,right
748.112,-928,558,right
748.220,-934,534,right
748.396,-1140,49,right
748.478,-1279,0,right
749.534,-1102,1026,left
749.624,-1101,1025,left
749.980,-842,387,right
750.089,-835,406,right
750.175,-835,425,right
750.291,-863,463,right
750.925,-784,329,right
750.994,-824,154,right
751.414,-670,20,right
751.532,-658,0,right
752.215,-678,973,right
752.258,-678,971,right
752.416,-623,750,right
752.524,-604,672,right
752.600,-604,677,right
752.722,-606,682,right
755.920,-440,901,right
756.014,-469,892,right
756.100,-518,902,right
756.194,-632,912,right
757.671,-678,979,right
757.783,-678,979,right
766.616,-520,1311,right
766.707,-525,1312,right
766.806,-521,1324,right
766.894,-525,1354,right
766.982,-540,1574,right
767.082,-609,1590,right
767.183,-673,1598,right
767.286,-726,1636,right
768.863,-691,1151,right
768.965,-691,1151,right
769.080,-698,1157,right
769.158,-718,1170,right
769.267,-778,1195,right
769.381,-838,1171,right
769.452,-853,1156,right
769.588,-863,1130,right
769.693,-947,1036,right
769.757,-1278,645,right
770.184,-758,1062,right
770.261,-776,1066,right
770.366,-789,1110,right
770.491,-816,1056,right
770.572,-840,1009,right
770.680,-848,980,right
770.776,-848,970,right
770.894,-869,931,right
771.514,-907,689,right
771.631,-909,694,right
772.163,-904,862,right
772.271,-901,901,right
772.364,-852,1051,right
772.460,-851,1053,right
772.572,-843,1181,right
772.688,-843,1180,right
773.235,-871,515,right
773.365,-901,465,right
773.489,-958,376,right
773.597,-1001,308,right
774.394,-837,780,right
774.479,-838,770,right
774.579,-756,814,right
774.691,-767,836,right
774.770,-841,869,right
774.892,-885,880,right
774.955,-892,880,right
775.089,-982,900,right
775.441,-490,876,right
775.526,-393,866,right
775.626,-210,806,right
775.733,-171,774,right
775.813,-170,771,right
775.894,-326,792,right
776.569,-624,920,right
776.674,-626,919,right
776.747,-637,932,right
776.840,-646,937,right
776.933,-599,976,right
777.036,-681,992,right
777.151,-669,989,right
777.238,-658,999,right
777.336,-631,988,right
777.440,-629,980,right
777.541,-618,969,right
777.638,-642,977,right
777.739,-718,994,right
777.849,-745,1021,right
777.971,-676,1010,right
778.096,-624,931,right
778.168,-642,919,right
778.280,-656,917,right
778.356,-649,896,right
778.463,-651,903,right
778.548,-694,892,right
778.656,-746,829,right
778.747,-733,816,right
778.836,-736,829,right
778.973,-574,1028,right
779.080,-555,1045,right
779.174,-480,1091,right
779.268,-503,1085,right
779.377,-466,1083,right
779.484,-489,1071,right
779.572,-499,1050,right
779.678,-503,1062,right
779.789,-503,1062,right
779.890,-516,1043,right
783.789,-1247,1368,left
783.865,-1246,1368,left
786.677,-735,258,left
786.761,-735,258,left
788.266,-373,1035,right
788.365,-373,1035,right
789.294,-477,1290,right
789.383,-477,1290,right
790.769,-1092,212,left
790.867,-1091,212,left
793.194,-1087,506,left
793.274,-1087,506,left
794.069,-1042,194,left
794.166,-1042,194,left
795.471,-1075,486,left
795.581,-1075,486,left
796.527,-691,258,left
796.638,-690,259,left
796.952,-715,271,right
797.040,-715,271,right
803.733,-1090,1951,left
803.849,-1089,1951,left
810.251,-597,1613,right
810.349,-596,1613,right
810.423,-597,1613,right
810.544,-621,1608,right
810.620,-635,1604,right
810.750,-685,1559,right
810.813,-718,1535,right
810.933,-791,1472,right
811.015,-816,1470,right
811.143,-978,1462,right
811.902,-1170,912,right
812.022,-1055,945,right
812.121,-992,946,right
812.233,-996,941,right
812.369,-1279,940,right
812.430,-1279,743,right
812.980,-695,1462,right
813.079,-693,1493,right
813.163,-693,1493,right
813.256,-699,1489,right
813.347,-705,1462,right
813.449,-705,1460,right
813.548,-705,1461,right
813.652,-706,1459,right
814.525,-858,1321,right
814.617,-882,1327,right
814.720,-883,1324,right
814.812,-893,1302,right
814.910,-885,1224,right
815.001,-892,1209,right
815.092,-873,1175,right
815.209,-905,1117,right
815.284,-905,1102,right
815.391,-921,1044,right
815.480,-916,1016,right
815.574,-933,975,right
815.653,-920,964,right
815.760,-920,969,right
815.837,-748,955,right
815.956,-697,955,right
816.025,-629,1004,right
816.314,-609,1018,right
816.396,-471,1238,right
816.521,-505,1353,right
816.589,-486,1337,right
816.721,-521,1306,right
816.769,-522,1305,right
816.887,-612,1237,right
816.939,-651,1173,right
817.061,-661,1170,right
817.122,-661,1171,right
817.247,-667,1174,right
817.323,-665,1186,right
817.462,-666,1201,right
817.514,-666,1202,right
817.605,-666,1202,right
817.697,-666,1199,right
817.791,-692,1173,right
817.869,-762,1115,right
817.990,-879,989,right
818.069,-878,982,right
818.180,-862,977,right
818.230,-836,973,right
818.326,-834,971,right
818.384,-803,940,right
818.522,-810,924,right
818.569,-810,921,right
818.703,-809,917,right
818.776,-804,932,right
818.885,-804,932,right
818.960,-805,932,right
819.087,-808,931,right
819.164,-808,931,right
819.269,-808,930,right
819.355,-808,931,right
819.452,-809,930,right
819.562,-809,933,right
819.663,-809,932,right
820.135,-813,912,right
820.221,-813,910,right
820.361,-737,839,right
820.457,-727,817,right
820.552,-724,823,right
820.670,-726,815,right
821.796,-1107,863,left
821.872,-1106,863,left
822.195,-452,0,right
822.286,-448,5,right
822.377,-469,164,right
822.469,-470,185,right
822.883,-167,541,right
822.978,-165,504,right
823.085,-56,323,right
823.197,-48,198,right
824.201,-189,532,right
824.307,-192,540,right
825.737,-1097,892,left
825.863,-1096,891,left
826.126,-564,613,right
826.199,-482,446,right
826.299,-464,387,right
826.576,-552,409,right
826.702,-640,409,right
826.818,-604,314,right
826.903,-558,252,right
827.022,-557,252,right
827.107,-534,241,right
827.215,-535,240,right
827.310,-491,158,right
827.427,-516,44,right
828.401,-705,1114,right
828.503,-745,1187,right
828.581,-763,1237,right
828.681,-785,1280,right
828.785,-808,1392,right
828.909,-833,1394,right
828.988,-885,1387,right
829.103,-902,1388,right
829.185,-870,1474,right
829.305,-874,1460,right
829.397,-863,1440,right
829.511,-892,1403,right
829.626,-563,873,right
829.733,-494,658,right
829.832,-515,657,right
829.955,-605,635,right
830.083,-610,625,right
830.203,-627,638,right
830.578,-601,698,right
830.692,-604,674,right
830.808,-577,627,right
830.923,-593,592,right
831.056,-599,575,right
831.174,-600,541,right
831.261,-582,475,right
831.362,-582,444,right
831.832,-781,947,right
831.934,-807,951,right
832.023,-757,1001,right
832.106,-759,1001,right
832.179,-723,1008,right
832.289,-742,1000,right
832.360,-719,944,right
832.434,-774,829,right
832.522,-659,572,right
832.630,-605,554,right
832.692,-594,598,right
832.794,-620,596,right
832.865,-639,569,right
832.972,-645,562,right
833.053,-622,552,right
833.150,-618,557,right
833.229,-604,568,right
833.337,-609,568,right
839.097,-1255,1337,left
839.170,-1255,1337,left
842.440,-82,548,left
842.544,-81,548,left
844.042,-631,276,left
844.140,-631,276,left
847.161,-557,684,left
847.269,-557,684,left
848.175,-388,1261,right
848.301,-387,1265,right
851.855,-1148,1841,right
851.962,-1147,1841,right
852.064,-1147,1846,right
852.168,-1147,1846,right
852.726,-986,1934,left
852.830,-986,1934,left
859.572,-1039,1877,left
859.682,-1038,1877,left
860.865,-1159,1869,left
860.961,-1158,1869,left
863.269,-1004,1876,left
863.397,-1004,1876,left
868.396,-451,1244,right
868.490,-482,1192,right
868.600,-472,1179,right
868.679,-470,1179,right
874.052,-254,1243,right
874.142,-273,1286,right
874.227,-277,1518,right
874.323,-294,1551,right
874.408,-334,1712,right
874.531,-394,1741,right
874.579,-401,1747,right
874.720,-429,1755,right
874.791,-430,1752,right
874.905,-432,1757,right
875.177,-466,1776,right
875.335,-489,1787,right
876.665,-637,1689,right
876.775,-650,1682,right
876.886,-666,1658,right
876.959,-634,1649,right
877.070,-535,1684,right
877.154,-526,1690,right
877.247,-470,1743,right
877.369,-469,1748,right
877.459,-447,1751,right
877.571,-437,1749,right
877.673,-408,1859,right
877.786,-406,1861,right
878.379,-440,1021,right
878.488,-493,801,right
878.558,-498,812,right
878.684,-536,821,right
878.780,-512,782,right
878.911,-501,700,right
879.077,-454,628,right
879.200,-447,620,right
879.308,-442,599,right
879.421,-445,565,right
879.534,-440,554,right
879.630,-440,553,right
879.742,-432,533,right
879.878,-430,525,right
879.974,-430,520,right
880.080,-429,519,right
880.166,-424,511,right
880.276,-424,511,right
880.383,-424,511,right
880.520,-425,511,right
883.025,-453,1424,right
883.118,-458,1423,right
883.236,-452,1623,right
883.343,-451,1609,right
883.430,-451,1609,right
883.531,-457,1594,right
883.609,-464,1612,right
883.734,-464,1600,right
883.846,-467,1615,right
883.926,-466,1612,right
884.190,-401,1061,right
884.276,-430,731,right
884.376,-431,710,right
884.476,-456,655,right
884.717,-430,771,right
884.803,-427,773,right
884.898,-420,765,right
884.997,-413,750,right
885.118,-398,738,right
885.214,-399,713,right
885.893,-408,550,right
885.980,-409,520,right
886.118,-408,497,right
886.209,-408,453,right
886.340,-406,449,right
886.440,-406,442,right
887.207,-376,374,right
887.323,-375,374,right
889.424,-873,2047,right
889.522,-848,2030,right
889.619,-621,1827,right
889.742,-634,1598,right
889.811,-653,1621,right
889.928,-717,1678,right
890.342,-913,1159,right
890.420,-913,1162,right
890.550,-891,1257,right
890.655,-904,1255,right
890.752,-956,1296,right
890.850,-967,1290,right
890.965,-916,1250,right
891.066,-915,1251,right
891.205,-811,1361,right
891.304,-809,1364,right
891.404,-783,1425,right
891.532,-801,1412,right
892.526,-494,886,right
892.639,-493,889,right
892.989,-610,1151,right
893.364,-876,1311,right
893.431,-903,1331,right
893.544,-1067,1462,right
894.253,-857,1613,right
894.420,-889,1624,right
894.531,-949,1619,right
894.614,-949,1627,right
894.702,-973,1686,right
894.820,-1020,1659,right
894.905,-1027,1665,right
895.031,-1029,1674,right
895.782,-856,1436,right
895.880,-867,1396,right
895.972,-863,1381,right
896.068,-883,1287,right
896.159,-901,1290,right
896.265,-912,1269,right
896.368,-905,1244,right
896.484,-897,1245,right
896.587,-824,1221,right
896.691,-800,1218,right
896.780,-777,1206,right
896.899,-810,1225,right
896.992,-812,1219,right
897.094,-806,1216,right
897.181,-785,1229,right
897.299,-807,1252,right
897.392,-816,1269,right
897.477,-802,1210,right
897.585,-419,969,right
897.710,-250,827,right
897.794,-0,677,right
897.921,-31,676,right
898.000,-85,673,right
898.096,-240,601,right
898.225,-369,669,right
898.311,-398,792,right
898.421,-377,1029,right
898.541,-352,841,right
898.640,-355,733,right
898.761,-358,688,right
898.839,-343,661,right
898.959,-348,674,right
899.067,-353,678,right
899.177,-362,664,right
899.300,-358,667,right
899.385,-356,678,right
899.536,-313,809,right
899.648,-310,688,right
899.768,-268,690,right
899.867,-279,650,right
899.974,-336,524,right
900.067,-347,476,right
900.184,-319,465,right
900.290,-304,461,right
900.377,-274,438,right
900.505,-251,391,right
900.594,-249,385,right
900.698,-254,377,right
900.805,-248,427,right
900.903,-244,408,right
900.997,-253,374,right
901.107,-315,269,right
901.193,-352,278,right
901.309,-394,282,right
901.395,-419,247,right
901.504,-440,228,right
901.616,-437,223,right
901.720,-473,192,right
901.800,-547,141,right
901.920,-640,170,right
901.995,-713,278,right
902.107,-718,257,right
902.183,-731,254,right
902.291,-841,284,right
902.366,-839,267,right
902.483,-875,236,right
902.560,-875,218,right
902.649,-874,222,right
902.744,-869,226,right
902.843,-868,230,right
904.380,-1084,922,left
904.453,-1084,922,left
905.159,-1254,1351,left
905.244,-1254,1351,left
911.901,-1238,1990,left
912.011,-1238,1990,left
914.147,-989,1879,left
914.252,-986,1876,left
921.320,-621,517,right
921.435,-676,636,right
923.501,-1014,1778,left
923.608,-1014,1779,left
924.359,-1000,1768,right
924.470,-1000,1767,right
924.565,-999,1764,right
924.703,-999,1763,right
924.766,-999,1762,right
924.891,-998,1763,right
925.015,-999,1770,right
925.125,-1011,1779,right
925.244,-1013,1775,right
925.346,-1013,1775,right
925.451,-1013,1774,right
925.547,-1014,1778,right
925.641,-1016,1777,right
925.732,-1016,1779,right
925.836,-1016,1779,right
925.965,-1016,1779,right
926.090,-1016,1779,right
926.200,-1016,1779,right
926.287,-1016,1778,right
926.402,-1016,1778,right
926.500,-1016,1778,right
926.601,-1016,1780,right
927.143,-1034,1765,right
927.277,-1034,1765,right
927.402,-1034,1766,right
927.519,-1035,1769,right
927.612,-1037,1774,right
927.715,-1040,1781,right
927.827,-1039,1768,right
927.956,-1039,1766,right
928.052,-1036,1770,right
928.161,-1037,1772,right
928.269,-1030,1767,right
928.372,-1030,1766,right
928.460,-1029,1760,right
928.571,-1030,1765,right
928.666,-1030,1765,right
928.766,-1031,1766,right
928.863,-1030,1765,right
928.984,-1030,1765,right
929.416,-1029,1788,right
929.523,-1029,1790,right
929.730,-1029,1790,right
929.802,-1029,1790,right
930.189,-1020,1786,right
930.295,-1020,1786,right
930.399,-1019,1785,right
930.508,-1018,1786,right
930.615,-1018,1788,right
930.726,-1018,1789,right
930.825,-1018,1789,right
930.936,-1018,1792,right
931.076,-1018,1792,right
931.187,-1018,1791,right
932.383,-1016,1782,right
932.630,-1016,1782,right
933.716,-1257,1304,left
933.811,-1256,1305,left
935.257,-1247,1313,left
935.344,-1247,1314,left
936.206,-470,990,right
936.329,-471,991,right
936.839,-844,790,right
936.938,-897,748,right
937.032,-899,745,right
937.129,-892,685,right
937.218,-1055,245,right
937.379,-1279,0,right
941.893,-873,984,right
942.003,-849,1002,right
952.317,-1072,1833,right
952.438,-1072,1834,right
953.848,-1146,1791,right
953.959,-1146,1791,right
955.187,-1169,1834,right
955.285,-1169,1834,right
965.040,-526,1128,right
965.128,-521,1131,right
965.231,-404,1295,right
965.322,-405,1314,right
965.408,-387,1382,right
965.510,-370,1448,right
965.599,-268,1609,right
965.704,-217,1644,right
965.797,-123,1805,right
965.930,-5,1910,right
966.228,-0,2047,right
966.332,-2,2047,right
968.530,-8,1477,right
968.638,-8,1478,right
969.154,-455,1656,right
969.263,-474,1657,right
969.378,-491,1679,right
969.478,-492,1685,right
970.103,-492,1688,right
970.224,-492,1688,right
970.706,-453,1791,right
970.794,-453,1791,right
973.002,-286,1387,right
973.088,-275,1383,right
973.187,-229,1400,right
973.267,-228,1400,right
973.386,-200,1328,right
973.492,-201,1300,right
973.590,-196,1289,right
973.689,-193,1272,right
973.826,-192,1266,right
973.980,-194,1226,right
974.872,-422,1119,right
974.956,-422,1120,right
977.116,-561,1630,right
977.196,-573,1641,right
977.285,-632,1713,right
977.360,-643,1723,right
977.476,-653,1759,right
977.539,-654,1766,right
977.660,-597,2047,right
977.767,-552,2047,right
978.295,-451,1702,right
978.380,-451,1702,right
978.617,-0,1867,right
978.762,-4,1906,right
980.049,-410,1595,right
980.149,-413,1599,right
980.285,-396,1589,right
980.385,-387,1587,right
983.243,-339,937,right
983.327,-363,989,right
983.430,-381,1073,right
983.517,-385,1089,right
983.618,-364,1264,right
983.733,-359,1294,right
984.268,-357,1583,right
984.344,-359,1588,right
984.955,-282,1477,right
985.072,-282,1478,right
986.445,-158,1188,right
986.519,-162,1197,right
986.648,-173,1383,right
986.755,-181,1399,right
986.838,-182,1483,right
986.950,-218,1508,right
987.040,-252,1590,right
987.145,-280,1595,right
987.221,-308,1688,right
987.326,-325,1662,right
987.413,-374,1598,right
987.502,-539,1320,right
987.589,-701,1022,right
987.693,-836,822,right
987.777,-861,795,right
987.879,-929,710,right
987.979,-941,698,right
988.097,-960,690,right
988.177,-972,677,right
988.288,-998,669,right
988.384,-1008,659,right
988.493,-1013,631,right
988.588,-1018,573,right
988.725,-1208,76,right
989.208,-926,558,right
989.335,-1036,486,right
989.421,-1109,426,right
989.537,-1119,419,right
989.901,-978,561,right
990.033,-989,583,right
990.121,-1018,621,right
990.246,-1089,557,right
990.592,-1101,470,right
990.714,-1157,480,right
991.104,-924,409,right
991.204,-946,467,right
991.315,-989,616,right
991.437,-1004,620,right
992.979,-635,1602,right
993.083,-692,1588,right
993.427,-607,1746,right
993.547,-615,1766,right
994.009,-813,1250,right
994.120,-995,972,right
994.217,-1005,921,right
994.320,-1035,812,right
994.426,-1033,776,right
994.545,-1034,778,right
994.646,-1035,772,right
994.755,-1046,732,right
994.882,-1039,721,right
995.006,-1060,716,right
995.355,-913,910,right
995.462,-918,914,right
996.459,-371,1192,right
996.549,-330,1203,right
996.643,-195,1232,right
996.747,-189,1238,right
996.848,-155,1340,right
996.945,-171,1350,right
997.554,-393,1090,right
997.682,-450,1023,right
997.783,-458,1016,right
997.878,-459,1013,right
998.327,-494,822,right
998.431,-497,785,right
998.545,-500,622,right
998.649,-500,570,right
998.746,-504,531,right
998.853,-519,484,right
998.982,-525,467,right
999.117,-551,392,right
999.239,-574,329,right
999.368,-634,241,right
999.436,-652,203,right
999.555,-792,0,right
999.841,-406,369,right
999.951,-264,571,right
1003.418,-368,508,right
1003.498,-383,484,right
1003.611,-471,486,right
1003.729,-593,457,right
1003.821,-673,431,right
1003.936,-675,428,right
1013.516,-220,1091,right
1013.607,-242,1079,right
1013.697,-162,1183,right
1013.805,-156,1258,right
1013.991,-197,1617,right
1014.106,-362,1693,right
1014.651,-288,1249,right
1014.750,-322,998,right
1014.829,-353,887,right
1014.949,-444,755,right
1015.027,-460,745,right
1015.154,-483,728,right
1015.901,-559,1411,right
1015.993,-551,1427,right
1016.109,-592,1580,right
1016.193,-630,1621,right
1016.301,-650,1738,right
1016.402,-650,1739,right
1016.513,-640,1751,right
1016.622,-640,1755,right
1016.724,-639,1757,right
1016.828,-640,1760,right
1016.943,-656,1775,right
1017.045,-673,1794,right
1017.146,-715,1942,right
1017.250,-734,1953,right
1017.336,-742,1957,right
1017.437,-787,1967,right
1018.248,-1172,1940,right
1018.358,-1172,1940,right
1019.010,-1168,1950,left
1019.119,-1168,1951,left
1021.283,-475,1275,right
1021.364,-499,1202,right
1021.456,-525,1232,right
1021.557,-528,1232,right
1027.081,-412,1093,right
1027.189,-468,1068,right
1027.280,-562,1071,right
1027.384,-643,1031,right
1027.474,-692,974,right
1027.588,-727,983,right
1028.172,-869,1099,right
1028.291,-886,1117,right
1028.352,-902,1106,right
1028.454,-908,1085,right
1028.546,-870,974,right
1028.664,-921,850,right
1028.762,-890,828,right
1028.862,-897,826,right
1028.973,-886,840,right
1029.056,-885,840,right
1029.475,-647,1079,right
1029.561,-659,1084,right
1029.687,-651,1105,right
1029.788,-649,1105,right
1029.972,-573,1115,right
1030.060,-576,1080,right
1030.145,-597,920,right
1030.247,-645,755,right
1030.315,-652,736,right
1030.443,-702,655,right
1030.520,-704,643,right
1030.641,-754,563,right
1030.718,-757,510,right
1030.840,-785,419,right
1030.919,-784,422,right
1031.033,-844,336,right
1031.109,-851,323,right
1031.236,-926,289,right
1031.302,-946,260,right
1031.434,-996,213,right
1031.519,-999,206,right
1031.648,-1023,190,right
1031.743,-1039,71,right
1031.893,-1123,0,right
1031.977,-1279,0,right
1032.104,-1279,2,right
1033.240,-1253,1258,left
1033.331,-1254,1258,left
1034.859,-481,1101,right
1034.965,-483,1112,right
1053.675,-1144,1960,left
1053.776,-1144,1961,left
1067.732,-1065,1907,left
1067.851,-1065,1907,left
1073.473,-537,1059,right
1073.589,-629,1057,right
1073.664,-665,982,right
1073.759,-661,979,right
1073.850,-662,979,right
1073.936,-669,988,right
1075.058,-718,1092,right
1075.176,-717,1091,right
1075.251,-717,1091,right
1075.368,-717,1091,right
1077.204,-782,943,right
1077.318,-784,928,right
1077.400,-809,897,right
1077.504,-873,874,right
1078.250,-869,483,right
1078.388,-1039,217,right
1078.427,-1087,102,right
1078.566,-1154,0,right
1078.661,-1064,107,right
1078.775,-1064,140,right
1079.015,-1065,161,right
1079.104,-1068,152,right
1079.510,-635,446,right
1079.598,-608,456,right
1079.692,-521,463,right
1079.802,-514,411,right
1079.902,-510,403,right
1080.015,-515,422,right
1080.566,-754,1001,right
1080.661,-756,988,right
1080.800,-571,763,right
1080.905,-562,674,right
1081.009,-488,580,right
1081.097,-454,425,right
1081.177,-410,298,right
1081.284,-403,305,right
1081.362,-334,330,right
1081.490,-316,265,right
1081.571,-310,223,right
1081.714,-326,133,right
1081.795,-288,98,right
1081.909,-273,0,right
1082.190,-185,1291,right
1082.292,-261,1184,right
1082.380,-174,1211,right
1082.505,-198,1271,right
1082.580,-191,1288,right
1082.690,-182,1299,right
1083.045,-220,1786,right
1083.112,-214,1791,right
1085.869,-1249,1310,left
1085.953,-1249,1310,left
1090.357,-994,1840,left
1090.451,-994,1840,left
1095.706,-1137,1830,left
1095.816,-1137,1830,left
1114.734,-1091,1766,left
1114.838,-1091,1766,left
1116.587,-1134,1759,left
1116.733,-1133,1759,left
1117.421,-1133,1759,right
1117.517,-1133,1759,right
1117.616,-1133,1759,right
1117.720,-1133,1759,right
1117.824,-1133,1759,right
1117.900,-1133,1759,right
1118.020,-1133,1759,right
1118.112,-1133,1759,right
1118.264,-1133,1759,right
1118.347,-1133,1759,right
1118.461,-1133,1759,right
1118.536,-1133,1759,right
1118.652,-1133,1759,right
1118.746,-1133,1759,right
1125.851,-888,1028,right
1125.950,-864,1031,right
1126.038,-780,1076,right
1126.156,-854,1077,right
1126.558,-1026,955,right
1126.673,-1022,955,right
1126.760,-1003,969,right
1126.853,-992,977,right
1126.945,-893,1173,right
1127.067,-889,1181,right
1127.162,-873,1201,right
1127.261,-868,1204,right
1127.356,-799,1279,right
1127.464,-781,1293,right
1127.583,-691,1358,right
1127.711,-691,1362,right
1128.773,-782,1344,right
1128.887,-795,1341,right
1128.989,-851,1314,right
1129.102,-906,1284,right
1129.183,-916,1252,right
1129.297,-924,1193,right
1129.375,-916,1131,right
1129.505,-926,1091,right
1130.208,-1102,2029,left
1130.303,-1102,2029,left
1135.515,-1166,1748,left
1135.602,-1166,1748,left
1137.662,-1083,2009,left
1137.761,-1083,2009,left
1137.922,-1082,2009,right
1138.024,-1080,2009,right
1138.100,-1038,1994,right
1138.193,-1038,1994,right
1138.271,-1038,1994,right
1138.397,-1038,1994,right
1140.481,-304,1089,right
1140.567,-304,1089,right
1140.669,-304,1089,right
1140.738,-304,1089,right
1140.846,-304,1089,right
1140.936,-304,1089,right
1141.048,-304,1089,right
1141.145,-304,1089,right
1141.263,-305,1089,right
1141.359,-305,1089,right
1141.477,-305,1089,right
1141.579,-305,1089,right
1141.704,-305,1089,right
1141.802,-305,1089,right
1141.948,-305,1089,right
1142.074,-305,1089,right
1142.788,-304,1089,right
1142.894,-304,1088,right
1146.025,-794,630,right
1146.137,-781,675,right
1146.208,-797,659,right
1146.311,-887,603,right
1146.400,-932,500,right
1146.530,-965,304,right
1146.994,-404,1246,right
1147.079,-332,1394,right
1147.181,-224,1627,right
1147.273,-193,1719,right
1148.765,-514,1415,right
1148.847,-514,1415,right
1148.938,-523,1413,right
1149.043,-559,1397,right
1149.128,-559,1395,right
1149.228,-570,1385,right
1149.857,-550,1441,right
1149.929,-573,1469,right
1150.020,-622,1590,right
1150.121,-623,1599,right
1150.246,-598,1695,right
1150.327,-598,1695,right
1150.433,-610,1760,right
1150.540,-625,1773,right
1152.626,-240,1501,right
1152.711,-240,1501,right
1153.915,-725,1495,right
1153.987,-759,1477,right
1154.072,-823,1464,right
1154.172,-815,1470,right
1154.250,-860,1466,right
1154.360,-865,1486,right
1155.260,-511,1512,right
1155.339,-645,1656,right
1155.430,-726,1853,right
1155.523,-872,1824,right
1155.609,-896,1856,right
1155.708,-935,1877,right
1155.792,-930,1883,right
1155.903,-965,1864,right
1155.998,-960,1876,right
1156.088,-960,1882,right
1156.204,-910,1885,right
1156.283,-906,1817,right
1156.412,-869,1796,right
1156.521,-1069,1873,right
1156.601,-1221,1959,right
1156.702,-1279,1959,right
1159.422,-1084,856,left
1159.515,-1084,859,left
1160.133,-1268,1369,left
1160.215,-1268,1369,left
1161.293,-365,1031,right
1161.398,-364,1034,right
1195.177,-1156,1842,right
1195.284,-1155,1841,right
1195.374,-1155,1841,right
1195.474,-1155,1841,right
1195.578,-1156,1841,right
1195.681,-1157,1835,right
1195.787,-1158,1834,right
1195.891,-1158,1831,right
1195.987,-1158,1831,right
1196.097,-1158,1831,right
1197.043,-478,1175,right
1197.138,-475,1187,right
1197.225,-475,1187,right
1197.297,-475,1187,right
1201.118,-1050,2005,left
1201.231,-1050,2005,left
1206.225,-326,780,right
1206.337,-319,806,right
1206.428,-303,865,right
1206.528,-301,879,right
1206.631,-254,1071,right
1206.749,-252,1079,right
1207.330,-260,1230,right
1207.416,-289,1178,right
1207.521,-315,1112,right
1207.605,-324,1010,right
1207.764,-297,705,right
1207.858,-297,704,right
1208.469,-242,253,right
1208.577,-232,37,right
1208.670,-175,0,right
1208.812,-159,0,right
1210.058,-770,1737,right
1210.167,-745,1548,right
1210.248,-760,1641,right
1210.341,-746,1664,right
1210.444,-674,1806,right
1210.562,-644,2047,right
1211.268,-160,1664,right
1211.390,-155,1668,right
1211.681,-159,1665,right
1211.795,-165,1650,right
1211.882,-168,1628,right
1212.000,-168,1627,right
1213.218,-777,1086,right
1213.323,-841,1101,right
1213.707,-867,955,right
1213.838,-873,925,right
1214.349,-1117,130,right
1214.458,-962,348,right
1214.528,-950,388,right
1214.644,-980,390,right
1214.750,-1024,409,right
1214.835,-1061,428,right
1215.718,-555,1237,right
1215.816,-552,1260,right
1215.909,-564,1238,right
1216.000,-570,1226,right
1216.475,-663,720,right
1216.560,-558,523,right
1216.631,-566,509,right
1216.742,-659,454,right
1217.151,-941,1186,right
1217.278,-958,1151,right
1217.359,-900,900,right
1217.456,-831,805,right
1217.535,-691,673,right
1217.649,-666,586,right
1217.732,-677,594,right
1217.841,-732,607,right
1217.924,-724,590,right
1218.034,-727,571,right
1218.112,-757,533,right
1218.224,-846,452,right
1218.311,-942,284,right
1218.428,-1070,154,right
1218.488,-1088,75,right
1218.624,-1268,0,right
1218.885,-938,476,right
1218.996,-942,473,right
1219.079,-953,450,right
1219.194,-1009,415,right
1219.634,-293,1346,right
1219.739,-288,1351,right
1219.827,-294,1375,right
1219.947,-405,1339,right
1220.058,-401,1328,right
1220.169,-403,1321,right
1220.261,-425,1276,right
1220.364,-430,1236,right
1220.457,-432,1225,right
1220.539,-432,1225,right
1220.635,-432,1226,right
1220.740,-432,1227,right
1220.874,-438,1236,right
1220.986,-493,1203,right
1221.060,-517,1190,right
1221.161,-516,1190,right
1221.238,-540,1210,right
1221.334,-551,1233,right
1221.414,-572,1232,right
1221.503,-582,1211,right
1221.592,-593,1100,right
1221.687,-651,1026,right
1221.768,-692,885,right
1221.882,-856,731,right
1221.970,-892,661,right
1222.086,-911,645,right
1225.685,-1247,1328,left
1225.804,-1246,1328,left
1236.447,-1011,2003,left
1236.535,-1011,2003,left
1243.065,-1105,1983,left
1243.181,-1105,1983,left
1247.434,-1259,1329,left
1247.507,-1259,1329,left
1251.345,-1186,1798,left
1251.460,-1186,1801,left
1264.512,-1120,2007,left
1264.613,-1119,2007,left
1269.389,-403,1527,right
1269.482,-403,1526,right
1269.590,-403,1526,right
1269.657,-403,1526,right
1269.782,-403,1526,right
1269.868,-403,1526,right
1269.986,-403,1526,right
1270.070,-403,1526,right
1270.617,-413,1474,right
1270.709,-413,1463,right
1270.808,-412,1461,right
1270.932,-413,1461,right
1271.346,-418,1428,right
1271.425,-418,1428,right
1274.110,-146,1531,right
1274.207,-146,1531,right
1274.308,-147,1531,right
1274.402,-165,1513,right
1274.865,-2,1461,right
1274.969,-30,1474,right
1275.765,-239,1489,right
1275.871,-238,1489,right
1277.488,-384,1432,right
1277.586,-369,1450,right
1277.691,-370,1450,right
1277.789,-370,1438,right
1277.899,-363,1437,right
1278.002,-383,1422,right
1278.097,-391,1400,right
1278.214,-390,1399,right
1278.301,-384,1395,right
1278.410,-383,1395,right
1278.505,-381,1396,right
1278.603,-382,1397,right
1279.049,-365,1400,right
1279.145,-365,1399,right
1279.249,-365,1398,right
1279.346,-365,1397,right
1279.459,-344,1398,right
1279.564,-344,1398,right
1279.664,-327,1402,right
1279.760,-326,1402,right
1279.850,-326,1403,right
1279.957,-326,1403,right
1280.069,-326,1404,right
1280.177,-326,1404,right
1280.484,-300,1406,right
1280.580,-300,1406,right
1280.706,-0,1008,right
1280.832,-4,1001,right
1280.899,-0,1064,right
1281.042,-5,1078,right
1281.481,-147,1117,right
1281.581,-159,1118,right
1285.758,-237,1055,right
1285.853,-222,1064,right
1285.941,-203,1172,right
1286.025,-222,1126,right
1286.124,-221,1124,right
1286.223,-230,1118,right
1286.305,-236,1133,right
1286.399,-269,1148,right
1286.480,-315,1165,right
1286.604,-382,1245,right
1286.669,-351,1265,right
1286.801,-368,1192,right
1286.886,-356,1182,right
1286.944,-352,1195,right
1287.049,-315,1323,right
1287.164,-323,1350,right
1287.250,-313,1371,right
1287.346,-312,1372,right
1287.448,-264,1422,right
1287.542,-263,1418,right
1287.642,-254,1433,right
1287.734,-253,1431,right
1287.813,-230,1436,right
1287.920,-235,1443,right
1287.997,-231,1460,right
1288.104,-229,1457,right
1288.251,-183,1295,right
1288.361,-201,1217,right
1288.434,-203,1222,right
1288.544,-213,1218,right
1289.104,-603,1556,right
1289.192,-622,1558,right
1289.290,-655,1547,right
1289.376,-655,1541,right
1289.525,-541,1531,right
1289.626,-533,1531,right
1289.719,-525,1520,right
1289.826,-525,1520,right
1289.899,-523,1523,right
1290.010,-642,1508,right
1290.096,-670,1518,right
1290.210,-683,1519,right
1290.284,-672,1510,right
1290.397,-672,1509,right
1290.461,-653,1504,right
1290.795,-642,1495,right
1296.068,-1077,1024,left
1296.150,-1077,1024,left
1297.114,-1226,1762,left
1297.225,-1226,1761,left
1299.494,-1054,2015,left
1299.580,-1054,2015,left
1301.861,-1251,1337,left
1301.953,-1251,1337,left
1302.593,-292,1143,right
1302.701,-291,1142,right
1309.931,-1005,1998,left
1310.030,-1005,1998,left
1312.134,-1065,2005,left
1312.217,-1065,2005,left
1336.371,-1069,2001,left
1336.467,-1069,1999,left
1338.256,-1208,1809,right
1338.402,-1210,1809,right
1338.680,-1182,1801,right
1338.800,-1182,1801,right
1340.616,-1182,1801,left
1340.725,-1182,1801,left
1344.961,-549,741,right
1345.102,-549,741,right
1345.403,-549,740,right
1345.483,-549,740,right
1345.590,-549,740,right
1345.675,-549,740,right
1345.788,-549,740,right
1345.901,-549,740,right
1346.227,-683,541,right
1346.314,-792,400,right
1346.406,-857,391,right
1346.527,-1074,173,right
1349.172,-433,802,right
1349.273,-838,363,right
1349.362,-872,268,right
1349.490,-1209,0,right
1349.591,-1279,2,right
1349.757,-1122,418,right
1349.826,-1092,590,right
1349.964,-1096,594,right
1350.027,-1130,563,right
1350.175,-1279,266,right
1350.393,-831,730,right
1350.490,-847,733,right
1350.576,-887,744,right
1350.703,-889,751,right
1350.793,-889,742,right
1350.934,-976,550,right
1351.010,-984,456,right
1351.135,-1010,338,right
1352.035,-317,645,right
1352.134,-581,504,right
1352.214,-731,366,right
1352.318,-831,359,right
1352.415,-876,318,right
1352.559,-1019,99,right
1353.285,-433,1248,right
1353.359,-445,1258,right
1353.465,-425,1239,right
1353.589,-422,1245,right
1353.651,-423,1245,right
1353.766,-525,1208,right
1353.860,-596,1163,right
1353.968,-557,1165,right
1354.063,-631,1085,right
1354.163,-644,1083,right
1354.245,-652,1066,right
1354.320,-683,1068,right
1354.422,-578,1087,right
1354.545,-577,1086,right
1354.623,-563,1103,right
1354.727,-562,1107,right
1354.830,-579,1123,right
1354.945,-563,1126,right
1355.013,-558,1111,right
1355.120,-565,1111,right
1355.217,-553,1107,right
1355.319,-551,1107,right
1355.412,-552,1104,right
1355.523,-551,1104,right
1355.605,-549,1099,right
1355.717,-548,1099,right
1355.810,-549,1099,right
1355.915,-549,1104,right
1356.008,-554,1104,right
1356.129,-554,1104,right
1356.355,-592,968,right
1356.463,-683,760,right
1356.556,-745,734,right
1356.669,-759,718,right
1358.032,-532,1132,right
1358.145,-533,1134,right
1358.238,-554,1129,right
1358.343,-565,1101,right
1358.431,-539,1041,right
1358.544,-539,984,right
1358.624,-539,974,right
1358.734,-544,987,right
1358.922,-472,1183,right
1359.022,-486,1200,right
1359.112,-456,1252,right
1359.193,-459,1237,right
1359.319,-340,1101,right
1359.417,-339,1137,right
1359.520,-419,1080,right
1359.641,-455,1049,right
1359.718,-461,1028,right
1359.827,-524,901,right
1359.909,-579,784,right
1360.021,-764,348,right
1360.101,-790,178,right
1360.218,-867,50,right
1360.310,-884,36,right
1360.427,-928,0,right
1361.101,-605,648,right
1361.184,-627,607,right
1361.402,-723,469,right
1361.521,-765,370,right
1361.636,-790,367,right
1361.777,-900,306,right
1363.093,-1084,956,left
1363.209,-1084,956,left
1363.462,-825,202,right
1363.569,-844,176,right
1363.657,-940,156,right
1363.773,-1046,123,right
1364.473,-905,471,right
1364.579,-906,456,right
1364.675,-958,383,right
1364.787,-978,364,right
1365.060,-1069,255,right
1365.230,-1279,0,right
1365.367,-1256,10,right
1365.503,-1084,270,right
1365.592,-1112,363,right
1365.707,-1121,421,right
1365.797,-1123,490,right
1365.925,-1132,486,right
1366.254,-971,630,right
1366.352,-962,646,right
1366.433,-982,634,right
1366.544,-983,634,right
1366.650,-984,634,right
1366.781,-994,620,right
1367.255,-995,589,right
1367.366,-995,587,right
1367.461,-995,580,right
1367.574,-994,579,right
1370.682,-1045,2012,left
1370.765,-1045,2012,left
1373.476,-254,1767,right
1373.564,-254,1771,right
1373.654,-228,1805,right
1373.747,-181,1875,right
1375.732,-663,927,right
1375.818,-651,924,right
1375.906,-548,991,right
1376.013,-541,937,right
1376.097,-495,988,right
1376.206,-487,994,right
1376.294,-492,993,right
1376.403,-508,997,right
1376.474,-500,1010,right
1376.589,-524,997,right
1376.665,-581,989,right
1376.789,-611,980,right
1376.864,-612,978,right
1377.000,-794,877,right
1377.055,-798,876,right
1377.182,-803,856,right
1377.231,-792,831,right
1377.358,-823,820,right
1377.429,-811,803,right
1377.533,-825,800,right
1377.615,-767,832,right
1377.733,-777,845,right
1377.807,-813,832,right
1377.926,-845,832,right
1378.002,-847,819,right
1378.128,-862,795,right
1378.190,-862,795,right
1378.319,-862,793,right
1378.377,-860,783,right
1378.497,-901,743,right
1378.592,-881,779,right
1378.725,-878,771,right
1378.801,-877,767,right
1378.907,-877,767,right
1378.977,-876,766,right
1379.094,-873,765,right
1379.187,-875,780,right
1379.296,-894,791,right
1379.375,-904,797,right
1379.498,-946,828,right
1379.577,-974,850,right
1379.692,-963,853,right
1379.776,-953,893,right
1379.893,-961,883,right
1379.967,-967,874,right
1380.093,-967,873,right
1380.168,-966,873,right
1380.297,-968,862,right
1380.371,-964,838,right
1380.486,-964,842,right
1380.579,-953,856,right
1380.688,-952,856,right
1380.788,-933,880,right
1380.900,-935,883,right
1380.999,-887,882,right
1381.100,-893,890,right
1381.208,-874,959,right
1381.320,-858,975,right
1381.422,-771,969,right
1381.533,-750,969,right
1381.620,-670,999,right
1381.741,-669,999,right
1381.852,-720,991,right
1381.958,-707,955,right
1382.031,-677,928,right
1382.143,-677,929,right
1382.227,-648,937,right
1382.353,-644,937,right
1382.440,-663,951,right
1382.563,-738,959,right
1382.668,-741,958,right
1382.727,-741,958,right
1382.851,-623,1353,right
1382.970,-613,1623,right
1383.052,-628,1632,right
1383.172,-622,1642,right
1383.251,-606,1639,right
1383.375,-609,1652,right
1383.453,-598,1677,right
1383.570,-580,1692,right
1386.872,-1084,949,left
1386.958,-1084,949,left
1388.534,-1027,2006,left
1388.654,-1027,2011,left
1403.249,-748,1052,left
1403.361,-748,1052,left