z,y,x,button
167.389,-749,975,right
167.495,-749,974,right
168.077,-947,1399,right
168.172,-900,1381,right
168.309,-876,1366,right
168.429,-861,1357,right
171.890,-725,1249,right
171.985,-725,1248,right
172.966,-621,981,right
173.065,-648,922,right
173.416,-733,957,right
173.520,-739,975,right
180.796,-665,1012,right
180.896,-665,1012,right
181.383,-661,1014,right
181.512,-660,1014,right
182.440,-607,919,right
182.574,-607,919,right
183.578,-381,717,right
183.686,-378,717,right
184.817,-231,948,right
184.943,-232,955,right
186.833,-200,1337,right
186.936,-200,1340,right
188.047,-337,1256,right
188.143,-337,1255,right
189.817,-384,815,right
189.945,-408,790,right
190.343,-311,854,right
190.453,-311,854,right
220.608,-253,1572,right
220.716,-252,1572,right
222.085,-549,1438,right
222.202,-549,1438,right
231.561,-466,1290,left
232.485,-640,1024,left
241.772,-684,1173,right
241.868,-687,1188,right
241.966,-683,1199,right
242.052,-681,1197,right
242.143,-682,1193,right
242.243,-684,1186,right
242.335,-684,1186,right
242.415,-684,1186,right
242.517,-685,1187,right
242.628,-684,1189,right
246.206,-1146,1314,left
246.769,-1154,1359,left
252.200,-682,813,right
252.284,-693,689,right
252.387,-653,535,right
252.476,-634,449,right
252.566,-556,302,right
252.658,-541,179,right
253.759,-1094,769,left
253.845,-1094,771,left
254.373,-280,89,right
254.467,-280,89,right
254.591,-281,116,right
254.700,-280,117,right
255.866,-482,589,right
255.971,-481,589,right
279.959,-714,694,right
280.070,-713,694,right
283.840,-481,755,right
283.966,-481,755,right
288.747,-329,1067,right
288.821,-326,1094,right
288.924,-241,1109,right
289.027,-198,1089,right
289.112,-58,1045,right
289.231,-0,1089,right
289.776,-303,767,right
289.870,-304,767,right
289.963,-304,767,right
290.064,-304,766,right
294.050,-678,1020,right
294.151,-678,1020,right
296.950,-1115,1884,left
297.064,-1114,1884,left
310.608,-747,912,right
310.713,-746,913,right
316.366,-779,924,right
316.461,-781,928,right
317.362,-1093,937,left
317.425,-1093,937,left
321.381,-943,750,right
321.463,-942,754,right
321.547,-943,752,right
321.627,-943,754,right
322.128,-874,357,right
322.227,-876,356,right
323.175,-847,1114,right
323.282,-896,1051,right
323.383,-870,1078,right
323.451,-871,1063,right
324.948,-740,855,left
325.602,-640,1024,left
326.898,-1010,1344,right
327.019,-1010,1338,right
327.099,-974,1336,right
327.187,-974,1330,right
327.286,-941,1301,right
327.364,-945,1291,right
327.446,-947,1304,right
327.582,-958,1307,right
331.715,-683,822,right
331.821,-682,818,right
332.274,-943,898,right
332.375,-949,916,right
332.473,-1005,1122,right
332.547,-1005,1133,right
332.668,-1008,1144,right
332.758,-1005,1148,right
332.840,-1005,1147,right
332.975,-1005,1146,right
334.306,-792,892,right
334.420,-792,892,right
335.190,-754,895,right
335.299,-754,896,right
335.721,-722,849,right
335.865,-688,795,right
335.999,-643,755,right
336.055,-643,755,right
336.156,-625,739,right
336.251,-625,738,right
337.171,-598,546,right
337.260,-613,554,right
337.373,-639,558,right
337.483,-632,556,right
337.898,-511,521,right
337.980,-516,514,right
338.084,-526,518,right
338.182,-524,529,right
338.514,-326,696,right
338.630,-327,691,right
338.712,-320,700,right
338.812,-353,664,right
338.900,-351,647,right
339.010,-359,640,right
339.115,-359,639,right
339.199,-359,639,right
339.293,-334,702,right
339.414,-332,697,right
339.531,-310,700,right
339.633,-308,700,right
339.737,-320,618,right
339.838,-321,614,right
339.914,-319,614,right
340.033,-338,553,right
340.090,-339,553,right
340.225,-357,538,right
340.302,-376,526,right
340.389,-376,526,right
341.325,-574,541,right
341.433,-577,538,right
342.027,-195,1073,right
342.108,-200,1093,right
342.202,-161,1146,right
342.299,-171,1158,right
342.377,-166,1169,right
342.506,-168,1163,right
343.014,-355,807,right
343.106,-354,807,right
343.262,-331,912,right
343.333,-329,912,right
343.814,-298,1204,right
343.914,-274,1250,right
343.995,-236,1346,right
344.099,-191,1400,right
344.690,-179,1350,right
344.795,-179,1350,right
345.624,-335,1471,right
345.735,-344,1480,right
345.867,-433,1531,right
345.969,-433,1544,right
346.054,-433,1542,right
346.125,-433,1542,right
353.225,-804,1371,right
353.327,-803,1376,right
353.425,-803,1376,right
353.542,-803,1373,right
353.617,-803,1373,right
353.735,-803,1374,right
353.838,-803,1374,right
353.943,-802,1371,right
355.403,-710,1245,right
355.526,-709,1243,right
356.367,-763,1427,right
356.479,-758,1418,right
357.054,-662,1261,right
357.168,-659,1259,right
359.178,-851,1197,right
359.274,-851,1198,right
361.043,-894,1305,right
361.133,-894,1305,right
363.676,-606,1156,right
363.768,-604,1155,right
363.913,-605,1155,right
364.037,-603,1152,right
364.537,-688,1054,right
364.635,-689,1050,right
364.753,-689,1051,right
364.870,-689,1050,right
365.415,-589,1129,right
365.521,-589,1131,right
365.820,-589,1131,right
365.924,-589,1130,right
372.381,-104,1014,right
372.442,-104,1014,right
372.544,-104,1015,right
372.619,-102,1014,right
374.267,-806,1376,right
374.370,-806,1376,right
374.991,-732,1401,right
375.094,-732,1401,right
375.384,-348,1346,right
375.486,-340,1343,right
375.588,-295,1290,right
375.670,-292,1246,right
377.435,-215,952,right
377.547,-215,941,right
379.045,-992,888,right
379.140,-1009,879,right
379.227,-1008,879,right
379.337,-1007,879,right
379.457,-975,864,right
379.582,-967,857,right
379.691,-965,846,right
379.794,-967,834,right
380.228,-950,805,right
380.314,-944,801,right
380.410,-891,777,right
380.494,-898,758,right
381.365,-630,739,right
381.473,-624,737,right
382.372,-606,609,right
382.449,-606,609,right
382.556,-604,621,right
382.691,-600,590,right
383.627,-594,582,right
383.749,-593,582,right
391.881,-559,592,right
391.982,-559,591,right
392.902,-548,782,right
393.055,-552,775,right
394.518,-1089,954,left
394.598,-1088,954,left
397.271,-832,1348,right
397.352,-825,1349,right
397.458,-820,1350,right
397.562,-820,1350,right
397.964,-888,1342,right
398.067,-893,1344,right
399.173,-641,1219,right
399.287,-639,1217,right
399.406,-648,1224,right
399.514,-650,1228,right
400.312,-717,1353,right
400.426,-718,1355,right
402.384,-764,1163,right
402.496,-763,1162,right
402.858,-764,1162,right
402.972,-763,1158,right
411.908,-751,1164,right
412.018,-758,1160,right
413.540,-759,1164,right
413.639,-759,1164,right
419.073,-792,1058,right
419.155,-788,1068,right
422.344,-308,1033,right
422.446,-305,1031,right
424.580,-717,621,right
424.664,-717,624,right
424.757,-731,601,right
424.839,-744,535,right
424.927,-749,500,right
425.016,-778,423,right
428.627,-653,1745,right
428.678,-698,1746,right
428.790,-784,1767,right
428.889,-771,1769,right
428.981,-769,1762,right
429.077,-766,1763,right
429.183,-766,1763,right
429.318,-766,1763,right
430.680,-755,1282,right
430.774,-752,1295,right
434.592,-796,1628,right
434.699,-796,1628,right
435.446,-800,1332,right
435.545,-800,1332,right
436.495,-457,1684,right
436.612,-527,1660,right
436.704,-560,1664,right
436.815,-564,1666,right
436.902,-604,1638,right
437.027,-607,1636,right
437.511,-636,1560,right
437.614,-638,1552,right
437.833,-593,1414,right
437.944,-593,1416,right
445.412,-526,1132,right
445.497,-525,1131,right
445.586,-537,1117,right
445.678,-532,1119,right
445.756,-529,1102,right
445.860,-519,1054,right
445.933,-496,1003,right
446.021,-494,1004,right
446.107,-490,987,right
446.204,-476,963,right
446.287,-467,933,right
446.367,-462,928,right
446.458,-454,927,right
446.547,-455,904,right
446.637,-464,878,right
446.737,-466,876,right
446.826,-468,860,right
446.913,-475,841,right
447.016,-470,844,right
447.108,-471,838,right
447.207,-471,838,right
447.305,-474,829,right
447.408,-480,868,right
447.539,-491,888,right
447.626,-494,889,right
447.729,-512,882,right
447.825,-522,885,right
447.941,-522,886,right
448.021,-530,889,right
448.131,-530,892,right
448.228,-531,896,right
448.340,-532,894,right
448.415,-534,890,right
448.527,-549,866,right
448.616,-573,865,right
448.716,-590,842,right
448.806,-609,835,right
448.914,-679,705,right
448.992,-667,704,right
449.096,-680,683,right
449.172,-680,678,right
449.272,-688,673,right
449.357,-690,668,right
449.453,-720,625,right
449.543,-717,609,right
449.641,-733,570,right
450.463,-747,691,right
450.571,-780,607,right
450.650,-765,604,right
450.778,-777,499,right
450.806,-766,486,right
450.919,-775,426,right
450.989,-774,417,right
451.129,-777,425,right
451.197,-807,432,right
451.332,-831,445,right
452.824,-26,1010,right
452.911,-106,981,right
452.995,-146,1039,right
453.075,-167,1033,right
453.164,-176,1191,right
453.261,-194,1221,right
453.350,-245,1239,right
453.453,-264,1260,right
453.842,-605,1623,right
453.974,-648,1663,right
454.056,-617,1692,right
454.171,-637,1695,right
454.268,-634,1700,right
454.365,-624,1710,right
455.181,-304,1425,right
455.271,-308,1430,right
455.376,-370,1506,right
455.479,-402,1612,right
455.561,-405,1635,right
455.668,-405,1638,right
459.066,-754,1450,right
459.167,-855,1383,right
459.257,-905,1252,right
459.315,-889,1256,right
459.421,-915,1307,right
459.520,-914,1309,right
459.592,-926,1309,right
459.703,-947,1310,right
459.785,-1004,1297,right
459.903,-1031,1275,right
459.996,-1032,1274,right
460.092,-1031,1274,right
460.183,-1031,1284,right
460.298,-1033,1285,right
460.404,-1033,1289,right
460.491,-1032,1289,right
460.593,-1032,1290,right
460.687,-1031,1290,right
460.781,-1031,1291,right
460.907,-1033,1295,right
462.477,-714,1593,right
462.592,-737,1541,right
462.655,-751,1530,right
462.751,-751,1530,right
462.834,-778,1539,right
462.928,-778,1540,right
464.229,-723,1323,right
464.335,-723,1320,right
464.437,-725,1320,right
464.515,-729,1321,right
464.954,-611,1067,right
465.058,-641,1064,right
465.144,-647,1063,right
465.244,-648,1060,right
465.334,-649,1053,right
465.418,-657,1020,right
465.513,-656,1018,right
465.632,-653,1016,right
465.748,-630,1021,right
465.861,-621,1023,right
478.544,-1109,886,left
478.635,-1108,885,left
484.703,-1246,1357,left
484.819,-1244,1357,left
486.101,-342,223,right
486.202,-341,223,right
486.881,-340,336,right
486.970,-340,336,right
488.280,-1091,1965,right
488.398,-1091,1966,right
488.784,-1087,1960,right
488.856,-1087,1960,right
489.655,-1095,1957,right
489.800,-1095,1957,right
492.922,-1257,1335,left
493.019,-1257,1335,left
497.901,-1259,1321,left
497.992,-1259,1321,left
498.962,-361,286,left
499.057,-361,286,left
509.009,-613,1169,right
509.097,-612,1174,right
509.187,-623,1182,right
509.316,-622,1188,right
511.963,-622,1187,right
512.078,-622,1187,right
514.996,-780,1232,right
515.120,-780,1231,right
516.058,-780,1231,right
516.149,-780,1231,right
518.986,-638,1009,right
519.113,-637,1010,right
519.923,-637,1010,right
520.049,-637,1010,right
521.923,-858,1475,right
522.031,-855,1472,right
522.108,-857,1489,right
522.199,-858,1494,right
522.901,-820,1436,right
522.994,-819,1436,right
523.094,-820,1437,right
523.181,-820,1437,right
527.581,-531,1345,right
527.666,-530,1345,right
527.756,-531,1345,right
527.861,-530,1345,right
537.024,-479,1357,right
537.143,-479,1356,right
542.109,-836,738,right
542.237,-879,596,right
542.289,-914,563,right
542.397,-928,536,right
542.995,-1279,0,right
543.084,-1279,1,right
544.715,-673,1435,right
544.823,-673,1435,right
548.252,-322,770,right
548.346,-322,770,right
548.477,-323,770,right
548.573,-322,770,right
548.671,-330,767,right
548.768,-337,751,right
548.868,-344,749,right
548.978,-343,749,right
549.069,-332,745,right
549.188,-331,745,right
549.274,-326,742,right
549.405,-326,741,right
549.509,-322,739,right
549.649,-322,738,right
549.749,-312,722,right
549.927,-311,721,right
560.743,-512,1445,right
560.833,-505,1445,right
560.931,-519,1434,right
561.047,-518,1433,right
561.136,-523,1424,right
561.234,-525,1408,right
563.240,-691,1363,right
563.329,-690,1363,right
563.663,-500,1541,right
563.776,-500,1543,right
567.925,-404,1356,right
567.980,-404,1355,right
568.411,-318,1501,right
568.531,-311,1507,right
569.181,-499,1624,right
569.276,-530,1624,right
569.381,-892,1778,right
569.473,-871,1781,right
569.563,-874,1764,right
569.660,-874,1764,right
570.247,-747,1420,right
570.348,-746,1422,right
570.441,-746,1435,right
570.547,-746,1437,right
571.447,-1256,1375,left
571.526,-1255,1375,left
573.655,-145,1255,right
573.754,-129,1259,right
573.859,-0,1239,right
574.018,-0,1196,right
575.473,-160,1372,right
575.568,-176,1368,right
575.665,-197,1331,right
575.774,-208,1326,right
575.860,-205,1325,right
575.962,-203,1324,right
576.047,-196,1322,right
576.148,-194,1322,right
576.527,-133,1348,right
576.624,-132,1348,right
579.137,-658,1402,right
579.231,-662,1401,right
579.327,-667,1388,right
579.418,-669,1384,right
579.496,-677,1325,right
579.590,-677,1325,right
579.662,-675,1326,right
579.758,-674,1326,right
580.941,-416,1551,right
581.082,-415,1550,right
581.170,-417,1550,right
581.274,-417,1550,right
582.658,-416,1450,right
582.754,-404,1458,right
585.551,-344,1620,right
585.647,-343,1620,right
589.274,-342,1622,right
589.388,-342,1622,right
591.758,-342,1622,right
591.863,-342,1622,right
592.317,-0,1541,right
592.409,-8,1522,right
592.511,-0,1467,right
592.610,-0,1266,right
593.835,-1093,1016,left
593.920,-1093,1016,left
594.806,-407,567,right
594.937,-412,577,right
595.177,-483,573,right
595.259,-483,572,right
595.357,-479,561,right
595.442,-479,561,right
597.489,-641,706,right
597.589,-639,706,right
597.684,-621,709,right
597.765,-624,720,right
597.860,-606,727,right
597.947,-608,733,right
599.651,-757,831,right
599.743,-756,831,right
599.815,-755,831,right
599.897,-752,830,right
600.211,-707,681,left
600.626,-640,1024,left
603.351,-503,761,right
603.425,-501,761,right
603.525,-502,761,right
603.616,-503,761,right
603.725,-508,759,right
603.822,-508,763,right
603.919,-514,742,right
604.007,-528,739,right
604.122,-530,740,right
604.224,-530,740,right
605.998,-484,729,right
606.097,-497,729,right
606.203,-505,741,right
606.287,-505,744,right
606.691,-484,773,right
606.808,-484,773,right
606.898,-493,775,right
606.982,-501,778,right
607.554,-498,1248,right
607.722,-537,1070,right
607.794,-526,1074,right
607.869,-527,1070,right
607.962,-542,1040,right
608.076,-544,1033,right
608.149,-546,1032,right
608.269,-559,981,right
608.332,-560,970,right
608.428,-559,970,right
608.512,-559,970,right
608.628,-560,972,right
608.711,-564,956,right
608.855,-590,915,right
608.946,-592,911,right
609.066,-600,888,right
609.153,-639,832,right
609.301,-639,832,right
609.370,-639,832,right
609.487,-639,832,right
609.575,-692,722,right
609.706,-692,720,right
609.804,-688,725,right
609.880,-688,724,right
612.944,-287,1176,right
613.016,-283,1190,right
613.124,-339,1329,right
613.214,-331,1340,right
613.311,-342,1515,right
613.407,-335,1580,right
613.494,-386,1715,right
613.597,-401,1745,right
613.689,-430,1890,right
613.791,-444,1893,right
613.883,-476,1919,right
613.986,-508,1935,right
614.484,-565,1963,right
614.594,-574,1960,right
614.677,-660,1964,right
614.788,-688,1970,right
615.476,-728,1899,right
615.555,-716,1940,right
615.670,-637,2022,right
615.786,-585,2047,right
615.878,-503,2047,right
616.013,-511,2047,right
616.724,-547,1845,right
616.842,-553,1869,right
622.397,-367,1271,right
622.515,-352,1272,right
622.603,-354,1272,right
622.695,-354,1272,right
622.779,-354,1272,right
622.884,-354,1272,right
629.276,-1239,1939,left
629.405,-1239,1941,left
636.518,-815,1263,right
636.642,-814,1263,right
641.692,-697,543,right
641.796,-752,456,right
641.873,-753,456,right
641.983,-763,399,right
643.088,-563,1120,right
643.206,-519,1242,right
643.276,-519,1242,right
643.373,-519,1242,right
647.093,-855,1638,right
647.146,-855,1646,right
647.297,-828,1741,right
647.406,-827,1740,right
648.504,-770,1625,right
648.611,-758,1645,right
655.881,-557,714,right
656.020,-557,715,right
657.127,-595,1005,right
657.209,-595,1005,right
658.626,-466,1222,right
658.745,-466,1222,right
659.122,-449,1212,right
659.213,-491,1152,right
659.307,-492,1137,right
659.427,-487,1094,right
659.518,-476,1088,right
659.660,-475,1087,right
661.109,-398,741,right
661.211,-398,741,right
664.562,-650,1336,right
664.648,-651,1340,right
664.748,-656,1383,right
664.875,-661,1363,right
665.900,-428,1645,right
665.993,-429,1646,right
666.275,-522,1408,right
666.384,-524,1404,right
668.847,-555,1537,right
668.933,-557,1549,right
669.479,-545,1439,right
669.561,-545,1438,right
669.722,-532,1329,right
669.855,-532,1324,right
670.369,-497,1572,right
670.484,-501,1581,right
670.600,-385,1672,right
670.690,-365,1687,right
673.857,-1252,1363,left
673.927,-1252,1363,left
675.871,-548,810,right
675.975,-548,811,right
676.086,-605,802,right
676.174,-612,806,right
676.274,-615,804,right
676.357,-613,778,right
676.450,-636,753,right
676.551,-647,731,right
676.673,-605,728,right
676.796,-633,696,right
677.090,-756,710,right
677.179,-777,722,right
677.275,-782,725,right
677.379,-780,725,right
677.484,-773,714,right
677.584,-768,714,right
677.690,-759,711,right
677.821,-765,712,right
678.152,-821,761,right
678.263,-818,764,right
678.388,-821,757,right
678.511,-813,755,right
678.964,-611,757,right
679.082,-611,756,right
682.123,-744,842,right
682.175,-744,846,right
682.291,-764,884,right
682.389,-768,895,right
682.488,-772,879,right
682.577,-772,877,right
682.703,-688,970,right
682.794,-677,972,right
682.909,-574,989,right
683.022,-565,979,right
683.135,-519,944,right
683.239,-519,943,right
683.386,-517,1015,right
683.540,-605,1064,right
683.614,-620,1056,right
683.742,-671,995,right
683.824,-672,986,right
683.936,-699,863,right
684.012,-697,854,right
684.126,-697,852,right
684.201,-698,838,right
684.308,-706,819,right
684.403,-704,810,right
684.479,-703,810,right
684.598,-586,947,right
684.705,-587,946,right
684.781,-606,848,right
684.896,-603,804,right
685.003,-581,763,right
685.122,-569,748,right
685.490,-564,940,right
685.581,-624,994,right
685.676,-638,1006,right
685.767,-639,1017,right
685.854,-681,1019,right
685.962,-759,1058,right
686.059,-751,1315,right
686.156,-758,1278,right
686.262,-695,1317,right
686.369,-660,1380,right
686.471,-654,1518,right
686.578,-680,1650,right
686.679,-767,1794,right
686.801,-781,1859,right
688.427,-1117,1862,right
688.530,-1115,1862,right
688.930,-1070,1894,right
689.018,-1073,1897,right
698.178,-1116,1960,right
698.313,-1115,1960,right
698.896,-1090,1969,right
698.957,-1090,1969,right
700.574,-1217,1987,left
700.674,-1217,1987,left
702.009,-466,490,right
702.099,-480,489,right
702.196,-453,495,right
702.296,-450,495,right
702.372,-448,489,right
702.473,-450,496,right
713.378,-438,820,left
713.629,-640,1024,left
714.731,-740,1323,right
714.824,-741,1335,right
714.918,-737,1349,right
715.024,-746,1360,right
715.093,-744,1410,right
715.189,-744,1424,right
715.289,-714,1454,right
715.404,-714,1454,right
715.505,-706,1476,right
715.608,-704,1478,right
715.699,-698,1512,right
715.824,-699,1508,right
715.918,-677,1512,right
716.037,-676,1513,right
716.119,-674,1523,right
716.249,-685,1523,right
716.346,-692,1524,right
716.446,-705,1525,right
716.792,-964,1478,right
716.919,-975,1473,right
717.016,-970,1478,right
717.136,-975,1480,right
717.213,-973,1491,right
717.312,-972,1490,right
717.408,-982,1489,right
717.511,-983,1495,right
717.598,-977,1506,right
717.711,-978,1508,right
717.809,-984,1503,right
717.929,-986,1505,right
718.030,-997,1499,right
718.140,-998,1496,right
718.254,-990,1486,right
718.350,-976,1489,right
718.581,-932,1562,right
718.676,-932,1562,right
718.787,-957,1537,right
718.891,-960,1541,right
719.060,-952,1613,right
719.209,-955,1663,right
719.868,-335,1456,right
719.954,-220,1438,right
720.045,-232,1470,right
720.145,-243,1456,right
720.282,-156,1432,right
720.381,-149,1411,right
721.174,-283,1545,right
721.279,-285,1545,right
721.376,-293,1542,right
721.491,-298,1543,right
721.927,-164,1116,right
722.033,-164,1116,right
723.041,-449,1044,right
723.131,-448,1046,right
723.906,-179,854,right
723.994,-205,889,right
724.110,-247,910,right
724.208,-289,936,right
724.294,-289,929,right
724.412,-288,928,right
733.166,-397,781,right
733.285,-397,781,right
735.793,-397,781,right
735.931,-397,781,right
737.575,-397,781,right
737.693,-397,781,right
743.661,-527,908,right
743.756,-526,908,right
744.095,-535,924,right
744.176,-535,924,right
746.344,-1081,795,left
746.398,-1081,795,left
746.938,-365,942,right
747.041,-389,951,right
754.647,-1254,1296,left
754.749,-1254,1296,left
757.415,-476,209,right
757.516,-475,211,right
759.069,-1099,1949,right
759.184,-1098,1949,right
760.254,-1148,1901,left
760.341,-1148,1901,left
778.340,-484,1357,right
778.436,-485,1357,right
778.548,-485,1357,right
778.647,-485,1357,right
778.743,-486,1357,right
778.848,-485,1358,right
780.052,-524,1203,right
780.109,-523,1203,right
788.336,-617,1220,right
788.462,-617,1220,right
790.203,-541,1154,right
790.328,-538,1154,right
792.749,-882,1572,right
792.866,-883,1576,right
793.829,-807,1636,right
793.917,-817,1644,right
794.945,-755,506,right
795.058,-839,523,right
795.126,-823,541,right
795.221,-824,541,right
796.478,-659,1056,right
796.564,-670,1061,right
796.642,-677,1059,right
796.731,-690,1079,right
798.099,-667,1017,right
798.194,-663,1012,right
798.290,-651,991,right
798.403,-650,990,right
798.706,-445,746,right
798.782,-426,680,right
798.880,-415,665,right
798.968,-414,665,right
799.615,-756,1165,left
800.006,-640,1024,left
801.032,-451,953,right
801.129,-452,954,right
801.949,-528,773,right
802.054,-526,773,right
802.147,-526,769,right
802.246,-525,769,right
804.500,-300,793,right
804.599,-300,793,right
804.718,-301,787,right
804.822,-302,785,right
806.433,-127,92,right
806.535,-426,279,right
806.626,-324,235,right
806.725,-342,202,right
806.799,-342,201,right
806.893,-342,201,right
807.517,-329,646,right
807.619,-329,647,right
807.693,-402,751,right
807.809,-424,810,right
807.872,-438,837,right
807.995,-585,885,right
809.439,-295,912,right
809.541,-260,914,right
809.641,-170,837,right
809.763,-165,795,right
810.571,-388,358,right
810.695,-374,349,right
811.323,-712,184,right
811.417,-710,188,right
812.943,-306,1438,right
813.030,-304,1442,right
813.124,-296,1427,right
813.223,-297,1177,right
813.324,-224,929,right
813.430,-173,966,right
813.777,-27,1806,right
813.881,-13,1847,right
814.699,-90,1804,right
814.796,-88,1805,right
815.684,-109,1270,right
815.787,-109,1270,right
816.898,-556,527,right
816.985,-554,530,right
817.090,-548,572,right
817.183,-545,576,right
821.276,-226,887,right
821.387,-236,913,right
821.475,-235,911,right
821.562,-236,914,right
832.076,-240,1288,right
832.168,-239,1288,right
834.514,-170,279,right
834.634,-159,279,right
835.805,-315,642,right
835.906,-322,656,right
836.004,-306,673,right
836.102,-305,673,right
839.737,-709,1939,right
839.809,-708,1939,right
846.833,-1184,1993,right
846.971,-1197,1995,right
847.219,-1201,1998,right
847.327,-1201,1998,right
847.584,-1200,2001,left
847.706,-1200,2001,left
849.528,-760,900,right
849.636,-789,907,right
849.712,-873,855,right
849.814,-874,853,right
849.896,-874,853,right
849.985,-874,855,right
850.598,-716,888,right
850.669,-722,928,right
850.765,-728,935,right
850.852,-730,943,right
850.941,-735,943,right
851.024,-736,945,right
851.114,-737,948,right
851.209,-737,950,right
852.951,-306,786,right
853.052,-302,791,right
854.616,-0,452,right
854.712,-19,658,right
854.824,-93,768,right
854.921,-98,774,right
855.016,-101,788,right
855.118,-63,779,right
857.665,-1004,1363,right
857.768,-995,1390,right
857.858,-1002,1414,right
857.944,-1000,1415,right
858.034,-1002,1474,right
858.135,-1001,1479,right
858.752,-1000,1485,right
858.831,-1000,1485,right
858.954,-1002,1490,right
859.051,-1001,1490,right
859.805,-746,1293,right
859.905,-745,1295,right
859.998,-746,1295,right
860.111,-745,1299,right
860.480,-728,1320,right
860.569,-727,1320,right
860.653,-729,1323,right
860.748,-730,1329,right
860.860,-730,1329,right
860.967,-730,1329,right
868.107,-491,1094,right
868.208,-491,1094,right
871.840,-611,406,right
871.941,-619,403,right
872.058,-627,402,right
872.167,-628,396,right
875.331,-341,1594,right
875.425,-304,1603,right
875.521,-320,1624,right
875.626,-337,1635,right
875.717,-382,1673,right
875.815,-389,1680,right
875.898,-400,1697,right
875.974,-400,1697,right
876.066,-403,1712,right
876.157,-403,1712,right
881.544,-886,1128,right
881.671,-893,1122,right
883.908,-212,645,right
884.005,-212,644,right
884.118,-227,635,right
884.231,-211,627,right
884.319,-212,625,right
884.441,-212,624,right
887.658,-705,932,right
887.770,-704,932,right
888.386,-11,410,right
888.519,-299,491,right
888.623,-366,537,right
888.725,-339,549,right
888.820,-329,562,right
888.928,-320,557,right
889.809,-913,1139,right
889.901,-912,1140,right
890.034,-831,1325,right
890.126,-882,1371,right
890.213,-928,1418,right
890.302,-941,1437,right
890.393,-954,1543,right
890.498,-962,1556,right
890.595,-957,1609,right
890.695,-953,1615,right
890.795,-936,1643,right
890.895,-937,1641,right
890.989,-917,1642,right
891.096,-915,1640,right
891.206,-885,1629,right
891.322,-884,1627,right
891.435,-878,1627,right
891.549,-877,1627,right
891.811,-853,1615,right
891.908,-849,1613,right
892.403,-827,1588,right
892.507,-826,1588,right
892.590,-826,1588,right
892.706,-826,1587,right
892.793,-825,1585,right
892.907,-825,1585,right
892.996,-821,1583,right
893.122,-820,1583,right
893.225,-820,1582,right
893.347,-818,1583,right
893.427,-820,1582,right
893.548,-824,1586,right
893.622,-824,1586,right
893.746,-824,1586,right
893.828,-824,1586,right
893.958,-828,1590,right
895.372,-270,1496,right
895.491,-271,1499,right
895.549,-249,1493,right
895.661,-188,1449,right
895.757,-131,1434,right
895.857,-75,1372,right
895.963,-68,1371,right
896.087,-61,1370,right
896.174,-0,1376,right
896.204,-0,1378,right
896.428,-222,1435,right
896.546,-276,1420,right
896.640,-337,1398,right
896.754,-473,1333,right
896.822,-547,1306,right
896.944,-554,1316,right
897.665,-626,1355,right
897.809,-687,1367,right
897.885,-739,1409,right
897.965,-756,1425,right
898.053,-765,1419,right
898.166,-780,1420,right
898.766,-557,1533,right
898.852,-581,1516,right
898.964,-561,1517,right
899.063,-559,1514,right
899.388,-404,1576,right
899.482,-403,1586,right
899.767,-414,1394,right
899.857,-413,1394,right
899.975,-406,1393,right
900.093,-398,1397,right
900.611,-628,1482,right
900.713,-628,1450,right
900.874,-595,1435,right
900.949,-595,1435,right
901.380,-239,1255,right
901.475,-236,1255,right
901.620,-250,1211,right
901.729,-250,1210,right
902.385,-505,1376,right
902.484,-533,1386,right
902.597,-310,1498,right
902.708,-301,1514,right
902.790,-222,1473,right
902.884,-222,1472,right
902.974,-206,1435,right
903.086,-181,1349,right
903.163,-193,1346,right
903.272,-280,1333,right
903.355,-444,1584,right
903.463,-577,1458,right
903.546,-577,1456,right
903.653,-594,1456,right
903.738,-653,1442,right
903.845,-693,1405,right
903.949,-686,1306,right
904.083,-672,982,right
904.171,-661,968,right
904.292,-634,964,right
904.420,-414,958,right
904.502,-412,958,right
904.603,-336,951,right
904.698,-339,951,right
904.819,-351,939,right
904.915,-350,939,right
905.452,-424,788,right
905.545,-409,793,right
905.686,-140,852,right
905.798,-70,854,right
905.916,-149,841,right
906.019,-242,790,right
906.647,-235,510,right
906.733,-212,502,right
907.437,-516,230,right
907.548,-512,232,right
907.668,-558,277,right
907.822,-578,260,right
908.818,-428,639,left
908.946,-640,1024,left
911.721,-551,438,right
911.814,-560,453,right
911.914,-560,453,right
912.021,-562,468,right
914.271,-410,545,right
914.386,-420,555,right
916.844,-510,862,right
916.969,-501,860,right
917.679,-359,1345,left
917.781,-640,1024,left
918.513,-628,1295,right
918.611,-667,1284,right
918.718,-753,1277,right
918.806,-825,1265,right
918.902,-834,1265,right
919.002,-859,1264,right
919.104,-911,1246,right
919.211,-912,1246,right
919.928,-945,1346,right
920.026,-945,1347,right
920.820,-740,1517,right
920.937,-773,1504,right
921.054,-807,1465,right
921.167,-830,1438,right
921.458,-798,1237,right
921.574,-790,1234,right
921.705,-814,1274,right
921.808,-813,1273,right
923.300,-560,1041,right
923.391,-562,1048,right
923.490,-571,1058,right
923.613,-577,1057,right
924.209,-577,961,right
924.319,-653,939,right
925.482,-67,873,right
925.572,-67,872,right
925.669,-49,822,right
925.755,-0,692,right
925.886,-0,347,right
926.024,-4,189,right
927.294,-283,482,left
927.403,-640,1024,left
929.191,-564,1419,right
929.286,-552,1427,right
929.377,-568,1425,right
929.496,-568,1424,right
929.578,-578,1422,right
929.697,-577,1422,right
929.796,-577,1422,right
929.923,-577,1422,right
931.889,-187,548,right
931.961,-191,506,right
932.062,-181,454,right
932.197,-177,409,right
933.549,-565,556,right
933.636,-565,556,right
933.737,-568,529,right
933.829,-580,484,right
934.636,-699,674,right
934.742,-699,674,right
934.830,-699,672,right
934.933,-698,672,right
936.776,-512,916,right
936.854,-517,923,right
936.972,-537,932,right
937.090,-559,947,right
937.175,-567,943,right
937.282,-566,943,right
939.496,-836,1189,right
939.598,-825,1193,right
939.678,-774,1220,right
939.788,-774,1223,right
939.905,-784,1247,right
940.012,-790,1273,right
940.113,-759,1374,right
940.211,-743,1403,right
940.300,-717,1567,right
940.429,-705,1570,right
941.355,-407,1364,left
941.448,-640,1024,left
941.764,-222,1618,right
941.863,-224,1622,right
941.960,-211,1631,right
942.045,-81,1776,right
942.721,-447,1429,right
942.838,-442,1434,right
942.930,-446,1410,right
943.024,-451,1361,right
943.430,-439,1222,right
943.525,-438,1222,right
943.643,-479,1099,right
943.757,-512,1043,right
944.253,-452,1413,right
944.367,-558,1467,right
944.447,-620,1443,right
944.570,-648,1453,right
944.669,-679,1407,right
944.815,-687,1386,right
944.942,-707,972,right
945.067,-711,882,right
945.157,-708,889,right
945.235,-707,890,right
945.333,-723,899,right
945.441,-722,894,right
945.527,-732,897,right
945.627,-732,905,right
945.711,-736,905,right
945.828,-736,906,right
946.046,-746,917,right
946.174,-746,917,right
946.557,-744,912,right
946.677,-744,913,right
947.625,-721,916,right
947.745,-721,916,right
948.023,-702,925,right
948.138,-702,923,right
964.355,-696,923,right
964.481,-696,923,right
965.110,-696,923,right
965.217,-696,923,right
978.055,-501,1379,right
978.165,-531,1477,right
978.240,-447,1511,right
978.355,-447,1518,right
978.916,-246,1554,right
978.995,-246,1557,right
979.095,-238,1636,right
979.193,-247,1636,right
980.962,-1097,791,left
981.034,-1097,791,left
981.704,-234,1449,right
981.777,-233,1449,right
981.866,-226,1461,right
981.958,-226,1461,right
983.260,-461,1390,right
983.357,-460,1390,right
983.458,-461,1390,right
983.578,-461,1389,right
985.188,-483,1422,right
985.280,-483,1425,right
985.363,-483,1425,right
985.468,-484,1431,right
985.559,-485,1434,right
985.677,-485,1437,right
985.772,-485,1437,right
985.907,-486,1440,right
985.989,-486,1441,right
986.105,-486,1441,right
986.212,-486,1441,right
986.272,-491,1441,right
986.560,-540,964,right
986.653,-631,693,right
986.728,-825,634,right
986.845,-880,608,right
986.895,-919,580,right
987.025,-1053,486,right
988.042,-714,49,right
988.123,-714,49,right
988.226,-532,144,right
988.308,-446,154,right
988.420,-339,331,right
988.504,-334,344,right
988.590,-344,451,right
988.695,-346,455,right
988.782,-339,562,right
988.897,-346,583,right
988.990,-351,604,right
989.095,-344,627,right
989.169,-339,680,right
989.281,-338,681,right
989.365,-390,775,right
989.473,-393,780,right
989.547,-412,803,right
989.664,-413,805,right
989.741,-418,806,right
989.855,-419,807,right
989.946,-426,807,right
990.105,-438,805,right
992.810,-509,994,right
992.914,-510,991,right
993.004,-524,992,right
993.113,-530,994,right
994.609,-382,955,right
994.687,-382,957,right
994.806,-410,1021,right
994.911,-410,1023,right
994.995,-411,1023,right
995.077,-411,1023,right
997.083,-403,1559,right
997.183,-389,1594,right
997.259,-392,1674,right
997.378,-433,1667,right
997.446,-486,1793,right
997.558,-484,1800,right
997.645,-499,1802,right
997.734,-512,1794,right
997.825,-559,1800,right
997.939,-568,1804,right
998.031,-569,1785,right
998.129,-571,1790,right
998.215,-565,1794,right
998.312,-567,1772,right
998.409,-565,1766,right
998.497,-565,1766,right
999.468,-516,1640,right
999.594,-520,1623,right
999.716,-452,1653,right
999.807,-436,1652,right
999.912,-389,1665,right
999.998,-357,1656,right
1000.081,-302,1688,right
1000.203,-326,1653,right
1000.270,-323,1643,right
1000.388,-360,1662,right
1000.470,-357,1651,right
1000.556,-359,1662,right
1000.653,-358,1667,right
1000.753,-358,1674,right
1000.835,-360,1702,right
1000.948,-359,1703,right
1001.018,-359,1702,right
1001.141,-358,1702,right
1001.222,-358,1701,right
1001.332,-357,1699,right
1001.410,-355,1698,right
1001.518,-354,1699,right
1001.603,-349,1707,right
1001.711,-349,1706,right
1001.796,-349,1707,right
1001.893,-350,1707,right
1001.977,-350,1707,right
1002.082,-350,1707,right
1002.171,-350,1707,right
1002.282,-352,1712,right
1004.784,-1244,1323,left
1004.853,-1242,1323,left
1007.266,-600,355,left
1007.340,-595,351,left
1008.187,-397,1042,right
1008.267,-397,1041,right
1026.869,-1013,1862,right
1026.977,-1013,1862,right
1027.113,-1013,1862,right
1027.222,-1013,1862,right
1027.331,-1013,1862,right
1027.439,-1013,1862,right
1027.544,-1013,1862,right
1027.673,-1013,1862,right
1029.797,-1013,1862,right
1029.938,-1013,1862,right
1030.040,-1015,1861,right
1030.150,-1015,1861,right
1032.102,-1018,1868,right
1032.216,-1018,1868,right
1034.834,-1181,1996,right
1034.962,-1182,2000,right
1039.885,-571,626,right
1039.994,-571,626,right
1049.100,-184,727,right
1049.183,-184,727,right
1052.719,-381,592,right
1052.833,-381,592,right
1055.825,-220,660,right
1055.925,-220,660,right
1057.318,-662,729,right
1057.418,-671,720,right
1057.520,-685,698,right
1057.616,-686,700,right
1059.094,-232,831,right
1059.169,-228,835,right
1059.252,-244,850,right
1059.358,-244,853,right
1059.597,-0,812,right
1059.712,-0,813,right
1059.960,-364,818,right
1060.086,-440,833,right
1060.197,-483,780,right
1060.300,-483,780,right
1060.375,-483,779,right
1060.477,-483,779,right
1064.859,-242,815,right
1064.973,-240,815,right
1066.648,-518,776,right
1066.744,-520,779,right
1066.855,-549,765,right
1066.965,-560,764,right
1068.443,-185,649,right
1068.530,-187,649,right
1068.630,-152,634,right
1068.713,-107,622,right
1069.234,-17,590,right
1069.348,-17,560,right
1069.464,-0,334,right
1069.595,-0,167,right
1070.155,-393,400,right
1070.250,-393,400,right
1071.671,-222,640,right
1071.768,-222,640,right
1071.863,-243,646,right
1071.969,-243,645,right
1072.047,-246,649,right
1072.160,-247,651,right
1072.338,-256,665,right
1072.454,-256,665,right
1079.254,-529,506,right
1079.371,-529,506,right
1086.126,-491,674,right
1086.219,-487,677,right
1089.423,-723,613,right
1089.521,-723,613,right
1091.677,-777,715,right
1091.760,-777,717,right
1091.849,-817,702,right
1091.936,-857,687,right
1092.024,-958,619,right
1092.155,-1279,190,right
1092.529,-835,221,right
1092.613,-834,220,right
1092.711,-832,207,right
1092.806,-836,200,right
1093.938,-793,723,right
1094.060,-795,728,right
1094.512,-881,788,right
1094.604,-881,791,right
1096.892,-181,454,right
1096.995,-176,454,right
1097.094,-218,419,right
1097.200,-223,404,right
1097.273,-223,404,right
1097.369,-224,406,right
1097.444,-225,406,right
1097.552,-226,412,right
1107.016,-765,1313,right
1107.139,-783,1318,right
1110.071,-255,727,right
1110.171,-253,678,right
1110.248,-243,612,right
1110.356,-246,564,right
1110.733,-681,1070,right
1110.848,-729,1059,right
1111.059,-642,664,right
1111.161,-574,495,right
1111.263,-517,384,right
1111.371,-481,238,right
1111.774,-0,24,right
1111.894,-0,33,right
1113.150,-68,2031,right
1113.267,-58,2021,right
1113.787,-44,1964,right
1113.899,-0,2029,right
1115.155,-836,1675,right
1115.268,-835,1677,right
1115.588,-930,1684,right
1115.688,-928,1684,right
1120.298,-1241,1953,left
1120.385,-1241,1953,left
1123.979,-436,945,right
1124.142,-427,914,right
1124.204,-422,894,right
1124.391,-420,888,right
1124.494,-418,883,right
1124.637,-417,877,right
1134.019,-1108,868,left
1134.091,-1108,868,left
1135.872,-377,1426,right
1135.979,-377,1426,right
1137.351,-963,741,right
1137.430,-963,741,right
1137.516,-963,741,right
1137.607,-950,746,right
1137.690,-968,719,right
1137.821,-991,655,right
1139.379,-133,881,right
1139.477,-202,927,right
1139.757,-134,746,right
1139.855,-146,712,right
1139.962,-154,665,right
1140.063,-156,656,right
1140.142,-155,632,right
1140.248,-155,630,right
1140.322,-156,600,right
1140.420,-156,600,right
1140.493,-157,594,right
1140.621,-157,593,right
1145.173,-708,882,right
1145.281,-708,882,right
1145.401,-706,876,right
1145.512,-706,876,right
1146.131,-712,867,right
1146.233,-710,868,right
1146.334,-711,863,right
1146.435,-710,864,right
1147.290,-703,976,right
1147.404,-727,1018,right
1147.485,-722,1014,right
1147.609,-722,1014,right
1155.479,-188,634,right
1155.580,-51,662,right
1155.663,-0,542,right
1155.780,-39,130,right
1156.508,-343,985,right
1156.602,-343,988,right
1156.696,-343,982,right
1156.821,-347,982,right
1158.857,-1219,1994,left
1158.952,-1219,1994,left
1160.718,-556,617,right
1160.819,-556,617,right
1160.968,-564,682,right
1161.080,-567,720,right
1161.167,-566,723,right
1161.272,-565,723,right
1163.490,-575,735,right
1163.618,-575,735,right
1170.902,-433,713,right
1171.013,-433,714,right
1172.669,-19,548,right
1172.766,-17,548,right
1172.853,-16,552,right
1172.962,-17,552,right
1178.139,-717,1025,right
1178.255,-717,1026,right
1178.734,-647,1019,right
1178.812,-647,1019,right
1178.906,-647,1019,right
1179.078,-646,1020,right
1182.297,-574,1181,right
1182.396,-573,1181,right
1187.975,-1246,1367,left
1188.059,-1246,1367,left
1192.924,-387,1281,right
1193.037,-387,1283,right
1194.564,-1032,257,left
1194.650,-1031,257,left
1196.187,-182,965,left
1196.269,-182,967,left
1197.071,-372,1273,right
1197.175,-371,1273,right
1197.967,-1120,1973,right
1198.065,-1120,1976,right
1198.424,-1144,1982,right
1198.523,-1143,1982,right
1199.439,-1170,2001,left
1199.521,-1170,2001,left
1207.031,-805,517,right
1207.129,-768,554,right
1207.224,-787,567,right
1207.318,-786,566,right
1210.205,-775,1375,right
1210.282,-775,1375,right
1210.846,-724,711,right
1210.951,-719,701,right
1211.057,-721,622,right
1211.170,-728,581,right
1211.271,-733,519,right
1211.360,-742,448,right
1211.454,-743,444,right
1211.553,-743,444,right
1211.651,-746,437,right
1211.774,-744,437,right
1213.489,-1071,101,right
1213.591,-957,216,right
1214.116,-734,412,right
1214.233,-710,428,right
1214.331,-710,417,right
1214.442,-711,415,right
1214.573,-684,301,right
1214.671,-673,284,right
1214.758,-673,286,right
1214.856,-672,286,right
1224.979,-0,1244,right
1225.099,-0,1368,right
1225.433,-44,2047,right
1225.506,-40,2047,right
1226.280,-176,3,right
1226.365,-157,0,right
1226.512,-0,0,right
1226.654,-0,1,right
1226.957,-47,0,right
1227.045,-47,0,right
1227.962,-572,811,right
1228.037,-571,811,right
1228.129,-587,804,right
1228.225,-586,805,right
1233.330,-1039,1502,right
1233.428,-1038,1501,right
1239.095,-591,581,right
1239.197,-596,581,right
1239.249,-599,580,right
1239.377,-597,579,right
1239.453,-592,561,right
1239.530,-592,564,right
1239.655,-540,570,right
1239.782,-539,570,right
1239.875,-523,562,right
1239.972,-523,559,right
1240.083,-513,543,right
1240.172,-512,543,right
1240.265,-483,486,right
1240.355,-486,477,right
1240.432,-485,471,right
1240.534,-485,471,right
1242.425,-552,582,right
1242.527,-553,573,right
1243.765,-716,515,right
1243.847,-720,505,right
1243.930,-747,469,right
1244.018,-747,469,right
1244.127,-739,430,right
1244.216,-748,420,right
1244.301,-742,413,right
1244.388,-762,401,right
1244.761,-804,1078,right
1244.842,-806,1084,right
1244.929,-850,1174,right
1245.017,-859,1198,right
1245.130,-864,1198,right
1245.212,-864,1200,right
1245.405,-763,1635,right
1245.510,-781,1646,right
1246.066,-20,1271,right
1246.197,-0,1238,right
1246.752,-259,487,right
1246.845,-274,230,right
1246.947,-204,71,right
1247.078,-124,0,right
1248.265,-727,470,right
1248.372,-725,475,right
1248.443,-726,474,right
1248.551,-727,473,right
1253.462,-404,531,right
1253.573,-403,462,right
1253.659,-398,375,right
1253.748,-398,374,right
1254.121,-327,367,right
1254.208,-327,367,right
1254.573,-303,350,right
1254.624,-307,359,right
1254.769,-414,336,right
1254.858,-415,338,right
1254.954,-416,338,right
1255.049,-422,335,right
1255.126,-431,330,right
1255.250,-430,330,right
1255.349,-430,330,right
1255.507,-430,330,right
1255.941,-426,331,right
1256.020,-426,331,right
1256.158,-344,331,right
1256.271,-344,330,right
1256.385,-342,324,right
1256.486,-338,308,right
1256.552,-333,293,right
1256.772,-324,274,right
1256.924,-320,268,right
1257.019,-320,268,right
1262.817,-987,2009,right
1262.936,-980,2014,right
1263.798,-879,1272,right
1263.886,-872,1216,right
1263.953,-910,1167,right
1264.056,-924,1181,right
1264.134,-962,1205,right
1264.233,-967,1223,right
1264.519,-0,1320,right
1264.638,-0,1319,right
1264.717,-0,1335,right
1264.832,-0,1332,right
1265.221,-0,1118,right
1265.341,-0,1123,right
1266.113,-467,595,right
1266.188,-466,596,right
1266.273,-464,587,right
1266.372,-464,588,right
1266.749,-492,1010,right
1266.843,-491,1011,right
1271.422,-593,498,right
1271.523,-599,485,right
1274.359,-902,1740,right
1274.455,-879,1732,right
1274.541,-863,1700,right
1274.632,-864,1694,right
1274.695,-897,1636,right
1274.802,-920,1656,right
1274.877,-954,1651,right
1274.970,-967,1655,right
1275.053,-973,1655,right
1275.161,-1020,1660,right
1275.721,-826,1365,right
1275.813,-829,1376,right
1275.895,-830,1377,right
1275.998,-837,1381,right
1276.082,-866,1366,right
1276.202,-871,1373,right
1276.308,-873,1374,right
1276.370,-873,1374,right
1278.532,-578,1228,right
1278.640,-576,1227,right
1278.702,-573,1224,right
1278.825,-589,1122,right
1278.911,-585,1116,right
1279.020,-585,1118,right
1279.085,-574,1120,right
1279.462,-602,1099,right
1279.516,-608,1063,right
1279.632,-618,1056,right
1279.743,-618,1055,right
1279.842,-628,988,right
1279.939,-629,988,right
1280.065,-629,989,right
1280.145,-629,989,right
1280.271,-629,991,right
1280.336,-629,991,right
1280.491,-672,907,right
1280.554,-661,892,right
1280.663,-661,892,right
1280.752,-662,892,right
1280.788,-662,892,right
1282.869,-683,664,right
1282.955,-682,656,right
1283.152,-686,650,right
1283.248,-746,661,right
1283.346,-812,581,right
1283.454,-933,306,right
1283.779,-939,384,right
1283.882,-951,362,right
1284.333,-897,242,right
1284.435,-896,248,right
1285.725,-1100,805,left
1285.796,-1099,805,left
1286.464,-784,1276,right
1286.555,-818,1339,right
1286.646,-834,1361,right
1286.746,-849,1369,right
1286.821,-851,1393,right
1286.920,-895,1501,right
1288.459,-619,312,right
1288.581,-626,360,right
1288.660,-623,338,right
1288.775,-622,340,right
1290.619,-540,674,right
1290.739,-556,685,right
1293.060,-50,78,right
1293.170,-40,15,right
1293.840,-412,369,right
1293.954,-412,369,right
1294.088,-411,368,right
1294.215,-410,367,right
1294.968,-515,1473,right
1295.049,-516,1486,right
1295.138,-547,1487,right
1295.212,-570,1476,right
1295.299,-592,1485,right
1295.393,-610,1516,right
1296.106,-638,1182,right
1296.202,-651,1177,right
1296.606,-555,1000,right
1296.721,-638,1027,right
1296.819,-712,1019,right
1296.914,-712,1021,right
1297.053,-733,1014,right
1297.168,-737,1013,right
1298.019,-795,812,right
1298.129,-889,792,right
1298.238,-805,836,right
1298.342,-787,834,right
1298.442,-768,935,right
1298.571,-742,932,right
1298.661,-700,991,right
1298.753,-702,929,right
1298.826,-703,932,right
1298.933,-712,923,right
1299.017,-721,897,right
1299.111,-745,819,right
1299.203,-743,822,right
1299.307,-758,814,right
1299.416,-782,715,right
1299.496,-785,708,right
1299.674,-220,982,right
1299.757,-217,981,right
1299.861,-315,886,right
1299.959,-200,904,right
1300.043,-181,901,right
1300.154,-268,838,right
1300.255,-463,690,right
1300.378,-646,578,right
1300.455,-673,553,right
1300.567,-748,525,right
1300.673,-763,543,right
1300.772,-731,531,right
1300.907,-637,544,right
1301.007,-641,539,right
1301.095,-642,504,right
1301.214,-642,504,right
1301.325,-667,500,right
1301.443,-691,467,right
1301.870,-620,821,right
1302.005,-746,960,right
1302.074,-747,963,right
1302.184,-748,963,right
1302.312,-743,984,right
1302.412,-763,999,right
1302.679,-549,1168,right
1302.772,-512,1161,right
1302.883,-481,1174,right
1302.994,-659,1169,right
1303.093,-676,1184,right
1303.186,-682,1191,right
1303.346,-621,1409,right
1303.463,-621,1410,right
1303.623,-185,1115,right
1303.735,-156,1074,right
1303.834,-133,1111,right
1303.943,-143,941,right
1304.655,-251,1285,right
1304.753,-272,1296,right
1305.402,-40,1916,right
1305.501,-98,1878,right
1305.733,-282,1666,right
1305.848,-280,1637,right
1306.306,-353,1246,right
1306.398,-357,1235,right
1306.507,-359,1226,right
1306.601,-359,1227,right
1306.698,-363,1226,right
1306.814,-382,1244,right
1307.187,-532,1404,right
1307.317,-531,1398,right
1307.440,-540,1388,right
1307.583,-553,1382,right
1307.718,-551,1375,right
1307.806,-551,1375,right
1307.914,-551,1375,right
1307.997,-551,1377,right
1308.819,-380,1542,right
1308.932,-379,1552,right
1308.991,-377,1631,right
1309.136,-381,1632,right
1309.216,-382,1633,right
1309.345,-383,1634,right
1309.625,-290,1725,right
1309.805,-290,1727,right
1309.921,-290,1727,right
1310.025,-290,1726,right
1310.121,-290,1726,right
1310.232,-290,1726,right
1310.315,-290,1726,right
1310.430,-290,1726,right
1310.516,-290,1726,right
1310.633,-290,1726,right
1310.728,-290,1726,right
1310.863,-290,1726,right
1316.783,-1173,1951,right
1316.909,-1170,1950,right
1317.345,-1163,1950,right
1317.460,-1163,1950,right
1328.805,-549,1503,right
1328.916,-551,1509,right
1333.513,-266,1236,right
1333.632,-266,1235,right
1333.724,-266,1235,right
1333.849,-266,1235,right
1333.952,-266,1235,right
1334.058,-266,1235,right
1334.170,-266,1235,right
1334.269,-266,1235,right
1334.374,-265,1226,right
1334.479,-260,1205,right
1334.589,-260,1205,right
1334.674,-260,1205,right
1345.004,-445,408,right
1345.087,-504,476,right
1345.178,-508,490,right
1345.300,-476,480,right
1345.375,-474,480,right
1345.471,-475,473,right
1345.546,-520,443,right
1345.621,-497,459,right
1345.695,-485,497,right
1345.803,-489,511,right
1345.903,-490,512,right
1346.005,-490,512,right
1346.088,-490,511,right
1346.198,-520,516,right
1346.277,-518,512,right
1346.392,-522,518,right
1346.466,-523,518,right
1346.567,-522,518,right
1346.650,-522,544,right
1346.774,-555,488,right
1346.866,-573,425,right
1346.961,-589,397,right
1347.028,-569,391,right
1347.132,-568,391,right
1347.208,-569,391,right
1347.322,-587,376,right
1347.406,-599,363,right
1347.533,-637,367,right
1347.588,-637,367,right
1347.772,-637,367,right
1347.861,-665,305,right
1347.937,-666,302,right
1348.091,-695,261,right
1348.147,-695,259,right
1348.317,-691,260,right
1348.517,-687,257,right
1348.618,-684,284,right
1348.723,-687,301,right
1348.813,-686,293,right
1348.898,-689,297,right
1350.023,-404,1185,right
1350.146,-507,1134,right
1350.234,-573,1119,right
1350.335,-629,1132,right
1350.418,-651,1241,right
1350.519,-698,1196,right
1350.621,-727,1199,right
1350.732,-733,1208,right
1350.848,-738,1209,right
1350.931,-749,1208,right
1351.026,-812,1305,right
1351.135,-834,1324,right
1351.217,-875,1360,right
1351.313,-885,1392,right
1351.814,-673,1294,right
1351.910,-698,1312,right
1351.999,-746,1376,right
1352.129,-775,1392,right
1353.197,-731,1279,right
1353.312,-733,1282,right
1353.448,-772,1331,right
1353.560,-773,1335,right
1354.681,-16,5,right
1354.756,-93,0,right
1354.937,-474,218,right
1355.044,-470,324,right
1355.720,-721,1578,right
1355.827,-733,1572,right
1355.929,-807,1464,right
1356.027,-754,1487,right
1356.125,-700,1520,right
1356.215,-700,1517,right
1356.309,-701,1517,right
1356.411,-702,1510,right
1356.503,-705,1499,right
1356.610,-705,1498,right
1356.717,-705,1499,right
1356.815,-705,1502,right
1356.910,-705,1517,right
1356.997,-710,1524,right
1357.525,-754,1513,right
1357.627,-754,1512,right
1357.749,-746,1508,right
1357.848,-746,1508,right
1357.952,-722,1506,right
1358.059,-721,1504,right
1358.146,-721,1502,right
1358.257,-721,1502,right
1358.350,-715,1503,right
1358.472,-713,1503,right
1358.563,-710,1504,right
1358.665,-709,1504,right
1358.745,-709,1504,right
1358.849,-709,1504,right
1358.942,-709,1504,right
1359.053,-709,1505,right
1359.170,-708,1514,right
1359.281,-708,1514,right
1359.399,-708,1514,right
1359.537,-708,1514,right
1359.718,-708,1514,right
1359.890,-708,1514,right
1360.478,-625,1536,right
1360.582,-624,1535,right
1360.694,-625,1534,right
1360.824,-625,1534,right
1360.918,-625,1534,right
1361.049,-625,1534,right
1363.414,-629,1854,right
1363.510,-629,1858,right
1363.588,-665,1848,right
1363.712,-678,1869,right
1363.799,-704,1870,right
1363.914,-791,1873,right
1363.994,-889,1864,right
1364.098,-946,1858,right
1364.191,-961,1847,right
1364.284,-979,1835,right
1364.378,-1014,1863,right
1364.490,-1017,1871,right
1364.560,-1031,1902,right
1364.683,-1033,1906,right
1364.783,-1018,1886,right
1364.891,-1028,1910,right
1365.268,-761,1348,right
1365.359,-786,1348,right
1365.472,-807,1389,right
1365.573,-804,1388,right
1365.886,-610,1356,right
1365.973,-659,1383,right
1366.073,-664,1458,right
1366.169,-663,1452,right
1366.247,-662,1460,right
1366.340,-671,1446,right
1366.421,-677,1421,right
1366.524,-702,1385,right
1366.615,-703,1390,right
1366.710,-703,1392,right
1366.794,-700,1398,right
1366.906,-701,1397,right
1367.349,-437,1249,right
1367.461,-445,1241,right
1367.562,-445,1241,right
1367.654,-453,1216,right
1367.743,-452,1212,right
1367.848,-452,1211,right
1367.936,-452,1213,right
1368.042,-451,1215,right
1368.129,-445,1215,right
1368.224,-443,1216,right
1368.319,-443,1216,right
1368.412,-443,1216,right
1368.508,-444,1217,right
1368.619,-444,1219,right
1368.713,-444,1223,right
1368.826,-446,1226,right
1368.917,-446,1234,right
1369.029,-446,1235,right
1369.127,-447,1236,right
1369.247,-447,1238,right
1369.349,-447,1239,right
1369.464,-447,1239,right
1369.553,-448,1240,right
1369.682,-449,1242,right
1369.757,-449,1242,right
1369.875,-449,1242,right
1370.428,-340,1705,right
1370.555,-343,1723,right
1370.646,-343,1730,right
1370.744,-343,1708,right
1370.829,-339,1711,right
1370.953,-343,1689,right
1371.040,-343,1683,right
1371.146,-358,1663,right
1371.259,-358,1662,right
1371.355,-338,1616,right
1371.424,-336,1605,right
1371.530,-336,1605,right
1371.624,-330,1596,right
1371.713,-329,1599,right
1371.793,-322,1609,right
1371.925,-339,1606,right
1371.987,-340,1604,right
1372.082,-339,1604,right
1372.176,-339,1600,right
1372.263,-338,1600,right
1372.385,-338,1601,right
1372.461,-338,1601,right
1372.560,-312,1648,right
1372.648,-321,1623,right
1372.754,-321,1622,right
1372.846,-321,1620,right
1372.947,-321,1620,right
1373.021,-320,1619,right
1373.125,-319,1619,right
1373.221,-320,1617,right
1373.310,-320,1614,right
1373.420,-320,1590,right
1373.501,-315,1594,right
1373.623,-314,1596,right
1373.716,-313,1595,right
1373.839,-313,1594,right
1374.019,-306,1637,right
1374.042,-306,1637,right
1374.150,-329,1709,right
1374.250,-328,1712,right
1374.357,-345,1683,right
1374.478,-450,1427,right
1374.572,-438,1369,right
1374.685,-477,1285,right
1374.765,-482,1285,right
1374.872,-506,1255,right
1374.975,-511,1245,right
1375.077,-510,1246,right
1375.185,-502,1239,right
1375.290,-502,1240,right
1375.390,-499,1249,right
1375.510,-498,1249,right
1375.619,-492,1261,right
1375.727,-492,1260,right
1375.838,-481,1257,right
1375.939,-480,1257,right
1376.047,-481,1258,right
1376.142,-480,1257,right
1376.249,-480,1260,right
1376.350,-479,1260,right
1376.455,-474,1260,right
1376.569,-474,1263,right
1376.680,-462,1285,right
1376.769,-465,1282,right
1376.879,-465,1282,right
1376.987,-473,1253,right
1377.128,-462,1247,right
1377.254,-462,1247,right
1377.349,-462,1247,right
1377.457,-462,1247,right
1377.563,-462,1247,right
1377.687,-462,1247,right
1377.784,-462,1247,right
1377.906,-462,1247,right
1378.027,-462,1247,right
1378.121,-462,1247,right
1378.214,-462,1247,right
1378.342,-463,1249,right
1378.463,-466,1263,right
1378.580,-467,1267,right
1378.696,-467,1268,right
1378.827,-467,1268,right
1381.085,-292,1566,right
1381.162,-262,1636,right
1381.254,-263,1636,right
1381.339,-238,1661,right
1381.724,-301,1610,right
1381.804,-299,1610,right
1381.889,-311,1646,right
1381.992,-310,1650,right
1382.662,-367,1535,right
1382.763,-366,1535,right
1382.864,-362,1534,right
1382.977,-361,1532,right
1383.168,-358,670,right
1383.275,-381,667,right
1383.382,-396,692,right
1383.523,-448,3,right
1383.599,-431,0,right
1383.730,-493,0,right
1384.333,-614,730,right
1384.428,-614,730,right
1386.312,-419,1596,right
1386.394,-416,1610,right
1386.486,-384,1620,right
1386.590,-382,1620,right
1386.678,-382,1619,right
1386.800,-382,1621,right
1386.921,-367,1593,right
1387.019,-366,1594,right
1387.123,-335,1621,right
1387.236,-334,1621,right
1387.353,-272,1670,right
1387.473,-207,1710,right
1387.578,-94,1827,right
1387.692,-67,1913,right
1388.272,-331,1570,right
1388.359,-293,1552,right
1388.446,-185,1517,right
1388.552,-162,1473,right
1388.638,-105,1246,right
1388.757,-129,1152,right
1388.845,-123,1180,right
1388.956,-123,1180,right
1391.594,-527,1591,right
1391.687,-548,1572,right
1391.786,-508,1616,right
1391.886,-497,1627,right
1391.963,-497,1627,right
1392.077,-497,1627,right
1394.956,-1227,0,right
1395.093,-1279,0,right
1395.569,-772,78,right
1395.669,-757,97,right
1396.014,-482,717,right
1396.101,-485,663,right
1396.192,-472,615,right
1396.277,-469,616,right
1396.367,-446,616,right
1396.460,-444,619,right
1397.640,-372,777,right
1397.746,-404,764,right
1397.859,-462,758,right
1397.956,-497,653,right
1398.052,-501,664,right
1398.156,-501,665,right
1398.242,-513,615,right
1398.347,-513,616,right
1398.443,-515,620,right
1398.527,-520,622,right
1398.641,-552,675,right
1398.738,-553,686,right
1398.833,-587,738,right
1398.958,-603,767,right
1399.039,-603,766,right
1399.148,-603,766,right
1399.252,-601,756,right
1399.358,-600,756,right
1399.454,-602,750,right
1399.568,-602,748,right
1399.671,-581,755,right
1399.778,-581,750,right
1399.877,-581,749,right
1399.989,-581,748,right
1401.874,-504,1149,right
1401.957,-525,1135,right
1402.032,-600,1083,right
1402.115,-602,1088,right
1402.215,-617,1056,right
1402.318,-662,968,right
1402.421,-671,1117,right
1402.549,-788,1173,right
1402.640,-773,1208,right
1402.743,-899,1245,right
1402.829,-879,1297,right
1402.939,-864,1247,right
1403.016,-860,1276,right
1403.117,-859,1275,right
1403.193,-861,1249,right
1403.302,-848,1239,right
1403.385,-830,1265,right
1403.530,-830,1269,right
1403.612,-830,1268,right
1403.710,-829,1267,right
1403.876,-760,1257,right
1404.026,-752,1257,right
1404.138,-722,1247,right
1404.211,-643,1283,right
1404.368,-499,1529,right
1404.454,-500,1529,right
1404.531,-478,1552,right
1404.645,-473,1557,right
1404.707,-460,1566,right
1404.817,-460,1569,right
1406.787,-1243,1361,left
1406.878,-1243,1361,left
1407.948,-304,1174,right
1408.058,-304,1174,right
1439.937,-1271,1361,left
1440.012,-1279,1360,left
1440.430,-1247,1360,left
1440.528,-1247,1360,left
1442.170,-597,331,left
1442.230,-596,331,left
1448.502,-1099,1964,right
1448.643,-1097,1964,right
1448.949,-1097,1964,right
1449.060,-1097,1964,right
1454.543,-1095,1958,right
1454.655,-1095,1958,right
1460.209,-681,588,right
1460.331,-681,588,right
1460.443,-681,588,right
1460.566,-681,588,right
1460.718,-686,587,right
1460.822,-686,587,right
1461.243,-733,528,right
1461.349,-733,528,right
1461.500,-682,579,right
1461.595,-680,581,right
1461.704,-669,615,right
1461.788,-669,622,right
1461.883,-670,624,right
1461.984,-671,632,right
1462.095,-671,632,right
1462.227,-671,635,right
1462.638,-682,633,right
1462.756,-688,637,right
1463.879,-591,818,right
1463.962,-587,818,right
1464.067,-589,819,right
1464.202,-593,817,right
1464.307,-597,817,right
1464.440,-597,817,right
1465.599,-596,817,right
1465.728,-596,817,right
1469.798,-723,804,right
1469.897,-723,804,right
1470.879,-1110,1023,left
1470.955,-1109,1021,left
1472.218,-635,680,right
1472.310,-635,683,right
1473.901,-1127,1983,right
1473.994,-1126,1985,right
1476.354,-1136,1879,right
1476.469,-1135,1877,right
1480.169,-550,869,right
1480.415,-524,881,right
1480.515,-524,881,right
1480.607,-524,880,right
1483.869,-853,1422,right
1483.931,-853,1419,right
1484.042,-849,1402,right
1484.114,-841,1389,right
1484.247,-832,1267,right
1484.359,-828,1223,right
1484.463,-789,1091,right
1484.571,-719,1045,right
1484.659,-646,1039,right
1484.759,-627,1040,right
1484.856,-534,1050,right
1484.947,-532,1039,right
1485.054,-532,1008,right
1485.154,-538,997,right
1485.263,-522,979,right
1485.358,-517,946,right
1485.466,-506,933,right
1485.568,-467,941,right
1486.438,-591,1049,right
1486.528,-608,1014,right
1486.635,-629,863,right
1486.722,-616,851,right
1486.815,-569,806,right
1486.913,-548,808,right
1487.022,-519,813,right
1487.112,-506,830,right
1487.212,-457,847,right
1487.306,-451,848,right
1487.405,-451,848,right
1487.494,-452,855,right
1487.603,-447,889,right
1487.705,-448,894,right
1487.812,-420,935,right
1487.927,-423,929,right
1488.032,-450,888,right
1488.157,-478,815,right
1488.250,-462,823,right
1488.339,-462,822,right
1488.537,-331,751,right
1488.612,-305,725,right
1488.702,-237,667,right
1488.811,-268,610,right
1488.937,-356,660,right
1489.044,-474,697,right
1489.126,-478,649,right
1489.236,-557,470,right
1489.307,-543,460,right
1489.407,-547,460,right
1489.487,-545,439,right
1489.549,-539,441,right
1489.669,-361,586,right
1489.788,-344,585,right
1489.905,-293,582,right
1490.016,-335,637,right
1490.107,-364,508,right
1490.227,-334,527,right
1490.297,-320,487,right
1490.434,-325,500,right
1490.547,-328,500,right
1490.630,-328,500,right
1490.771,-351,514,right
1491.107,-367,514,right
1491.258,-370,517,right
1491.346,-370,517,right
1491.483,-386,519,right
1491.584,-491,370,right
1491.697,-539,349,right
1491.785,-540,354,right
1491.899,-540,356,right
1491.987,-559,312,right
1492.264,-373,590,right
1492.344,-343,674,right
1492.432,-303,887,right
1492.519,-316,940,right
1492.604,-261,1121,right
1492.710,-276,1121,right
1492.807,-255,1162,right
1492.907,-278,1188,right
1492.999,-300,1223,right
1493.119,-332,1254,right
1493.197,-338,1279,right
1493.310,-357,1293,right
1493.400,-395,1242,right
1493.519,-425,1219,right
1493.612,-522,1021,right
1493.724,-531,996,right
1493.801,-524,940,right
1493.921,-548,875,right
1493.995,-507,822,right
1494.100,-512,817,right
1494.149,-516,801,right
1494.276,-535,761,right
1494.342,-541,729,right
1494.457,-541,718,right
1496.189,-1246,1370,left
1496.262,-1246,1370,left
1497.213,-292,1151,right
1497.325,-291,1151,right
1510.457,-1261,1333,left
1510.555,-1260,1333,left
1513.082,-44,844,left
1513.179,-44,845,left
1513.763,-50,863,left
1513.866,-49,863,left
1514.699,-58,928,left
1514.789,-58,930,left
1516.778,-1248,1308,left
1516.869,-1247,1310,left
1518.387,-707,274,left
1518.477,-706,275,left
1525.487,-1125,1882,left
1525.588,-1125,1881,left
1532.761,-1044,1878,right
1532.903,-1044,1878,right
1533.351,-1044,1878,right
1533.444,-1044,1878,right
1533.562,-1047,1878,right
1533.673,-1048,1879,right
1546.984,-387,731,right
1547.075,-384,734,right
1547.173,-374,786,right
1547.257,-377,809,right
1547.362,-339,1140,right
1547.467,-331,1158,right
1547.546,-332,1158,right
1547.644,-332,1158,right
1547.723,-337,1157,right
1547.827,-336,1157,right
1547.906,-338,1156,right
1548.032,-337,1156,right
1552.681,-415,1008,right
1552.773,-415,1008,right
1553.958,-350,1034,right
1554.075,-349,1035,right
1554.181,-350,1036,right
1554.251,-349,1037,right
1554.362,-349,1037,right
1554.475,-349,1037,right
1554.556,-349,1037,right
1554.652,-349,1037,right
1554.750,-349,1038,right
1554.855,-349,1037,right
1554.942,-350,1037,right
1555.064,-349,1037,right
1555.145,-350,1037,right
1555.266,-349,1037,right
1555.374,-349,1037,right
1555.492,-349,1037,right
1556.229,-349,1037,right
1556.392,-349,1037,right
1561.967,-240,1100,right
1562.066,-240,1103,right
1562.521,-213,1089,right
1562.608,-212,1089,right
1563.526,-411,750,right
1563.608,-410,750,right
1567.005,-1031,1857,right
1567.117,-1032,1860,right
1567.571,-1034,1849,right
1567.663,-1033,1850,right
1573.180,-725,1061,right
1573.289,-725,1061,right
1574.264,-720,1068,right
1574.371,-720,1068,right
1574.503,-720,1068,right
1574.611,-720,1068,right
1574.704,-720,1068,right
1574.815,-720,1068,right
1575.265,-720,1068,right
1575.392,-720,1068,right
1576.993,-772,1281,right
1577.093,-821,1353,right
1577.185,-857,1432,right
1577.262,-861,1451,right
1577.349,-865,1463,right
1577.448,-866,1473,right
1578.977,-903,224,right
1579.088,-903,228,right
1580.076,-313,815,right
1580.157,-313,816,right
1580.263,-313,815,right
1580.376,-313,815,right
1580.643,-287,832,right
1580.736,-287,835,right
1580.817,-288,835,right
1580.920,-288,836,right
1581.956,-126,557,right
1582.060,-126,556,right
1582.167,-136,535,right
1582.255,-123,501,right
1583.597,-478,718,right
1583.710,-476,719,right
1584.744,-685,1168,right
1584.832,-699,1173,right
1584.922,-712,1172,right
1585.023,-727,1175,right
1585.112,-810,1170,right
1585.215,-857,1188,right
1586.143,-926,1415,right
1586.346,-932,1436,right
1586.426,-929,1432,right
1586.501,-936,1432,right
1587.216,-384,1403,right
1587.293,-377,1401,right
1587.394,-208,1458,right
1587.489,-193,1470,right
1587.592,-187,1469,right
1587.674,-161,1454,right
1588.109,-459,1982,right
1588.206,-457,1983,right
1588.304,-466,2006,right
1588.404,-469,2006,right
1588.860,-567,1936,right
1588.963,-570,1923,right
1590.194,-980,1979,right
1590.283,-963,1977,right
1591.027,-979,1720,right
1591.105,-954,1717,right
1591.206,-886,1728,right
1591.279,-891,1694,right
1591.368,-897,1650,right
1591.466,-903,1631,right
1591.535,-905,1632,right
1591.642,-906,1635,right
1591.725,-909,1637,right
1591.821,-909,1641,right
1594.366,-823,990,right
1594.470,-831,969,right
1594.561,-951,966,right
1594.668,-995,990,right
1594.758,-1003,992,right
1594.865,-1004,994,right
1594.974,-1002,995,right
1595.089,-1000,993,right
1595.529,-648,738,right
1595.651,-660,720,right
1595.751,-756,650,right
1595.851,-763,649,right
1595.951,-752,618,right
1596.025,-765,596,right
1596.126,-698,565,right
1596.213,-665,595,right
1596.284,-665,594,right
1596.411,-665,593,right
1596.499,-650,551,right
1596.609,-672,503,right
1596.711,-659,491,right
1596.791,-664,475,right
1596.881,-656,402,right
1596.974,-655,402,right
1597.072,-641,424,right
1597.176,-642,402,right
1597.285,-654,309,right
1597.386,-640,246,right
1597.460,-577,241,right
1597.557,-563,257,right
1597.675,-557,283,right
1597.785,-593,282,right
1597.882,-591,267,right
1597.980,-590,268,right
1598.059,-585,284,right
1598.145,-599,273,right
1598.361,-502,856,right
1598.467,-518,840,right
1598.553,-512,802,right
1598.666,-491,806,right
1598.750,-493,798,right
1598.840,-493,789,right
1598.933,-481,779,right
1599.042,-481,775,right
1599.137,-476,771,right
1599.233,-476,695,right
1599.333,-484,643,right
1599.439,-464,651,right
1599.526,-418,672,right
1599.658,-419,675,right
1600.610,-217,774,right
1600.725,-174,803,right
1601.682,-797,332,right
1601.769,-851,294,right
1601.852,-826,305,right
1601.948,-846,300,right
1602.355,-750,358,right
1602.462,-765,352,right
1602.552,-811,345,right
1602.652,-797,358,right
1602.709,-767,424,right
1602.816,-782,407,right
1602.893,-782,411,right
1602.981,-782,412,right
1603.075,-778,418,right
1603.186,-777,421,right
1603.280,-778,421,right
1603.395,-778,421,right
1603.537,-778,423,right
1603.682,-777,423,right
1603.779,-776,421,right
1603.901,-776,419,right
1605.348,-1103,863,left
1605.444,-1103,863,left
1607.367,-1254,1385,left
1607.461,-1254,1385,left
1610.911,-479,1103,right
1611.003,-478,1103,right
1611.676,-485,1274,right
1611.749,-485,1274,right
1612.521,-34,1405,left
1612.600,-33,1405,left
1613.517,-49,1405,left
1613.596,-49,1405,left
1625.680,-1249,1350,left
1625.763,-1249,1350,left
1627.067,-1109,1892,right
1627.133,-1109,1892,right
1627.235,-1109,1892,right
1627.345,-1109,1892,right
1627.434,-1109,1892,right
1627.534,-1109,1892,right
1627.635,-1109,1892,right
1627.743,-1109,1892,right
1628.789,-1105,1892,right
1628.870,-1104,1892,right
1628.968,-1104,1894,right
1629.066,-1104,1894,right
1629.156,-1104,1894,right
1629.266,-1104,1894,right
1629.362,-1104,1894,right
1629.461,-1104,1894,right
1629.587,-1104,1894,right
1629.717,-1104,1894,right
1633.155,-1094,1912,right
1633.246,-1093,1913,right
1633.351,-1094,1911,right
1633.463,-1095,1912,right
1633.533,-1095,1912,right
1633.656,-1095,1912,right
1633.720,-1095,1911,right
1633.890,-1095,1911,right
1633.975,-1095,1911,right
1634.107,-1095,1911,right
1634.220,-1095,1911,right
1634.322,-1095,1911,right
1634.423,-1096,1910,right
1634.559,-1095,1910,right
1634.661,-1096,1910,right
1634.774,-1098,1907,right
1635.830,-1098,1906,right
1635.935,-1098,1906,right
1636.043,-1098,1904,right
1636.143,-1097,1903,right
1636.238,-1097,1903,right
1636.320,-1097,1903,right
1645.525,-1119,1914,left
1645.601,-1119,1914,left
1647.956,-680,1580,right
1648.048,-616,1493,right
1651.174,-779,1767,right
1651.257,-777,1767,right
1651.348,-769,1775,right
1651.446,-767,1778,right
1653.435,-226,546,right
1653.542,-227,550,right
1654.072,-337,562,right
1654.185,-336,562,right
1661.602,-946,1163,right
1661.688,-939,1161,right
1661.844,-856,1064,right
1661.955,-855,1053,right
1662.087,-818,1032,right
1662.165,-808,1030,right
1665.836,-640,1297,right
1665.942,-628,1304,right
1672.577,-486,1052,right
1672.673,-484,1052,right
1672.777,-482,1045,right
1672.880,-482,1046,right
1675.564,-413,1322,right
1675.660,-413,1321,right
1675.748,-413,1315,right
1675.861,-412,1315,right
1675.943,-412,1315,right
1676.042,-418,1313,right
1678.657,-594,1070,right
1678.719,-594,1069,right
1678.824,-591,1058,right
1678.906,-591,1048,right
1679.020,-605,999,right
1679.118,-605,998,right
1679.227,-588,984,right
1679.322,-587,983,right
1679.430,-584,972,right
1679.513,-586,964,right
1679.777,-651,1302,right
1679.892,-637,1267,right
1679.952,-632,1218,right
1680.052,-656,1212,right
1680.106,-633,1201,right
1680.218,-633,1197,right
1680.306,-633,1193,right
1680.435,-639,1199,right
1681.356,-515,734,right
1681.453,-507,730,right
1681.531,-461,781,right
1681.640,-478,775,right
1681.717,-497,763,right
1681.833,-542,783,right
1681.931,-543,781,right
1682.033,-542,781,right
1682.112,-547,781,right
1682.228,-551,779,right
1682.318,-551,779,right
1682.419,-551,779,right
1682.827,-548,605,right
1682.939,-547,605,right
1683.180,-548,603,right
1683.286,-547,602,right
1684.446,-573,595,right
1684.511,-608,655,right
1684.629,-566,656,right
1684.718,-556,663,right
1684.830,-491,838,right
1684.940,-494,773,right
1685.049,-503,723,right
1685.133,-518,642,right
1685.238,-504,622,right
1685.324,-504,622,right
1685.449,-508,605,right
1685.572,-509,602,right
1687.021,-531,722,right
1687.119,-533,726,right
1687.407,-728,752,right
1687.507,-753,732,right
1687.590,-767,649,right
1687.706,-768,637,right
1688.187,-789,598,right
1688.297,-792,607,right
1689.471,-665,918,right
1689.558,-694,888,right
1689.680,-716,920,right
1689.766,-724,934,right
1689.902,-747,1017,right
1689.995,-756,1047,right
1690.123,-763,1160,right
1690.218,-764,1165,right
1690.838,-304,1092,right
1690.900,-303,1092,right
1691.013,-286,1030,right
1691.106,-285,1031,right
1691.210,-282,1043,right
1691.299,-283,1051,right
1691.403,-283,1052,right
1691.496,-283,1055,right
1691.593,-286,1055,right
1691.687,-309,1035,right
1691.785,-322,1026,right
1691.890,-322,1026,right
1691.988,-339,1032,right
1692.099,-363,1016,right
1692.194,-397,993,right
1692.303,-405,996,right
1692.439,-375,1084,right
1692.555,-389,1068,right
1692.681,-395,1064,right
1692.812,-395,1067,right
1692.977,-405,1062,right
1693.047,-405,1062,right
1693.250,-420,1050,right
1693.391,-432,1052,right
1693.506,-431,1047,right
1694.429,-430,1047,right
1695.525,-610,1168,right
1695.629,-678,1149,right
1695.722,-778,1111,right
1695.807,-818,1111,right
1695.941,-831,1109,right
1696.011,-836,1099,right
1696.457,-688,588,right
1696.546,-693,583,right
1696.657,-712,560,right
1696.742,-801,347,right
1697.275,-702,41,right
1697.379,-713,38,right
1698.647,-566,1006,right
1698.758,-573,1008,right
1699.916,-588,1006,right
1699.996,-587,1006,right
1701.023,-534,940,right
1701.111,-536,908,right
1701.463,-583,827,right
1701.560,-583,827,right
1701.696,-575,830,right
1701.785,-574,830,right
1704.370,-1102,868,left
1704.437,-1102,867,left
1706.613,-329,1163,right
1706.720,-328,1165,right
1706.830,-278,1147,right
1706.933,-277,1147,right
1707.248,-171,1081,right
1707.345,-166,1083,right
1707.471,-176,994,right
1707.588,-220,790,right
1707.704,-144,957,right
1707.825,-101,968,right
1708.243,-213,1010,right
1708.332,-213,1009,right
1708.900,-289,927,right
1708.991,-284,929,right
1709.802,-169,1401,right
1709.905,-136,1567,right
1710.047,-15,1650,right
1710.164,-0,1667,right
1710.988,-264,1389,right
1711.068,-264,1389,right
1711.561,-460,1328,right
1711.646,-460,1332,right
1711.758,-458,1325,right
1711.891,-457,1324,right
1715.697,-755,1337,right
1715.803,-716,1341,right
1715.894,-658,1316,right
1715.998,-656,1316,right
1716.094,-652,1316,right
1716.202,-646,1317,right
1716.286,-635,1311,right
1716.417,-633,1310,right
1717.284,-266,1411,right
1717.400,-266,1409,right
1717.481,-267,1420,right
1717.600,-267,1418,right
1717.746,-277,1175,right
1717.838,-262,1190,right
1717.987,-253,1196,right
1718.051,-244,1208,right
1718.148,-230,1202,right
1718.245,-230,1201,right
1718.342,-227,1184,right
1718.474,-226,1183,right
1718.581,-226,1183,right
1718.706,-226,1183,right
1718.800,-226,1183,right
1718.935,-226,1183,right
1719.045,-226,1183,right
1719.162,-226,1183,right
1723.738,-411,716,right
1723.836,-410,719,right
1724.063,-529,739,right
1724.147,-588,688,right
1724.244,-589,679,right
1724.342,-609,640,right
1724.427,-610,632,right
1724.514,-610,632,right
1724.598,-609,627,right
1724.683,-609,627,right
1724.761,-609,627,right
1724.872,-609,627,right
1724.952,-609,627,right
1725.049,-609,627,right
1725.160,-609,627,right
1725.275,-609,627,right
1725.387,-609,629,right
1725.517,-609,629,right
1725.656,-609,629,right
1725.782,-609,629,right
1725.901,-609,629,right
1726.037,-609,629,right
1729.132,-466,2047,right
1729.159,-466,2046,right
1729.524,-381,1994,right
1729.587,-381,2002,right
1729.690,-394,2028,right
1729.792,-393,2028,right
1731.709,-338,1264,right
1731.805,-340,1244,right
1731.916,-316,1193,right
1732.019,-294,1022,right
1732.117,-265,917,right
1732.207,-265,916,right
1732.319,-342,863,right
1732.448,-588,808,right
1732.513,-591,807,right
1732.636,-644,802,right
1732.733,-649,796,right
1732.802,-646,806,right
1732.935,-383,1076,right
1733.038,-369,1091,right
1733.121,-203,1150,right
1733.232,-137,1189,right
1733.318,-51,1412,right
1733.416,-23,1530,right
1733.500,-22,1544,right
1733.602,-0,1835,right
1734.229,-408,1319,right
1734.352,-405,1319,right
1734.478,-398,1322,right
1734.566,-395,1325,right
1735.349,-110,1583,right
1735.418,-102,1594,right
1735.531,-110,1612,right
1735.598,-115,1621,right
1736.475,-353,1683,right
1736.557,-353,1684,right
1736.653,-380,1691,right
1736.737,-391,1716,right
1736.837,-462,1864,right
1736.932,-469,1895,right
1737.776,-638,1309,right
1737.901,-640,1306,right
1738.954,-625,1833,right
1739.074,-610,1865,right
1740.425,-692,1813,right
1740.550,-681,1831,right
1741.792,-479,1509,right
1741.893,-479,1509,right
1742.910,-462,1571,right
1743.004,-463,1575,right
1743.102,-486,1588,right
1743.207,-487,1595,right
1746.466,-455,1385,right
1746.546,-455,1385,right
1746.651,-478,1349,right
1746.746,-478,1349,right
1746.830,-478,1349,right
1746.927,-477,1349,right
1747.731,-471,1733,right
1747.815,-472,1736,right
1747.903,-472,1736,right
1747.995,-472,1739,right
1748.081,-482,1741,right
1748.192,-490,1757,right
1748.282,-520,1761,right
1748.374,-519,1761,right
1748.452,-520,1761,right
1748.546,-520,1761,right
1748.633,-520,1761,right
1748.750,-520,1761,right
1748.833,-520,1761,right
1748.959,-520,1761,right
1751.237,-376,746,right
1751.318,-419,745,right
1751.397,-439,737,right
1751.487,-485,736,right
1751.572,-541,680,right
1751.661,-541,666,right
1751.751,-544,653,right
1751.852,-527,655,right
1751.939,-513,630,right
1752.040,-512,630,right
1752.142,-511,617,right
1752.245,-513,612,right
1752.353,-517,609,right
1752.453,-516,610,right
1752.555,-514,603,right
1752.664,-513,603,right
1752.772,-495,605,right
1752.889,-494,608,right
1752.987,-491,608,right
1753.082,-492,605,right
1753.201,-475,562,right
1753.306,-478,544,right
1753.615,-412,1004,right
1753.725,-408,1041,right
1753.822,-403,1041,right
1753.922,-389,1037,right
1754.020,-344,1050,right
1754.114,-345,1053,right
1754.218,-352,1105,right
1754.304,-369,998,right
1754.419,-366,941,right
1754.527,-397,816,right
1754.636,-423,784,right
1754.729,-424,786,right
1754.815,-407,836,right
1754.910,-411,825,right
1754.986,-411,825,right
1755.088,-414,832,right
1755.174,-408,841,right
1755.294,-410,853,right
1755.370,-419,848,right
1755.496,-420,867,right
1755.586,-418,883,right
1755.684,-422,907,right
1755.794,-470,1029,right
1755.899,-480,1081,right
1755.952,-485,1110,right
1756.085,-522,1106,right
1756.186,-540,1152,right
1756.308,-539,1159,right
1756.396,-548,1152,right
1756.502,-548,1151,right
1756.584,-547,1145,right
1756.692,-546,1145,right
1756.776,-540,1130,right
1756.878,-540,1129,right
1756.983,-537,1115,right
1757.088,-536,1115,right
1757.191,-536,1098,right
1757.315,-535,1098,right
1757.410,-535,1098,right
1757.526,-535,1098,right
1757.636,-535,1098,right
1757.768,-535,1098,right
1758.204,-524,1056,right
1758.345,-524,1056,right
1758.476,-530,1043,right
1758.591,-530,1043,right
1758.793,-520,1044,right
1758.893,-520,1044,right
1759.003,-520,1044,right
1759.108,-520,1043,right
1759.201,-520,1044,right
1759.302,-520,1045,right
1759.399,-516,1052,right
1759.545,-513,1055,right
1760.029,-505,1126,right
1760.169,-508,1130,right
1760.276,-509,1130,right
1760.384,-509,1132,right
1760.516,-509,1132,right
1760.583,-509,1132,right
1760.746,-509,1132,right
1760.852,-510,1137,right
1760.946,-508,1137,right
1761.064,-508,1140,right
1761.194,-509,1141,right
1761.295,-509,1143,right
1764.495,-1252,1333,left
1764.593,-1252,1333,left
1766.164,-379,1046,right
1766.255,-378,1046,right
1766.734,-362,1288,right
1766.848,-364,1289,right
1779.174,-1254,1373,left
1779.267,-1254,1373,left
1780.909,-1061,375,left
1780.995,-1061,376,left
1781.556,-1090,503,left
1781.665,-1090,503,left
1782.344,-195,346,left
1782.437,-195,346,left
1784.635,-178,1047,right
1784.753,-178,1047,right
1790.557,-1249,1374,left
1790.643,-1248,1367,left
1792.839,-704,295,left
1792.931,-704,295,left
1800.739,-1159,1417,left
1800.854,-1159,1417,left
1801.672,-1247,1377,left
1801.752,-1247,1377,left
1802.133,-1153,1439,left
1802.229,-1153,1439,left
1803.865,-229,347,left
1803.971,-229,347,left
1805.994,-287,1269,right
1806.092,-286,1269,right
1809.536,-1147,1900,right
1809.613,-1147,1900,right
1809.878,-1124,1881,right
1809.981,-1124,1881,right
1810.133,-1124,1879,right
1810.247,-1124,1879,right
1827.176,-432,1210,right
1827.278,-427,1213,right
1828.229,-487,1211,right
1828.329,-487,1211,right
1829.026,-539,1184,right
1829.114,-539,1184,right
1833.888,-657,1896,right
1833.999,-654,1900,right
1834.111,-654,1897,right
1834.226,-649,1894,right
1842.045,-223,1375,right
1842.148,-201,1394,right
1842.226,-205,1394,right
1842.334,-205,1394,right
1842.429,-205,1394,right
1842.554,-205,1394,right
1842.689,-205,1394,right
1842.747,-205,1394,right
1848.748,-812,1079,right
1848.841,-812,1078,right
1848.922,-806,1068,right
1849.019,-756,1011,right
1849.106,-594,846,right
1849.196,-569,810,right
1849.296,-511,763,right
1849.404,-469,704,right
1850.933,-118,2047,right
1851.042,-117,2043,right
1851.323,-18,1725,right
1851.429,-23,1729,right
1852.546,-588,1198,right
1852.631,-586,1198,right
1854.128,-465,1900,right
1854.332,-557,1927,right
1854.399,-555,1930,right
1854.504,-586,1894,right
1855.246,-437,1536,right
1855.358,-590,1434,right
1855.456,-711,1360,right
1855.561,-709,1360,right
1855.660,-682,1342,right
1855.753,-673,1338,right
1855.847,-646,1320,right
1855.946,-648,1326,right
1856.026,-673,1340,right
1856.134,-676,1345,right
1856.232,-677,1345,right
1856.331,-676,1345,right
1856.446,-676,1344,right
1856.517,-676,1344,right
1858.788,-514,1625,right
1858.891,-513,1652,right
1858.969,-522,1658,right
1859.082,-534,1647,right
1859.187,-554,1645,right
1859.285,-602,1688,right
1860.070,-467,1457,right
1860.136,-443,1481,right
1860.234,-367,1593,right
1860.356,-331,1561,right
1860.840,-95,1543,right
1860.952,-210,1532,right
1861.714,-245,1451,right
1861.813,-245,1457,right
1861.908,-228,1409,right
1862.015,-231,1411,right
1862.594,-325,1575,right
1862.692,-317,1594,right
1862.779,-396,1665,right
1862.892,-405,1697,right
1862.988,-409,1716,right
1863.074,-409,1717,right
1863.162,-414,1723,right
1863.272,-416,1728,right
1863.377,-423,1728,right
1863.485,-431,1744,right
1864.036,-677,1521,right
1864.131,-655,1525,right
1864.207,-637,1525,right
1864.311,-603,1525,right
1864.407,-607,1519,right
1864.506,-607,1519,right
1864.600,-607,1517,right
1864.713,-607,1517,right
1864.809,-606,1516,right
1864.916,-606,1516,right
1865.013,-604,1511,right
1865.133,-603,1511,right
1867.263,-1251,1402,left
1867.315,-1251,1401,left
1868.591,-65,1386,left
1868.708,-66,1389,left
1869.178,-57,1412,left
1869.252,-57,1412,left
1870.094,-64,883,left
1870.188,-64,883,left
1873.677,-58,1009,left
1873.794,-57,1009,left
1875.073,-1264,1366,left
1875.143,-1264,1366,left
1876.769,-730,281,right
1876.879,-730,281,right
1878.021,-732,203,left
1878.125,-732,203,left
1893.658,-399,777,left
1893.748,-640,1024,left
1896.555,-1201,1884,left
1896.653,-1202,1888,left
1908.973,-1063,1829,right
1909.068,-1063,1829,right
1909.185,-1063,1829,right
1909.294,-1063,1829,right
1909.424,-1063,1829,right
1909.543,-1063,1829,right
1909.856,-1063,1829,right
1909.971,-1063,1828,right
1910.765,-1054,1829,right
1910.887,-1054,1829,right
1911.020,-1054,1829,right
1911.125,-1054,1829,right
1911.537,-1054,1829,right
1911.609,-1054,1829,right
1911.730,-1054,1829,right
1911.834,-1054,1829,right
1911.930,-1054,1829,right
1912.031,-1054,1829,right
1912.156,-1054,1829,right
1912.266,-1054,1829,right
1912.402,-1054,1829,right
1912.505,-1054,1830,right
1912.809,-1054,1830,right
1912.920,-1054,1830,right
1913.428,-1054,1830,right
1913.518,-1054,1830,right
1913.624,-1054,1830,right
1913.721,-1054,1830,right
1923.678,-805,334,right
1923.823,-811,330,right
1924.614,-905,3,right
1924.719,-897,16,right
1928.929,-764,1587,right
1929.019,-759,1597,right
1929.110,-762,1603,right
1929.215,-761,1602,right
1929.298,-755,1598,right
1929.404,-754,1592,right
1929.505,-754,1592,right
1929.603,-754,1592,right
1929.732,-754,1592,right
1929.827,-754,1592,right
1930.044,-483,907,right
1930.138,-482,579,right
1930.202,-518,536,right
1930.300,-561,476,right
1930.380,-624,338,right
1930.475,-643,267,right
1930.563,-678,196,right
1930.699,-822,0,right
1931.123,-1041,548,right
1931.232,-1041,525,right
1932.062,-993,150,right
1932.153,-993,146,right
1933.514,-749,665,right
1933.601,-749,665,right
1933.733,-749,665,right
1933.857,-749,656,right
1935.398,-604,513,right
1935.485,-590,455,right
1935.583,-535,402,right
1935.668,-555,263,right
1936.368,-445,621,right
1936.462,-443,620,right
1937.531,-900,900,right
1937.641,-862,925,right
1937.754,-862,925,right
1937.843,-862,926,right
1937.916,-857,977,right
1938.038,-859,984,right
1938.125,-873,1016,right
1938.235,-873,1016,right
1938.327,-874,1014,right
1938.427,-874,1016,right
1938.518,-875,1016,right
1938.618,-875,1019,right
1942.190,-232,1259,right
1942.299,-215,1266,right
1942.372,-227,1252,right
1942.472,-167,1277,right
1942.945,-283,1531,right
1943.032,-312,1536,right
1943.118,-321,1533,right
1943.204,-320,1540,right
1943.296,-323,1540,right
1943.383,-321,1540,right
1943.491,-317,1535,right
1943.573,-317,1535,right
1943.686,-317,1535,right
1943.785,-317,1535,right
1943.888,-317,1533,right
1943.978,-316,1533,right
1944.082,-316,1533,right
1944.186,-318,1532,right
1944.276,-316,1526,right
1944.383,-316,1530,right
1944.627,-315,1530,right
1944.714,-315,1530,right
1944.890,-307,1530,right
1944.996,-312,1531,right
1945.086,-312,1531,right
1945.210,-312,1531,right
1945.303,-310,1529,right
1945.433,-310,1529,right
1945.663,-310,1529,right
1945.727,-310,1529,right
1945.837,-310,1529,right
1945.958,-310,1529,right
1946.785,-283,1539,right
1946.937,-283,1539,right
1949.139,-707,1222,right
1949.245,-707,1222,right
1958.323,-752,1218,right
1958.436,-751,1218,right
1960.712,-761,722,right
1960.804,-761,722,right
1960.905,-769,731,right
1960.992,-769,736,right
1961.697,-656,977,right
1961.802,-655,977,right
1963.585,-1279,2047,right
1963.742,-1279,2047,right
1964.818,-190,1294,right
1964.928,-191,1291,right
1965.036,-187,1272,right
1965.147,-187,1272,right
1965.926,-177,1763,right
1966.027,-225,1767,right
1966.121,-294,1787,right
1966.218,-314,1804,right
1966.297,-366,1851,right
1966.415,-379,1871,right
1968.593,-710,1179,right
1968.697,-713,1182,right
1968.771,-714,1182,right
1968.882,-718,1186,right
1968.994,-737,1201,right
1969.111,-745,1209,right
1972.286,-883,1342,right
1972.366,-876,1335,right
1972.476,-867,1316,right
1972.604,-866,1316,right
1972.832,-763,1227,right
1972.906,-789,1160,right
1973.176,-551,1301,right
1973.244,-554,1299,right
1973.344,-523,1261,right
1973.438,-496,1163,right
1973.537,-452,1101,right
1973.628,-447,1082,right
1973.762,-414,978,right
1973.861,-413,978,right
1973.944,-389,979,right
1974.041,-380,989,right
1974.116,-380,999,right
1974.229,-425,1035,right
1974.314,-427,1035,right
1974.418,-427,1036,right
1974.514,-402,961,right
1974.617,-395,960,right
1974.708,-382,974,right
1974.794,-382,975,right
1974.900,-374,946,right
1975.002,-374,946,right
1975.131,-355,925,right
1975.236,-354,925,right
1976.931,-403,706,right
1977.033,-403,706,right
1977.144,-423,672,right
1977.266,-424,664,right
1978.583,-1100,776,left
1978.675,-1100,776,left
1978.996,-870,668,right
1979.081,-800,733,right
1979.174,-804,731,right
1979.272,-809,727,right
1980.729,-503,529,right
1980.820,-487,572,right
1981.091,-335,503,right
1981.174,-332,489,right
1981.279,-343,152,right
1981.354,-491,0,right
1981.833,-432,1234,right
1981.938,-435,1267,right
1982.021,-460,1297,right
1982.130,-486,1353,right
1982.212,-570,1491,right
1982.312,-594,1485,right
1982.401,-663,1515,right
1982.510,-885,1673,right
1983.163,-732,1469,right
1983.247,-735,1479,right
1983.355,-732,1529,right
1983.451,-729,1539,right
1984.342,-718,1513,right
1984.426,-717,1515,right
1984.528,-708,1519,right
1984.637,-700,1522,right
1984.769,-636,1481,right
1984.885,-635,1481,right
1984.989,-523,1488,right
1985.089,-565,1492,right
1985.176,-591,1484,right
1985.294,-674,1457,right
1985.370,-696,1447,right
1985.471,-735,1426,right
1985.552,-744,1427,right
1985.659,-768,1420,right
1985.752,-815,1405,right
1985.861,-830,1412,right
1985.938,-859,1394,right
1986.048,-878,1377,right
1986.129,-903,1328,right
1986.230,-918,1303,right
1986.319,-919,1306,right
1986.418,-922,1312,right
1986.499,-951,1334,right
1986.584,-966,1352,right
1986.988,-481,1663,right
1987.071,-471,1682,right
1987.167,-429,1693,right
1987.267,-392,1748,right
1987.358,-293,1806,right
1987.483,-289,1830,right
1987.879,-263,1646,right
1988.004,-264,1648,right
1988.099,-256,1727,right
1988.204,-230,1803,right
1988.946,-241,1575,right
1989.020,-241,1575,right
1989.124,-268,1562,right
1989.227,-271,1560,right
1989.323,-275,1557,right
1989.427,-273,1559,right
1989.529,-253,1578,right
1989.620,-251,1578,right
1989.722,-250,1579,right
1989.834,-253,1582,right
1989.935,-249,1589,right
1990.041,-249,1592,right
1990.142,-248,1590,right
1990.258,-249,1592,right
1990.379,-249,1592,right
1990.489,-249,1593,right
1990.581,-251,1595,right
1990.695,-259,1598,right
1990.788,-297,1584,right
1990.895,-298,1589,right
1990.990,-300,1591,right
1991.085,-299,1591,right
1991.195,-250,1646,right
1991.297,-250,1648,right
1991.394,-250,1651,right
1991.488,-252,1658,right
1993.461,-1244,1371,left
1993.551,-1243,1371,left
1995.263,-56,1419,left
1995.363,-55,1418,left
1996.419,-56,1426,left
1996.525,-56,1425,left
1997.047,-75,1000,left
1997.118,-74,1000,left
1999.982,-67,992,left
2000.082,-67,992,left
2000.476,-56,999,left
2000.588,-55,999,left
2001.674,-1275,1387,left
2001.713,-1275,1387,left
2001.981,-1269,1382,left
2002.072,-1269,1382,left
2003.872,-457,1022,right
2003.984,-456,1022,right
2004.712,-458,1291,right
2004.814,-458,1290,right
2018.387,-1151,1840,right
2018.626,-1151,1840,right
2032.067,-1176,1806,right
2032.179,-1176,1806,right
2032.582,-1186,1809,right
2032.688,-1186,1809,right
2032.825,-1186,1809,right
2032.924,-1186,1809,right
2033.041,-1186,1809,right
2033.140,-1186,1809,right
2033.259,-1186,1809,right
2033.373,-1186,1809,right
2035.259,-1186,1809,left
2035.360,-1186,1809,left
2040.769,-1199,1804,right
2040.863,-1199,1804,right
2041.002,-1199,1804,right
2041.088,-1199,1804,right
2042.406,-1243,1400,left
2042.485,-1243,1400,left
2044.120,-1158,1821,right
2044.250,-1168,1829,right
2044.487,-1190,1803,right
2044.582,-1189,1802,right
2044.696,-1190,1802,right
2044.779,-1189,1802,right
2054.860,-0,1595,right
2054.999,-0,1596,right
2056.087,-0,1560,right
2056.171,-1,1559,right
2057.147,-598,1223,right
2057.243,-597,1223,right
2057.344,-597,1223,right
2057.438,-597,1222,right
2058.968,-572,1143,right
2059.078,-572,1143,right
2060.709,-561,1341,right
2060.788,-548,1349,right
2060.883,-554,1353,right
2061.036,-554,1356,right
2065.729,-1091,1955,right
2065.834,-1091,1959,right
2075.258,-599,1192,right
2075.377,-597,1192,right
2075.487,-601,1198,right
2075.568,-601,1198,right
2085.940,-1117,1954,right
2086.087,-1120,1958,right
2090.494,-658,883,right
2090.591,-654,882,right
2090.708,-613,850,right
2090.911,-598,832,right
2090.979,-578,825,right
2091.069,-577,825,right
2097.700,-1171,1847,right
2097.759,-1160,1844,right
2098.423,-1157,1879,right
2098.503,-1156,1876,right
2109.289,-584,563,right
2109.410,-585,569,right
2110.398,-415,804,right
2110.506,-415,806,right
2110.733,-421,811,right
2110.796,-422,812,right
2111.252,-487,782,right
2111.359,-508,806,right
2111.459,-512,801,right
2111.566,-512,801,right
2111.655,-515,796,right
2111.765,-513,796,right
2118.058,-390,950,right
2118.114,-390,950,right
2118.639,-632,1243,right
2118.761,-632,1243,right
2119.099,-588,1405,right
2119.185,-576,1416,right
2119.287,-564,1440,right
2119.371,-562,1440,right
2119.514,-585,1461,right
2119.610,-588,1465,right
2119.850,-794,1405,right
2119.936,-792,1405,right
2120.026,-789,1392,right
2120.117,-794,1372,right
2120.216,-799,1324,right
2120.294,-797,1284,right
2120.382,-793,1217,right
2120.468,-803,1101,right
2121.131,-282,988,right
2121.264,-286,996,right
2122.573,-522,1463,right
2122.670,-623,1532,right
2122.753,-650,1527,right
2122.864,-655,1535,right
2122.960,-661,1540,right
2123.079,-667,1547,right
2123.168,-705,1562,right
2123.281,-740,1589,right
2123.372,-808,1625,right
2123.480,-817,1636,right
2123.577,-867,1678,right
2123.679,-869,1682,right
2123.779,-875,1689,right
2123.896,-885,1695,right
2124.007,-897,1679,right
2124.117,-905,1632,right
2124.209,-918,1621,right
2124.317,-919,1622,right
2124.425,-922,1634,right
2124.526,-907,1586,right
2124.618,-847,1512,right
2124.740,-848,1510,right
2124.828,-853,1478,right
2124.925,-859,1371,right
2125.030,-689,1193,right
2125.131,-678,1058,right
2125.226,-600,983,right
2125.333,-582,932,right
2125.461,-591,890,right
2125.557,-592,869,right
2125.716,-453,1158,right
2125.808,-464,1169,right
2125.898,-579,1357,right
2125.999,-655,1434,right
2126.105,-730,1435,right
2126.211,-790,1436,right
2126.300,-834,1404,right
2126.413,-836,1387,right
2126.502,-860,1477,right
2126.612,-890,1455,right
2126.716,-914,1370,right
2126.813,-913,1378,right
2127.080,-840,1560,right
2127.205,-855,1661,right
2127.291,-875,1662,right
2127.400,-886,1665,right
2127.496,-912,1659,right
2127.614,-915,1664,right
2127.948,-790,1426,right
2128.081,-691,1233,right
2128.210,-692,1266,right
2128.300,-692,1266,right
2129.286,-672,2047,right
2129.383,-787,1995,right
2129.654,-751,1687,right
2129.748,-718,1688,right
2129.840,-701,1736,right
2129.951,-693,1740,right
2130.036,-676,1780,right
2130.160,-675,1789,right
2131.082,-811,1454,right
2131.182,-816,1464,right
2131.287,-820,1460,right
2131.407,-820,1460,right
2132.400,-551,1177,right
2132.495,-559,1187,right
2133.281,-269,763,right
2133.383,-270,761,right
2133.471,-265,766,right
2133.580,-277,775,right
2133.657,-306,756,right
2133.753,-305,758,right
2133.887,-285,802,right
2133.961,-282,804,right
2134.135,-506,1218,right
2134.245,-511,1155,right
2134.326,-545,1018,right
2134.438,-555,1080,right
2134.531,-593,1008,right
2134.638,-583,1008,right
2134.737,-571,1086,right
2134.825,-570,1092,right
2135.254,-381,627,right
2135.353,-378,606,right
2135.664,-300,857,right
2135.735,-299,858,right
2135.836,-514,983,right
2135.945,-491,994,right
2136.044,-552,1065,right
2136.151,-634,1042,right
2136.227,-732,1052,right
2136.338,-745,1045,right
2136.414,-746,1041,right
2136.518,-752,1027,right
2136.624,-829,978,right
2136.721,-843,971,right
2136.814,-853,949,right
2136.922,-962,462,right
2137.276,-879,730,right
2137.376,-878,730,right
2137.488,-848,717,right
2137.612,-851,629,right
2139.772,-421,949,right
2139.874,-394,957,right
2139.970,-397,960,right
2140.085,-397,970,right
2141.420,-182,1422,right
2141.536,-181,1421,right
2141.907,-191,1257,right
2142.015,-191,1256,right
2142.789,-347,749,right
2142.905,-341,750,right
2143.520,-277,921,right
2143.606,-280,932,right
2143.722,-281,933,right
2143.806,-281,933,right
2144.021,-338,698,right
2144.122,-359,691,right
2147.616,-769,1173,right
2147.722,-769,1173,right
2147.837,-728,1176,right
2147.917,-716,1180,right
2148.015,-717,1180,right
2148.111,-716,1180,right
2148.794,-389,765,right
2148.877,-356,751,right
2149.106,-653,1332,right
2149.223,-794,1361,right
2149.317,-826,1410,right
2149.432,-821,1406,right
2149.509,-821,1396,right
2149.610,-820,1396,right
2150.073,-800,1246,right
2150.167,-831,1197,right
2150.261,-829,1121,right
2150.354,-838,1106,right
2150.965,-685,663,right
2151.086,-785,498,right
2151.853,-381,579,right
2151.950,-371,581,right
2152.159,-197,647,right
2152.276,-199,644,right
2152.354,-224,628,right
2152.469,-224,633,right
2152.550,-225,636,right
2152.657,-225,640,right
2153.654,-555,1083,right
2153.757,-570,1084,right
2153.858,-647,1062,right
2153.969,-659,1051,right
2154.039,-656,1053,right
2154.145,-664,1023,right
2155.078,-329,657,right
2155.193,-418,667,right
2155.316,-408,668,right
2155.404,-419,661,right
2155.530,-459,588,right
2155.639,-465,602,right
2156.471,-858,389,right
2156.578,-860,395,right
2157.246,-786,825,right
2157.359,-791,821,right
2157.455,-833,720,right
2157.547,-838,714,right
2157.652,-828,701,right
2157.743,-838,678,right
2157.876,-859,647,right
2157.979,-859,646,right
2158.818,-777,725,right
2158.950,-804,716,right
2159.599,-617,1677,right
2159.700,-624,1672,right
2159.802,-628,1674,right
2159.899,-652,1579,right
2160.041,-657,1479,right
2160.170,-666,1441,right
2160.292,-661,1436,right
2160.385,-667,1440,right
2160.459,-666,1451,right
2160.524,-666,1449,right
2160.608,-622,1473,right
2160.714,-623,1453,right
2160.799,-623,1451,right
2160.903,-623,1453,right
2160.994,-622,1463,right
2161.105,-702,1428,right
2161.206,-699,1417,right
2161.304,-692,1349,right
2161.395,-685,1330,right
2161.514,-685,1333,right
2161.617,-689,1334,right
2161.673,-689,1334,right
2163.465,-494,1733,right
2163.548,-459,1782,right
2163.643,-300,2000,right
2163.770,-239,2047,right
2164.151,-328,1329,right
2164.257,-368,1307,right
2164.358,-428,1496,right
2164.469,-430,1499,right
2164.570,-430,1502,right
2164.686,-447,1490,right
2164.790,-465,1484,right
2164.889,-466,1486,right
2165.785,-1082,983,left
2165.897,-1082,983,left
2166.126,-1093,970,left
2166.222,-1095,969,left
2166.426,-624,907,right
2166.522,-644,913,right
2166.596,-677,912,right
2166.702,-700,881,right
2166.794,-731,855,right
2166.884,-767,844,right
2167.633,-629,707,right
2167.731,-701,637,right
2167.836,-716,603,right
2167.927,-716,603,right
2168.024,-724,605,right
2168.117,-771,612,right
2168.223,-772,614,right
2168.308,-771,614,right
2168.414,-762,621,right
2168.506,-759,621,right
2169.128,-728,624,right
2169.228,-728,623,right
2169.320,-731,621,right
2169.429,-742,608,right
2175.944,-426,732,right
2176.046,-427,732,right
2176.145,-427,730,right
2176.253,-427,730,right
2176.334,-427,730,right
2176.442,-427,729,right
2176.534,-427,729,right
2176.671,-427,729,right
2176.766,-427,729,right
2176.904,-427,729,right
2188.372,-652,1079,right
2188.486,-653,1084,right
2188.644,-622,1025,right
2188.743,-622,1049,right
2188.854,-603,1040,right
2188.974,-605,1035,right
2189.058,-628,1006,right
2189.160,-627,1005,right
2189.245,-625,996,right
2189.337,-642,1000,right
2189.464,-669,986,right
2189.558,-669,986,right
2189.819,-513,920,right
2189.929,-543,853,right
2190.026,-538,835,right
2190.111,-538,835,right
2190.221,-534,819,right
2190.332,-534,819,right