z,y,x,button
0.749,-828,1560,right
0.869,-898,1633,right
0.983,-770,1574,right
1.085,-755,1568,right
1.270,-644,1525,right
1.334,-642,1522,right
1.451,-729,1585,right
1.567,-758,1560,right
1.666,-762,1567,right
1.767,-766,1515,right
2.094,-595,1134,right
2.193,-589,1167,right
2.281,-550,1089,right
2.382,-624,871,right
2.485,-560,854,right
2.582,-497,686,right
2.670,-379,450,right
2.768,-459,380,right
2.851,-323,504,right
2.968,-502,449,right
3.066,-603,512,right
3.174,-634,635,right
3.313,-272,1474,right
3.425,-280,1535,right
3.526,-294,1660,right
3.646,-458,1552,right
3.917,-190,1517,right
4.028,-204,1506,right
4.143,-208,1510,right
4.273,-228,1517,right
4.657,-387,1044,right
4.773,-358,1036,right
4.878,-302,1041,right
4.992,-300,1012,right
5.113,-281,1024,right
5.220,-250,1032,right
5.306,-231,1050,right
5.441,-254,1042,right
5.561,-260,1038,right
5.674,-268,996,right
5.791,-276,982,right
5.910,-281,947,right
6.010,-310,863,right
6.133,-341,807,right
6.241,-390,810,right
6.358,-477,734,right
6.456,-543,702,right
6.575,-655,632,right
6.665,-707,617,right
6.782,-759,601,right
6.855,-756,620,right
6.976,-746,643,right
7.106,-363,1195,right
7.205,-346,1277,right
7.309,-345,1365,right
7.429,-378,1406,right
7.521,-527,1738,right
7.647,-723,1683,right
7.746,-778,1681,right
7.876,-795,1683,right
7.989,-815,1757,right
8.127,-884,1717,right
8.240,-940,1713,right
8.363,-990,1639,right
8.450,-963,1405,right
8.581,-1065,1157,right
8.727,-1018,1105,right
8.837,-957,1065,right
8.890,-929,955,right
8.990,-967,791,right
9.102,-860,848,right
9.230,-847,726,right
9.334,-762,568,right
9.466,-756,541,right
9.561,-758,567,right
9.684,-789,651,right
10.290,-445,1262,right
10.407,-447,1241,right
10.530,-446,1242,right
10.638,-444,1215,right
11.298,-203,1283,right
11.435,-207,1284,right
11.516,-209,1304,right
11.638,-227,1299,right
11.736,-229,1299,right
11.865,-309,1220,right
12.007,-345,1071,right
12.127,-343,1071,right
12.215,-331,1052,right
12.311,-330,1052,right
12.556,-314,1259,right
12.650,-337,1265,right
12.758,-358,1239,right
12.868,-478,924,right
12.943,-514,874,right
13.082,-623,718,right
13.148,-677,689,right
13.287,-704,677,right
13.374,-710,709,right
13.512,-714,733,right
13.855,-613,915,right
13.961,-613,890,right
14.093,-522,901,right
14.203,-526,908,right
14.280,-536,921,right
14.417,-559,910,right
14.761,-599,857,right
14.893,-663,767,right
14.993,-674,759,right
15.103,-723,679,right
15.180,-723,674,right
15.315,-723,674,right
16.256,-1057,864,left
16.345,-1056,864,left
16.677,-1082,865,left
16.762,-1082,865,left
17.564,-679,836,right
17.689,-679,836,right
17.810,-679,836,right
17.917,-679,836,right
18.020,-679,836,right
18.147,-679,836,right
18.252,-679,836,right
18.387,-680,836,right
18.714,-696,866,right
18.807,-697,865,right
19.064,-716,871,right
19.175,-716,871,right
19.687,-555,1306,right
19.782,-553,1305,right
20.622,-715,1241,right
20.762,-687,1167,right
20.880,-674,1082,right
20.989,-726,1030,right
21.558,-527,815,right
21.685,-548,698,right
22.336,-576,2047,right
22.486,-572,2009,right
22.715,-478,1779,right
22.825,-478,1778,right
22.938,-463,1800,right
23.074,-517,1966,right
23.432,-497,1376,right
23.570,-666,1402,right
23.647,-670,1405,right
23.746,-679,1414,right
23.843,-679,1423,right
23.946,-684,1450,right
24.037,-628,1513,right
24.178,-628,1514,right
24.266,-637,1544,right
24.407,-644,1553,right
24.506,-642,1548,right
24.644,-642,1514,right
24.762,-499,1380,right
24.848,-348,1189,right
24.964,-337,1176,right
25.065,-193,942,right
25.167,-36,717,right
25.288,-20,0,right
25.659,-359,1223,right
25.728,-398,1213,right
25.836,-438,1186,right
25.929,-488,1013,right
26.034,-496,1001,right
26.148,-558,848,right
26.252,-558,841,right
26.368,-585,798,right
26.451,-585,798,right
26.565,-604,756,right
26.640,-604,756,right
26.766,-618,754,right
26.835,-619,755,right
26.948,-650,729,right
27.025,-633,722,right
27.152,-637,736,right
27.254,-636,753,right
27.363,-636,758,right
27.443,-629,764,right
27.579,-631,763,right
27.648,-631,757,right
27.763,-637,774,right
27.879,-583,933,right
27.965,-568,976,right
28.101,-443,1518,right
28.236,-430,1560,right
28.312,-362,1636,right
28.446,-365,1650,right
29.549,-468,1409,right
29.631,-466,1409,right
29.744,-434,1365,right
29.842,-436,1260,right
29.974,-469,1220,right
30.058,-553,1094,right
30.427,-815,626,right
30.559,-820,626,right
30.688,-821,625,right
30.789,-821,625,right
31.362,-539,1181,right
31.465,-456,1329,right
31.576,-575,1353,right
31.687,-593,1360,right
31.782,-587,1495,right
31.911,-587,1496,right
32.314,-593,1013,right
32.452,-619,1016,right
32.544,-663,1060,right
32.667,-680,1077,right
32.791,-671,1142,right
32.853,-652,1159,right
32.943,-575,1281,right
33.097,-601,1263,right
33.433,-474,1498,right
33.557,-348,1610,right
33.658,-267,1674,right
33.789,-0,1869,right
34.610,-498,1329,right
34.720,-520,1320,right
34.830,-613,1227,right
34.942,-640,1190,right
35.015,-611,1184,right
35.133,-610,1213,right
35.280,-232,1857,right
35.401,-229,1891,right
35.514,-250,1855,right
35.623,-333,1719,right
35.707,-243,1696,right
35.819,-298,1503,right
35.913,-260,1412,right
36.040,-350,1233,right
36.152,-540,1259,right
36.257,-585,1237,right
36.516,-370,1317,right
36.634,-366,1279,right
36.763,-202,1231,right
36.867,-211,1242,right
36.959,-203,1284,right
37.088,-303,1122,right
37.190,-377,1016,right
37.314,-441,983,right
37.396,-524,1040,right
37.532,-679,913,right
37.616,-690,880,right
37.771,-758,750,right
37.848,-755,739,right
37.978,-755,736,right
38.073,-755,737,right
38.183,-760,743,right
38.302,-774,756,right
38.442,-788,769,right
38.513,-797,764,right
38.645,-795,764,right
38.721,-798,767,right
38.830,-797,767,right
38.923,-775,762,right
39.038,-772,764,right
39.123,-757,767,right
39.237,-749,783,right
39.305,-745,780,right
39.422,-732,801,right
39.527,-412,1468,right
39.644,-357,1542,right
39.722,-337,1622,right
39.849,-378,1658,right
39.937,-463,1659,right
40.082,-612,1625,right
40.494,-692,1624,right
40.601,-693,1622,right
40.734,-692,1594,right
40.840,-712,1450,right
40.960,-732,1437,right
41.072,-786,984,right
41.165,-824,864,right
41.280,-884,811,right
41.374,-896,778,right
41.488,-942,656,right
41.580,-954,637,right
41.679,-977,602,right
41.802,-934,589,right
41.924,-925,598,right
42.010,-838,704,right
42.142,-852,690,right
42.223,-867,681,right
42.363,-866,685,right
42.528,-763,1266,right
42.683,-722,1696,right
43.222,-593,1563,right
43.367,-574,1539,right
46.280,-788,828,right
46.387,-787,826,right
47.765,-786,823,right
47.905,-786,823,right
49.001,-806,667,right
49.107,-806,667,right
49.210,-807,681,right
49.302,-807,679,right
49.430,-791,705,right
49.538,-783,735,right
49.623,-778,791,right
49.734,-779,781,right
49.826,-779,781,right
49.938,-769,771,right
50.033,-722,853,right
50.126,-787,681,right
50.233,-768,677,right
50.300,-768,677,right
50.492,-621,1204,right
50.598,-579,1305,right
50.698,-482,1329,right
50.818,-465,1349,right
50.917,-444,1350,right
51.045,-444,1349,right
51.202,-444,1349,right
51.276,-438,1349,right
51.672,-380,1294,right
51.762,-373,1244,right
52.683,-1081,789,left
52.759,-1081,789,left
53.623,-696,759,right
53.659,-725,747,right
53.844,-768,719,right
53.931,-807,703,right
54.032,-824,684,right
54.107,-822,673,right
54.196,-822,672,right
54.289,-822,674,right
54.385,-826,663,right
54.490,-860,610,right
54.589,-863,604,right
54.691,-871,573,right
54.836,-877,563,right
54.924,-877,558,right
55.482,-664,1011,right
55.575,-648,1099,right
55.658,-652,1145,right
55.763,-666,1160,right
55.869,-658,1167,right
55.955,-647,1170,right
56.117,-441,1398,right
56.225,-430,1412,right
56.332,-405,1410,right
56.435,-401,1412,right
56.682,-308,1496,right
56.779,-307,1496,right
57.426,-137,1586,right
57.525,-136,1585,right
58.044,-118,1345,right
58.126,-97,1310,right
58.237,-0,1118,right
58.286,-0,870,right
58.550,-243,917,right
58.658,-242,909,right
58.761,-238,849,right
58.866,-238,848,right
58.973,-236,830,right
59.082,-232,784,right
59.195,-230,713,right
59.293,-227,664,right
59.412,-234,652,right
59.523,-236,656,right
59.659,-248,659,right
59.790,-262,657,right
60.621,-404,1199,right
60.737,-598,1276,right
60.841,-624,1409,right
60.923,-622,1424,right
61.025,-566,1574,right
61.123,-572,1592,right
61.985,-284,1724,right
62.089,-373,1696,right
62.178,-474,1667,right
62.288,-544,1656,right
62.388,-578,1677,right
62.486,-614,1716,right
62.811,-783,1611,right
62.926,-784,1590,right
63.016,-831,1448,right
63.128,-883,1475,right
63.216,-885,1585,right
63.327,-912,1599,right
63.446,-862,1669,right
63.564,-803,1751,right
63.660,-736,1797,right
63.773,-753,1793,right
63.885,-740,1827,right
64.013,-755,1772,right
64.110,-799,1675,right
64.238,-897,1499,right
64.314,-911,1476,right
64.443,-970,1414,right
64.566,-973,1405,right
64.679,-975,1399,right
65.044,-641,1159,right
65.159,-617,1125,right
65.232,-595,1106,right
65.370,-617,1102,right
65.453,-635,1107,right
65.564,-634,1103,right
65.629,-624,1094,right
65.945,-627,1107,right
66.011,-601,1128,right
66.139,-604,1105,right
66.213,-580,1092,right
66.338,-579,1089,right
66.422,-579,1083,right
66.548,-574,1069,right
66.629,-537,1020,right
66.755,-562,1069,right
66.901,-523,1191,right
67.017,-524,1219,right
67.116,-503,1289,right
67.234,-505,1300,right
67.307,-504,1303,right
67.444,-526,1298,right
68.049,-557,1266,right
68.156,-563,1259,right
68.247,-591,1245,right
68.354,-594,1246,right
68.453,-620,1225,right
68.562,-648,1192,right
68.657,-644,1228,right
68.773,-647,1210,right
68.887,-620,1203,right
68.997,-619,1203,right
69.086,-580,1245,right
69.201,-586,1216,right
69.289,-586,1217,right
69.410,-586,1216,right
69.993,-649,1059,right
70.106,-699,1024,right
70.199,-697,1017,right
70.328,-724,978,right
70.420,-735,982,right
70.543,-760,949,right
70.633,-787,908,right
70.745,-807,876,right
70.828,-806,890,right
70.960,-805,889,right
71.041,-798,907,right
71.153,-801,922,right
71.250,-789,950,right
71.364,-786,959,right
71.524,-563,1328,right
71.650,-580,1526,right
71.745,-583,1535,right
71.853,-580,1552,right
71.951,-568,1562,right
72.079,-567,1570,right
72.242,-662,1670,right
72.367,-729,1611,right
72.683,-448,1496,right
72.820,-488,1169,right
72.907,-555,1152,right
73.018,-620,1030,right
73.111,-610,997,right
73.229,-627,987,right
73.333,-624,988,right
73.474,-624,990,right
73.551,-611,1016,right
73.669,-589,1084,right
73.894,-405,1582,right
74.028,-386,1606,right
74.113,-361,1644,right
74.239,-365,1644,right
74.895,-496,1209,right
75.015,-532,1171,right
75.106,-549,1150,right
75.227,-576,1119,right
75.559,-528,1623,right
75.668,-549,1619,right
75.786,-577,1637,right
75.892,-625,1579,right
76.690,-638,873,right
76.789,-608,905,right
76.888,-607,939,right
76.982,-607,935,right
77.984,-612,1208,right
78.084,-611,1207,right
78.179,-671,1107,right
78.280,-754,943,right
78.398,-786,848,right
78.502,-921,830,right
79.100,-1037,743,right
79.291,-1010,447,right
79.390,-904,402,right
79.526,-897,390,right
79.600,-890,416,right
79.692,-889,416,right
79.803,-872,410,right
79.907,-859,392,right
81.007,-501,1291,left
81.504,-640,1024,left
82.485,-719,660,right
82.565,-719,660,right
82.696,-729,677,right
82.817,-728,676,right
82.985,-729,676,right
83.096,-729,676,right
84.650,-343,1464,right
84.737,-338,1472,right
84.833,-237,1599,right
84.940,-238,1605,right
85.627,-279,1621,right
85.733,-274,1633,right
86.460,-254,1516,right
86.562,-254,1520,right
86.684,-259,1519,right
86.799,-259,1522,right
87.870,-341,1664,right
87.966,-341,1664,right
88.074,-344,1785,right
88.133,-257,1848,right
88.607,-401,1353,right
88.712,-412,1361,right
88.814,-455,1384,right
88.927,-460,1403,right
89.379,-343,1390,right
89.467,-423,1379,right
89.570,-519,1416,right
89.687,-519,1418,right
90.999,-275,1461,right
91.110,-318,1448,right
91.221,-377,1467,right
91.302,-412,1353,right
91.409,-421,1296,right
91.511,-546,986,right
91.604,-580,986,right
91.712,-602,972,right
91.824,-591,943,right
91.918,-590,943,right
92.018,-580,960,right
92.110,-582,948,right
92.202,-578,939,right
92.300,-631,895,right
92.403,-632,894,right
92.517,-649,878,right
92.605,-650,865,right
92.729,-663,839,right
92.825,-663,835,right
92.949,-663,835,right
93.019,-661,831,right
93.186,-701,816,right
93.227,-701,816,right
93.371,-701,815,right
93.471,-700,798,right
93.588,-699,803,right
93.696,-686,810,right
93.819,-676,816,right
93.896,-673,811,right
94.020,-673,814,right
94.110,-673,812,right
94.239,-673,814,right
94.308,-673,814,right
94.429,-677,818,right
94.522,-681,820,right
94.635,-684,828,right
94.735,-687,835,right
94.854,-688,837,right
94.948,-678,854,right
95.069,-678,853,right
95.176,-664,854,right
95.312,-669,860,right
95.387,-675,853,right
95.531,-722,815,right
95.640,-722,804,right
95.735,-719,787,right
96.039,-671,749,right
96.143,-672,752,right
96.245,-680,752,right
96.353,-683,761,right
96.444,-690,758,right
96.577,-700,743,right
96.680,-700,738,right
96.794,-701,745,right
96.888,-714,753,right
97.006,-715,761,right
97.101,-715,763,right
97.218,-715,772,right
97.318,-732,760,right
97.452,-738,768,right
97.806,-656,851,right
97.926,-658,845,right
98.046,-652,807,right
98.177,-650,807,right
98.292,-642,799,right
98.403,-643,802,right
98.507,-649,790,right
98.630,-656,790,right
98.710,-656,790,right
98.835,-657,792,right
98.921,-656,788,right
99.036,-657,790,right
99.131,-658,790,right
99.263,-658,793,right
99.945,-553,846,right
100.063,-553,846,right
100.168,-526,869,right
100.248,-524,878,right
100.425,-484,1279,right
100.525,-467,1358,right
100.636,-454,1383,right
100.732,-449,1382,right
100.825,-435,1382,right
100.936,-438,1381,right
101.047,-439,1381,right
101.157,-442,1372,right
101.976,-1087,790,left
102.068,-1087,789,left
105.410,-1104,698,right
105.502,-1124,643,right
105.616,-1022,618,right
105.692,-1005,595,right
106.107,-522,1052,right
106.211,-521,1053,right
106.298,-523,1045,right
106.414,-590,922,right
107.216,-622,1420,right
107.334,-633,1407,right
107.432,-617,1368,right
107.549,-621,1361,right
107.680,-572,1494,right
107.790,-430,1560,right
107.909,-363,1559,right
108.011,-362,1559,right
108.168,-362,1539,right
108.267,-382,1357,right
108.937,-292,1291,right
109.043,-286,1290,right
109.157,-287,1287,right
109.279,-287,1273,right
109.790,-297,1217,right
109.888,-295,1217,right
110.031,-297,1224,right
110.131,-295,1233,right
110.250,-322,1439,right
110.349,-343,1454,right
110.469,-304,1543,right
110.583,-285,1541,right
111.050,-147,1239,right
111.135,-151,1231,right
111.251,-161,1204,right
111.345,-167,1186,right
111.507,-199,1178,right
111.595,-207,1181,right
111.740,-352,1327,right
111.839,-455,1289,right
111.966,-533,1303,right
112.077,-539,1324,right
112.624,-651,1276,right
112.734,-747,1260,right
112.821,-790,1165,right
112.930,-906,1007,right
113.033,-934,988,right
113.142,-966,938,right
113.303,-922,989,right
113.437,-922,988,right
113.550,-909,867,right
113.621,-886,677,right
113.703,-684,500,right
113.807,-742,414,right
113.921,-661,535,right
114.004,-705,742,right
114.103,-378,1540,right
114.223,-427,1464,right
115.070,-311,1252,right
115.149,-302,1255,right
115.298,-290,1292,right
115.383,-290,1291,right
115.557,-283,1292,right
115.653,-277,1289,right
116.014,-298,1409,right
116.075,-298,1411,right
116.229,-278,1381,right
116.309,-247,1178,right
116.441,-329,1249,right
116.528,-415,1255,right
116.635,-537,1237,right
116.733,-605,1155,right
116.857,-599,1137,right
116.950,-605,1089,right
117.066,-561,663,right
117.177,-587,585,right
117.255,-559,629,right
117.338,-566,657,right
117.472,-404,1131,right
117.569,-424,1134,right
117.705,-467,1065,right
117.810,-468,1065,right
117.936,-570,758,right
118.040,-607,678,right
118.138,-562,674,right
118.237,-561,675,right
118.325,-524,710,right
118.436,-527,714,right
118.566,-396,1140,right
118.684,-357,1280,right
118.774,-298,1399,right
118.895,-296,1469,right
119.920,-180,1657,right
120.018,-183,1667,right
120.167,-146,1609,right
120.266,-124,1618,right
120.805,-230,1555,right
120.888,-279,1501,right
120.990,-488,1496,right
121.086,-589,1432,right
121.182,-644,1353,right
121.274,-739,1209,right
121.359,-783,1180,right
121.455,-822,1148,right
121.528,-798,1260,right
121.643,-819,1244,right
121.722,-809,1209,right
121.831,-814,1221,right
121.901,-796,1230,right
122.027,-785,1238,right
122.141,-480,1703,right
122.249,-460,1737,right
122.347,-375,1783,right
122.467,-297,1842,right
122.829,-229,1725,right
122.932,-229,1730,right
123.045,-210,1886,right
123.131,-154,1944,right
123.470,-230,1425,right
123.558,-239,1404,right
123.660,-276,1261,right
123.752,-301,1198,right
123.870,-287,1184,right
123.993,-288,1185,right
124.138,-285,1200,right
124.241,-332,1115,right
124.330,-399,904,right
124.454,-450,841,right
124.559,-446,836,right
124.670,-483,786,right
124.755,-523,803,right
124.872,-597,774,right
124.958,-597,774,right
125.074,-610,786,right
125.154,-617,861,right
125.293,-683,836,right
125.361,-691,841,right
125.470,-727,862,right
125.559,-706,863,right
125.673,-705,883,right
125.812,-602,1026,right
125.891,-517,1133,right
126.006,-373,1341,right
126.125,-372,1343,right
126.218,-355,1430,right
126.349,-523,1388,right
126.455,-538,1409,right
126.583,-566,1417,right
126.717,-590,1390,right
126.796,-614,1344,right
127.130,-651,1392,right
127.229,-761,1425,right
127.347,-688,1223,right
127.457,-713,913,right
127.555,-752,710,right
127.666,-769,702,right
127.780,-737,705,right
127.923,-794,633,right
128.002,-841,627,right
128.148,-878,625,right
128.227,-867,627,right
128.339,-892,620,right
128.439,-963,616,right
128.539,-960,613,right
128.648,-871,537,right
128.757,-880,522,right
128.870,-891,519,right
128.974,-895,524,right
129.087,-867,533,right
129.204,-868,548,right
130.221,-623,957,right
130.313,-625,970,right
130.462,-603,1032,right
130.558,-610,1038,right
130.682,-613,1065,right
130.790,-686,844,right
130.904,-740,571,right
131.015,-765,524,right
131.122,-793,448,right
131.275,-835,372,right
131.373,-945,319,right
131.509,-1012,300,right
131.620,-1021,311,right
131.714,-1021,311,right
131.805,-1001,294,right
131.919,-1009,296,right
132.007,-1019,292,right
132.144,-1076,266,right
132.221,-1013,254,right
132.341,-1052,210,right
132.420,-1009,262,right
132.711,-1066,181,right
132.797,-1061,159,right
132.929,-1064,150,right
133.720,-602,856,right
133.804,-606,907,right
133.896,-552,1166,right
134.007,-664,1106,right
134.091,-627,1104,right
134.206,-623,1107,right
134.914,-454,1225,right
134.987,-472,1226,right
135.099,-471,1004,right
135.200,-506,970,right
135.329,-516,787,right
135.441,-560,706,right
135.549,-595,519,right
135.667,-614,444,right
135.749,-609,360,right
135.871,-650,293,right
135.966,-573,260,right
136.067,-613,209,right
136.176,-591,198,right
136.296,-594,216,right
136.381,-597,225,right
136.512,-665,282,right
136.604,-677,297,right
136.722,-711,251,right
136.797,-696,235,right
136.928,-695,248,right
137.025,-688,258,right
137.122,-690,262,right
137.212,-682,302,right
137.321,-688,310,right
137.617,-444,1090,right
137.730,-471,1251,right
137.832,-347,1328,right
137.941,-405,1334,right
138.051,-366,1360,right
138.170,-394,1376,right
138.793,-575,407,right
138.923,-606,407,right
139.015,-637,387,right
139.143,-660,364,right
139.218,-605,366,right
139.340,-610,398,right
139.429,-601,449,right
139.710,-737,412,right
139.765,-752,380,right
139.903,-839,286,right
139.977,-839,287,right
140.100,-841,292,right
140.183,-840,289,right
140.304,-849,295,right
140.388,-860,291,right
140.489,-854,342,right
140.704,-364,1223,right
140.819,-364,1245,right
140.934,-331,1272,right
141.044,-338,1295,right
142.915,-173,1411,right
143.011,-174,1410,right
143.125,-190,1411,right
143.239,-187,1413,right
143.682,-125,1341,right
143.786,-112,1277,right
144.404,-218,1235,right
144.492,-204,1250,right
144.604,-221,1303,right
144.710,-235,1324,right
145.156,-231,1452,right
145.261,-273,1484,right
145.354,-391,1564,right
145.457,-394,1565,right
145.598,-341,1585,right
145.689,-239,1618,right
145.851,-0,1717,right
145.942,-184,1630,right
146.150,-595,1354,right
146.260,-605,1362,right
146.388,-582,1330,right
146.466,-592,1330,right
146.946,-502,1336,right
147.059,-505,1349,right
147.155,-414,1338,right
147.238,-377,1348,right
147.345,-317,1354,right
147.466,-309,1358,right
148.106,-494,1121,right
148.198,-508,1097,right
148.282,-559,939,right
148.403,-671,936,right
148.472,-673,931,right
148.775,-742,977,right
148.826,-735,962,right
148.940,-737,980,right
149.027,-665,1035,right
149.135,-620,1082,right
149.283,-303,1600,right
149.397,-289,1663,right
150.804,-493,1440,right
150.912,-609,1451,right
151.014,-569,1350,right
151.123,-661,1106,right
151.208,-737,933,right
151.323,-756,879,right
151.395,-754,873,right
151.525,-754,880,right
151.596,-754,899,right
151.716,-753,899,right
151.795,-754,912,right
151.917,-753,913,right
152.022,-723,982,right
152.118,-711,981,right
152.216,-654,999,right
152.338,-653,997,right
152.422,-642,976,right
152.525,-640,975,right
152.613,-626,990,right
152.729,-626,993,right
152.828,-616,1039,right
152.933,-615,1040,right
153.018,-625,1003,right
153.127,-644,930,right
153.222,-676,910,right
153.340,-670,912,right
153.434,-658,905,right
153.555,-659,908,right
153.658,-660,908,right
153.774,-659,908,right
153.872,-664,918,right
153.953,-643,976,right
154.038,-532,1296,right
154.155,-540,1226,right
154.264,-475,1186,right
154.382,-443,1035,right
154.487,-456,953,right
154.605,-630,710,right
154.723,-659,692,right
154.833,-690,711,right
154.930,-709,702,right
155.036,-735,658,right
155.125,-724,657,right
155.239,-752,650,right
155.361,-761,648,right
155.462,-762,654,right
155.888,-424,1002,right
156.003,-416,1003,right
156.126,-377,932,right
156.239,-392,875,right
156.912,-440,826,right
157.012,-441,830,right
157.923,-710,1022,right
158.040,-725,955,right
158.119,-757,984,right
158.225,-892,803,right
158.330,-880,646,right
158.451,-935,663,right
158.523,-958,623,right
158.642,-1011,545,right
158.721,-979,483,right
158.837,-1011,381,right
158.893,-976,362,right
159.009,-984,360,right
159.078,-966,375,right
159.204,-969,372,right
159.275,-952,372,right
159.399,-952,373,right
159.440,-951,373,right
159.585,-969,391,right
159.663,-971,395,right
159.787,-971,394,right
159.991,-433,1544,right
160.098,-397,1619,right
160.193,-305,1708,right
160.306,-377,1522,right
160.461,-441,1284,right
160.555,-427,1288,right
160.662,-427,1282,right
160.761,-426,1283,right
161.697,-405,1307,right
161.790,-405,1330,right
161.899,-470,1233,right
162.015,-513,1224,right
162.113,-537,1208,right
162.217,-593,1142,right
162.318,-633,1120,right
162.428,-713,1062,right
162.521,-729,1039,right
162.630,-744,900,right
162.724,-767,739,right
162.836,-802,697,right
162.946,-827,597,right
163.030,-826,595,right
163.158,-620,387,right
163.304,-531,355,right
163.394,-479,419,right
163.529,-493,400,right
163.613,-505,354,right
163.728,-509,337,right
163.814,-494,327,right
163.958,-497,332,right
164.042,-497,331,right
164.165,-496,331,right
164.243,-488,327,right
164.362,-488,332,right
164.448,-453,369,right
164.557,-463,381,right
165.025,-229,986,right
165.129,-255,1128,right
165.229,-193,1298,right
165.322,-221,1244,right
165.800,-94,1630,right
165.831,-244,1294,right
166.010,-250,1378,right
166.127,-299,1351,right
166.222,-347,1287,right
166.340,-419,1205,right
166.431,-418,1199,right
166.548,-435,1211,right
166.671,-518,1231,right
166.790,-660,1027,right
166.887,-657,918,right
167.011,-636,635,right
167.077,-572,479,right
167.200,-573,475,right
167.277,-556,481,right
167.381,-567,471,right
167.494,-651,452,right
167.612,-713,427,right
167.694,-697,398,right
167.813,-695,400,right
167.915,-670,439,right
168.027,-658,554,right
168.143,-406,1111,right
168.284,-334,1264,right
168.375,-266,1250,right
168.515,-298,1242,right
169.372,-265,1333,right
169.478,-265,1333,right
169.583,-256,1362,right
169.714,-270,1379,right
170.102,-260,1435,right
170.211,-263,1437,right
170.354,-276,1470,right
170.458,-276,1473,right
170.583,-277,1484,right
170.682,-252,1476,right
171.012,-282,1397,right
171.134,-271,1395,right
171.232,-257,1457,right
171.348,-264,1438,right
171.507,-270,1444,right
171.590,-269,1444,right
171.738,-266,1584,right
171.851,-301,1510,right
171.972,-426,1331,right
172.070,-527,1216,right
172.306,-310,1634,right
172.403,-336,1650,right
172.508,-338,1793,right
172.611,-348,1805,right
172.725,-349,1826,right
172.843,-355,1820,right
174.109,-1176,1995,right
174.231,-1061,1896,right
174.315,-887,1896,right
174.447,-879,1869,right
174.548,-880,1840,right
174.643,-913,1701,right
174.744,-907,1543,right
174.841,-895,1310,right
174.934,-893,1313,right
175.031,-899,1296,right
175.131,-977,1263,right
175.228,-980,1250,right
175.663,-774,1449,right
175.765,-756,1442,right
175.862,-743,1456,right
175.964,-752,1473,right
176.054,-785,1534,right
176.173,-803,1570,right
177.648,-468,1356,right
177.773,-508,1412,right
177.885,-510,1464,right
177.984,-503,1426,right
178.809,-518,0,right
178.912,-589,0,right
179.005,-628,43,right
179.102,-748,275,right
179.196,-774,347,right
179.300,-785,344,right
179.394,-828,480,right
179.507,-842,494,right
179.587,-845,502,right
179.687,-812,469,right
182.284,-410,812,right
182.365,-404,808,right
182.469,-387,807,right
182.568,-386,806,right
182.685,-364,788,right
182.792,-363,787,right
182.897,-359,801,right
183.018,-359,802,right
183.122,-359,804,right
183.221,-366,816,right
184.596,-394,793,right
184.699,-409,750,right
184.784,-413,753,right
184.867,-413,753,right
184.989,-425,735,right
185.077,-424,738,right
185.208,-409,760,right
185.319,-389,637,right
185.449,-362,506,right
185.558,-357,423,right
185.666,-374,439,right
185.773,-370,427,right
186.065,-116,537,right
186.177,-53,514,right
186.338,-0,3,right
186.467,-0,7,right
186.569,-0,28,right
186.688,-0,23,right
186.860,-0,480,right
186.959,-0,455,right
187.050,-0,365,right
187.178,-99,0,right
187.571,-149,782,right
187.679,-146,781,right
191.406,-507,768,right
191.570,-520,732,right
191.707,-516,735,right
191.775,-516,734,right
191.873,-396,665,right
191.995,-410,638,right
192.087,-380,607,right
192.206,-388,521,right
192.304,-434,489,right
192.409,-461,460,right
192.496,-399,527,right
192.637,-414,526,right
192.725,-426,538,right
192.826,-439,556,right
192.909,-427,623,right
193.030,-437,613,right
193.110,-398,605,right
193.233,-403,531,right
193.313,-381,545,right
193.633,-415,585,right
193.708,-434,731,right
193.834,-455,697,right
193.910,-475,687,right
194.038,-519,677,right
194.118,-514,665,right
194.252,-540,627,right
194.329,-538,627,right
194.455,-551,613,right
194.536,-547,607,right
194.646,-550,615,right
194.739,-523,603,right
194.860,-523,606,right
194.946,-523,606,right
195.086,-529,616,right
195.170,-537,615,right
195.310,-568,616,right
195.391,-572,619,right
195.519,-602,616,right
195.593,-606,612,right
195.732,-663,596,right
195.809,-664,596,right
195.949,-689,607,right
196.348,-424,731,right
196.459,-441,739,right
196.570,-506,669,right
196.684,-521,672,right
196.781,-537,693,right
196.923,-607,683,right
197.006,-611,683,right
197.146,-654,668,right
197.245,-655,661,right
197.343,-658,666,right
197.456,-565,752,right
197.574,-565,751,right
197.681,-566,757,right
197.803,-620,591,right
197.894,-610,562,right
198.018,-630,560,right
198.088,-628,560,right
198.195,-630,566,right
198.894,-1087,1037,left
198.982,-1087,1037,left
199.240,-570,936,right
199.347,-552,956,right
199.432,-499,897,right
199.552,-477,769,right
199.646,-491,695,right
199.762,-529,557,right
199.846,-525,542,right
199.978,-529,539,right
200.055,-527,530,right
200.160,-533,546,right
200.249,-532,597,right
200.374,-545,610,right
200.509,-484,885,right
200.638,-461,1015,right
200.731,-447,1073,right
200.849,-457,1092,right
200.959,-447,1143,right
201.082,-481,1145,right
201.497,-571,1278,right
201.601,-637,1263,right
201.711,-683,1256,right
201.818,-701,1259,right
202.030,-513,966,right
202.168,-523,951,right
202.281,-474,911,right
202.416,-500,906,right
202.613,-488,1042,right
202.732,-500,1059,right
202.879,-513,1140,right
202.963,-524,1142,right
203.086,-637,797,right
203.226,-780,653,right
203.330,-748,603,right
203.441,-735,602,right
203.515,-708,619,right
203.632,-710,620,right
203.730,-708,630,right
203.828,-707,630,right
204.014,-444,1234,right
204.136,-454,1243,right
204.278,-535,1279,right
204.355,-570,1251,right
205.339,-702,868,right
205.455,-711,868,right
205.556,-711,868,right
205.676,-717,873,right
208.639,-170,1227,right
208.737,-173,1231,right
208.831,-173,1226,right
208.928,-187,1163,right
209.031,-183,1136,right
209.140,-203,1043,right
209.238,-207,1029,right
209.353,-301,735,right
209.775,-716,654,right
209.882,-714,654,right
210.096,-659,1028,right
210.209,-717,1047,right
210.314,-714,1176,right
210.397,-725,1145,right
210.513,-671,1103,right
210.604,-671,1110,right
210.705,-658,1158,right
210.804,-645,1149,right
210.864,-622,1149,right
210.977,-661,1136,right
211.056,-693,1137,right
211.158,-707,1118,right
211.253,-642,1143,right
211.347,-633,1091,right
211.413,-601,1102,right
211.533,-590,1094,right
211.602,-537,1066,right
211.709,-559,1022,right
211.792,-522,997,right
211.912,-537,902,right
211.994,-538,904,right
212.086,-562,922,right
212.164,-517,1014,right
212.283,-547,1016,right
212.391,-522,1034,right
212.508,-519,1042,right
212.588,-517,1099,right
212.694,-522,1118,right
212.791,-479,1214,right
212.903,-478,1213,right
213.000,-410,1269,right
213.111,-408,1267,right
213.186,-352,1343,right
213.301,-351,1351,right
213.485,-0,1606,right
213.630,-265,1308,right
213.737,-246,1288,right
213.846,-254,1290,right
213.940,-208,1465,right
214.071,-210,1478,right
214.145,-155,1674,right
214.268,-184,1664,right
214.342,-120,1757,right
214.476,-68,1928,right
214.762,-214,1717,right
214.868,-224,1707,right
214.947,-157,1848,right
215.066,-164,1875,right
215.504,-578,1136,right
215.609,-698,1159,right
215.747,-829,1293,right
215.861,-1279,1632,right
216.206,-717,1326,right
216.325,-816,1201,right
216.422,-815,1103,right
216.546,-932,848,right
216.634,-907,685,right
216.765,-973,523,right
216.835,-973,512,right
216.964,-996,502,right
217.073,-997,504,right
217.193,-1014,454,right
217.540,-751,518,right
217.659,-767,496,right
217.749,-755,429,right
217.881,-786,377,right
217.957,-765,394,right
218.080,-792,440,right
218.176,-796,479,right
218.307,-818,493,right
218.403,-816,549,right
218.504,-796,569,right
218.581,-677,740,right
218.701,-546,1161,right
218.798,-493,1322,right
218.920,-485,1450,right
218.989,-375,1662,right
219.113,-438,1631,right
219.204,-353,1610,right
219.328,-264,1579,right
219.422,-256,1647,right
219.552,-385,1668,right
219.627,-370,1673,right
219.752,-375,1676,right
219.841,-246,1773,right
219.963,-63,1920,right
220.183,-367,1473,right
220.345,-654,1072,right
220.429,-662,926,right
220.537,-713,815,right
220.627,-574,871,right
220.752,-585,878,right
220.822,-576,910,right
220.947,-570,931,right
221.077,-353,1521,right
221.202,-359,1599,right
221.297,-450,1732,right
221.429,-565,1723,right
221.531,-506,1693,right
221.663,-613,1530,right
221.767,-676,1338,right
221.874,-817,1199,right
221.979,-1031,1002,right
222.065,-1279,197,right
222.246,-891,608,right
222.362,-924,608,right
222.457,-933,566,right
222.567,-928,487,right
222.677,-825,449,right
222.804,-897,425,right
222.924,-793,542,right
223.031,-791,540,right
223.119,-777,456,right
223.230,-839,355,right
223.306,-831,311,right
223.415,-835,323,right
223.554,-754,585,right
223.680,-725,1171,right
223.775,-679,1303,right
223.873,-689,1091,right
223.989,-580,910,right
224.089,-593,880,right
224.203,-533,907,right
224.338,-595,792,right
224.441,-572,831,right
224.564,-573,831,right
224.642,-561,838,right
224.761,-584,844,right
224.850,-584,837,right
224.961,-584,837,right
225.169,-432,1206,right
225.276,-499,1123,right
225.490,-337,1278,right
225.599,-345,1277,right
227.258,-595,602,right
227.363,-593,579,right
227.455,-568,555,right
227.546,-567,492,right
227.617,-544,467,right
227.727,-604,483,right
227.826,-628,499,right
227.933,-627,487,right
228.031,-623,479,right
228.142,-624,493,right
228.236,-614,586,right
228.349,-602,614,right
228.435,-567,634,right
228.574,-564,634,right
228.658,-563,637,right
228.761,-561,640,right
228.851,-508,711,right
228.962,-516,721,right
229.039,-495,755,right
229.162,-496,769,right
229.310,-393,1209,right
229.441,-371,1253,right
229.535,-257,1417,right
229.639,-384,1256,right
230.787,-803,965,right
230.889,-802,967,right
230.980,-792,987,right
231.088,-801,962,right
231.158,-791,961,right
231.291,-757,980,right
231.346,-746,1006,right
231.451,-772,1028,right
231.546,-758,1052,right
231.647,-766,1026,right
231.729,-755,1054,right
231.854,-755,1064,right
231.922,-760,1103,right
232.035,-760,1114,right
232.204,-728,1190,right
232.324,-741,1194,right
232.479,-663,1297,right
232.540,-669,1305,right
233.328,-373,1729,right
233.421,-403,1707,right
233.508,-400,1667,right
233.617,-399,1667,right
233.707,-374,1657,right
233.838,-427,1595,right
234.141,-388,1505,right
234.245,-399,1413,right
235.075,-671,650,right
235.189,-686,666,right
235.305,-715,684,right
235.414,-1021,379,right
236.457,-561,1091,right
236.551,-566,1097,right
236.655,-575,1102,right
236.765,-573,1107,right
236.873,-570,1092,right
237.000,-572,1096,right
238.058,-263,1443,right
238.112,-263,1444,right
238.228,-335,1392,right
238.321,-325,1394,right
238.404,-326,1496,right
238.500,-358,1468,right
238.578,-318,1489,right
238.683,-352,1516,right
238.768,-250,1715,right
238.881,-160,1799,right
238.962,-50,1931,right
239.070,-88,1950,right
239.153,-47,1992,right
239.270,-35,2003,right
239.355,-0,2008,right
239.474,-1,2047,right
239.773,-228,1758,right
239.867,-293,1747,right
239.972,-293,1747,right
240.087,-346,1695,right
240.157,-304,1580,right
240.276,-292,1590,right
245.208,-1237,1307,left
245.301,-1237,1309,left
247.473,-384,1265,right
247.559,-384,1265,right
248.831,-377,1027,right
248.973,-377,1030,right
249.214,-375,1026,right
249.316,-375,1026,right
250.614,-61,1056,left
250.706,-61,1056,left
252.575,-58,1054,left
252.697,-57,1054,left
262.028,-629,1039,right
262.121,-628,1040,right
262.225,-629,1040,right
262.319,-628,1050,right
262.423,-647,1056,right
262.519,-647,1060,right
262.616,-648,1062,right
262.743,-651,1076,right
262.829,-657,1078,right
262.945,-702,1059,right
263.031,-705,1059,right
263.148,-702,1060,right
263.236,-678,1036,right
263.356,-674,1016,right
263.450,-671,1010,right
263.567,-671,1011,right
263.663,-667,1010,right
263.775,-668,1016,right
263.872,-661,1022,right
263.992,-662,1024,right
264.086,-661,1025,right
264.190,-662,1028,right
264.271,-662,1028,right
264.394,-671,1027,right
264.483,-672,1027,right
264.595,-714,928,right
264.681,-790,736,right
264.791,-818,691,right
264.896,-842,708,right
265.022,-839,677,right
265.111,-836,664,right
265.231,-839,664,right
265.323,-850,657,right
265.444,-857,650,right
265.528,-856,644,right
265.647,-856,648,right
265.735,-854,641,right
265.865,-854,647,right
265.949,-839,647,right
266.070,-838,653,right
266.160,-831,663,right
266.281,-838,675,right
266.368,-840,675,right
266.503,-843,675,right
266.591,-843,673,right
266.719,-843,674,right
266.803,-844,674,right
266.944,-856,664,right
267.050,-856,663,right
267.181,-856,663,right
268.270,-710,664,right
268.376,-707,664,right
268.467,-677,655,right
268.580,-677,651,right
268.721,-677,651,right
268.807,-677,651,right
271.011,-599,904,right
271.114,-605,917,right
271.206,-613,918,right
271.305,-622,916,right
271.401,-626,920,right
271.521,-633,930,right
271.643,-647,919,right
271.750,-685,877,right
271.908,-687,892,right
271.980,-683,894,right
272.203,-650,902,right
272.312,-658,879,right
272.426,-646,903,right
272.527,-603,947,right
272.628,-430,1383,right
272.730,-422,1425,right
272.817,-377,1650,right
272.931,-378,1627,right
273.989,-393,1403,right
274.069,-358,1392,right
274.155,-329,1372,right
274.274,-401,1233,right
274.369,-425,1215,right
274.512,-573,1003,right
274.588,-606,951,right
274.721,-637,907,right
274.815,-624,886,right
274.921,-623,871,right
275.010,-631,889,right
275.103,-673,856,right
275.192,-623,847,right
275.302,-621,850,right
275.396,-617,854,right
275.493,-621,855,right
275.764,-460,1500,right
275.881,-443,1502,right
275.987,-362,1559,right
276.111,-353,1564,right
276.875,-1107,939,left
276.961,-1106,938,left
277.145,-717,1262,right
277.247,-699,1216,right
277.351,-687,1060,right
277.471,-692,958,right
277.569,-699,876,right
277.661,-706,807,right
277.750,-680,829,right
277.875,-714,852,right
277.974,-731,822,right
278.085,-750,733,right
278.180,-733,709,right
278.306,-732,708,right
278.404,-703,722,right
278.525,-711,707,right
278.635,-719,731,right
278.747,-719,727,right
278.834,-703,707,right
278.973,-705,655,right
279.071,-713,686,right
279.190,-717,684,right
279.276,-710,690,right
279.402,-711,696,right
279.497,-707,697,right
279.611,-706,700,right
279.707,-693,712,right
279.808,-628,680,right
279.876,-540,676,right
279.981,-632,644,right
280.090,-670,603,right
280.213,-719,509,right
280.309,-695,497,right
280.421,-689,497,right
280.548,-675,549,right
280.615,-661,567,right
280.760,-646,993,right
280.893,-692,984,right
280.989,-702,1034,right
281.098,-709,1042,right
281.219,-582,1164,right
281.348,-585,1159,right
281.673,-978,747,right
281.777,-997,753,right
281.864,-1011,738,right
281.938,-1035,706,right
282.091,-1035,701,right
282.155,-1025,700,right
282.265,-950,661,right
282.360,-928,680,right
282.459,-808,783,right
282.550,-809,766,right
282.633,-798,707,right
282.748,-816,688,right
282.896,-552,1112,right
282.996,-545,1248,right
283.113,-540,1317,right
283.239,-551,1364,right
284.218,-235,1031,right
284.301,-243,1045,right
284.418,-242,1045,right
284.516,-242,1041,right
284.966,-730,707,right
285.066,-733,695,right
285.167,-732,681,right
285.294,-1053,358,right
285.790,-630,1301,right
285.892,-678,1239,right
286.002,-680,1147,right
286.097,-694,1065,right
286.200,-696,1041,right
286.330,-722,964,right
286.530,-738,736,right
286.675,-756,646,right
286.770,-767,636,right
286.893,-806,575,right
287.012,-792,608,right
287.134,-792,637,right
287.220,-809,635,right
287.331,-804,591,right
287.414,-728,564,right
287.522,-701,557,right
287.609,-688,570,right
287.719,-701,557,right
287.807,-699,612,right
287.913,-705,587,right
287.991,-680,551,right
288.105,-707,481,right
288.185,-707,482,right
288.295,-740,486,right
288.500,-413,1108,right
288.607,-459,1099,right
288.708,-416,1219,right
288.834,-429,1259,right
289.525,-355,1234,right
289.591,-356,1235,right
289.693,-403,1266,right
289.795,-488,1210,right
289.898,-527,1209,right
289.975,-531,1216,right
290.092,-531,1218,right
290.217,-573,1206,right
290.639,-744,603,right
290.777,-780,613,right
290.877,-788,608,right
290.971,-789,567,right
291.048,-759,533,right
291.147,-762,531,right
291.244,-757,558,right
291.348,-765,564,right
291.444,-767,562,right
291.573,-767,566,right
291.664,-762,580,right
291.761,-761,581,right
291.848,-761,679,right
291.963,-783,710,right
292.111,-663,1069,right
292.258,-627,1264,right
292.471,-369,1789,right
292.595,-369,1791,right
292.682,-332,1743,right
292.812,-403,1612,right
292.917,-426,1562,right
293.046,-430,1568,right
293.396,-676,1524,right
293.528,-716,1511,right
293.628,-807,1398,right
293.704,-839,1331,right
293.801,-845,1231,right
293.920,-1002,901,right
294.002,-1001,894,right
294.110,-1013,808,right
294.167,-1010,806,right
294.295,-1060,785,right
294.385,-1074,744,right
294.502,-1028,803,right
294.638,-664,1333,right
294.730,-673,1331,right
294.844,-420,1574,right
294.954,-452,1514,right
295.080,-456,1520,right
295.181,-460,1523,right
295.314,-387,1474,right
295.429,-391,1477,right
295.560,-400,1435,right
295.676,-358,1375,right
295.762,-255,1277,right
295.875,-210,1202,right
295.972,-268,1132,right
296.071,-512,796,right
296.193,-566,731,right
296.283,-601,667,right
296.373,-589,642,right
296.483,-634,559,right
296.584,-599,590,right
296.668,-599,590,right
296.756,-530,624,right
296.853,-542,609,right
296.927,-544,631,right
297.059,-571,657,right
297.125,-597,665,right
297.239,-611,696,right
297.350,-516,989,right
297.451,-328,1264,right
297.540,-216,1562,right
297.653,-253,1533,right
297.760,-146,1692,right
297.884,-0,1879,right
298.182,-321,1695,right
298.291,-324,1705,right
298.407,-320,1750,right
298.535,-325,1760,right
299.431,-419,1556,right
299.548,-417,1556,right
299.949,-185,1342,right
300.063,-189,1273,right
300.194,-213,1175,right
300.277,-213,1036,right
300.394,-217,1032,right
300.493,-274,1050,right
300.641,-518,1016,right
300.735,-530,1029,right
300.817,-523,1047,right
300.934,-523,1044,right
301.009,-502,1057,right
301.136,-502,1063,right
301.218,-505,1019,right
301.318,-516,954,right
301.392,-512,938,right
301.518,-552,923,right
301.610,-549,903,right
301.721,-557,893,right
301.798,-572,905,right
301.934,-623,910,right
302.016,-630,951,right
302.168,-551,1095,right
302.285,-483,1377,right
302.433,-151,1809,right
302.616,-245,1723,right
302.725,-247,1710,right
302.816,-247,1708,right
302.954,-306,1684,right
303.052,-310,1688,right
303.186,-327,1682,right
303.329,-505,1365,right
303.484,-593,1241,right
303.579,-583,1261,right
303.712,-616,1188,right
303.772,-613,1181,right
303.892,-608,1181,right
303.977,-604,1176,right
304.087,-604,1179,right
304.185,-585,1213,right
304.300,-588,1221,right
304.407,-588,1220,right
304.515,-588,1220,right
304.615,-597,1184,right
304.731,-620,1114,right
304.822,-617,1108,right
304.928,-637,1046,right
305.018,-611,1027,right
305.149,-681,881,right
305.236,-679,866,right
305.345,-693,822,right
305.424,-685,770,right
305.517,-684,770,right
305.624,-628,797,right
305.724,-595,802,right
305.818,-583,785,right
305.929,-578,753,right
306.010,-576,738,right
306.125,-579,745,right
306.203,-567,733,right
306.348,-576,699,right
306.385,-575,699,right
306.529,-593,718,right
306.621,-608,718,right
306.733,-628,738,right
306.822,-686,723,right
306.939,-728,785,right
307.030,-734,832,right
307.146,-764,748,right
307.234,-763,734,right
307.345,-850,539,right
307.428,-801,538,right
307.545,-847,472,right
307.617,-856,384,right
307.736,-942,222,right
307.804,-1018,291,right
307.915,-1039,329,right
308.005,-881,472,right
308.131,-898,448,right
308.217,-888,457,right
308.327,-870,449,right
308.427,-861,440,right
308.539,-861,453,right
308.626,-839,459,right
308.751,-852,462,right
308.822,-838,444,right
308.943,-860,422,right
309.013,-816,377,right
309.122,-821,389,right
309.221,-786,375,right
309.316,-814,369,right
309.404,-753,454,right
309.514,-770,446,right
309.622,-706,493,right
309.716,-705,493,right
309.818,-683,524,right
309.938,-682,528,right
310.038,-671,533,right
310.142,-680,546,right
310.277,-636,683,right
310.380,-632,715,right
310.502,-512,976,right
310.615,-344,1189,right
310.699,-284,1306,right
310.790,-279,1295,right
310.901,-186,1304,right
311.004,-205,1365,right
311.100,-221,1412,right
311.221,-301,1432,right
311.307,-374,1474,right
311.429,-395,1496,right
311.512,-250,1591,right
311.639,-206,1647,right
311.834,-143,1953,right
311.947,-162,1936,right
312.212,-452,1270,right
312.325,-547,1187,right
312.389,-552,1124,right
312.519,-655,940,right
312.586,-602,938,right
312.711,-677,807,right
312.773,-681,798,right
312.908,-788,698,right
312.986,-787,696,right
313.118,-919,570,right
313.213,-934,547,right
313.350,-957,469,right
313.407,-950,453,right
313.538,-954,461,right
313.624,-1023,510,right
313.729,-1016,522,right
313.834,-981,544,right
313.935,-962,559,right
314.025,-912,563,right
314.136,-911,564,right
314.223,-875,622,right
314.340,-880,628,right
314.429,-874,620,right
314.528,-874,625,right
314.644,-814,700,right
314.762,-813,700,right
314.846,-813,770,right
314.967,-851,758,right
315.107,-964,561,right
315.161,-1023,467,right
315.506,-834,489,right
315.628,-795,463,right
315.718,-810,335,right
315.811,-833,344,right
315.914,-830,350,right
316.022,-1045,92,right
316.362,-1080,0,right
316.412,-1140,0,right
317.583,-258,1344,right
317.685,-161,1535,right
317.776,-13,1602,right
317.881,-0,1801,right
318.138,-514,1472,right
318.247,-571,1487,right
318.335,-572,1442,right
318.447,-920,1027,right
318.545,-1069,885,right
318.648,-1235,754,right
319.006,-866,1115,right
319.141,-1067,829,right
319.520,-863,485,right
319.622,-790,663,right
319.708,-797,649,right
319.813,-878,593,right
319.931,-1042,305,right
320.012,-1277,4,right
320.323,-571,1618,right
320.431,-576,1640,right
320.531,-593,1865,right
320.616,-550,1867,right
320.728,-110,2047,right
320.837,-107,2047,right
321.205,-307,1122,right
321.291,-306,1147,right
321.406,-194,1307,right
321.517,-131,1322,right
322.297,-826,271,right
322.392,-826,271,right
322.607,-461,1268,right
322.704,-415,1384,right
322.792,-222,1472,right
322.898,-160,1622,right
323.012,-71,1749,right
323.128,-84,1788,right
323.615,-333,1339,right
323.711,-332,1339,right
323.819,-301,1352,right
323.938,-301,1355,right
324.663,-176,1428,right
324.787,-172,1463,right
324.902,-68,1582,right
324.990,-10,1616,right
325.862,-611,1440,right
325.974,-613,1385,right
326.064,-561,1297,right
326.191,-560,1297,right
326.881,-443,1233,right
326.963,-444,1238,right
327.690,-513,1342,right
327.776,-543,1352,right
327.868,-550,1353,right
327.993,-593,1392,right
328.085,-609,1397,right
328.197,-609,1401,right
328.625,-591,1109,right
328.725,-589,1111,right
328.845,-665,937,right
328.972,-686,897,right
329.718,-655,1065,right
329.811,-645,1053,right
329.908,-591,1032,right
329.991,-659,926,right
330.604,-741,898,right
330.704,-746,910,right
330.805,-794,880,right
330.921,-855,837,right
331.004,-856,837,right
331.121,-856,837,right
331.214,-855,835,right
331.336,-855,835,right
331.442,-865,924,right
331.572,-865,925,right
331.668,-852,934,right
331.812,-852,936,right
331.911,-805,981,right
332.034,-804,963,right
332.115,-812,918,right
332.236,-856,834,right
332.347,-798,920,right
332.459,-771,927,right
332.539,-745,932,right
332.679,-746,934,right
332.767,-769,909,right
332.898,-826,883,right
332.994,-848,867,right
333.118,-887,825,right
333.206,-899,787,right
333.352,-901,781,right
333.422,-901,778,right
333.557,-909,775,right
333.647,-915,763,right
333.775,-928,794,right
333.959,-953,831,right
334.028,-1079,766,right
335.174,-785,881,right
335.270,-784,879,right
335.388,-802,805,right
335.520,-803,812,right
336.471,-422,1286,right
336.529,-422,1285,right
337.109,-614,927,right
337.208,-573,904,right
337.317,-638,715,right
337.417,-677,632,right
338.055,-1096,782,left
338.134,-1095,781,left
338.602,-750,583,right
338.691,-747,585,right
338.771,-744,576,right
338.882,-792,556,right
339.361,-807,526,right
339.484,-818,525,right
339.579,-805,551,right
339.668,-810,543,right
339.760,-803,564,right
339.859,-800,569,right
342.081,-794,524,right
342.177,-794,524,right
346.938,-831,693,right
347.037,-836,672,right
347.150,-767,692,right
347.255,-768,694,right
347.321,-743,730,right
347.438,-750,716,right
347.524,-751,714,right
347.618,-765,716,right
347.769,-476,1296,right
347.870,-431,1395,right
347.962,-255,1610,right
348.070,-167,1727,right
349.408,-819,542,right
349.525,-818,556,right
349.637,-756,707,right
349.683,-718,829,right
349.771,-557,1171,right
349.867,-505,1229,right
349.944,-420,1394,right
350.043,-428,1420,right
350.127,-389,1558,right
350.222,-383,1576,right
350.322,-221,1789,right
350.427,-162,1856,right
350.531,-8,2047,right
350.629,-121,1952,right
350.844,-177,1780,right
350.969,-183,1787,right
351.076,-211,1771,right
351.187,-232,1710,right
351.275,-195,1696,right
351.388,-179,1699,right
352.118,-934,463,right
352.231,-956,446,right
352.312,-948,440,right
352.420,-994,417,right
353.063,-808,576,right
353.166,-887,450,right
353.233,-913,383,right
353.330,-913,385,right
353.421,-912,390,right
353.529,-920,391,right
353.612,-900,392,right
353.720,-915,363,right
353.804,-911,258,right
353.937,-931,219,right
354.005,-931,216,right
354.118,-930,215,right
354.235,-893,232,right
354.372,-962,151,right
354.425,-958,159,right
354.553,-960,152,right
354.610,-953,153,right
354.721,-950,174,right
354.891,-460,1080,right
354.999,-426,1149,right
355.088,-263,1427,right
355.193,-281,1449,right
356.459,-380,1601,right
356.561,-356,1587,right
356.644,-414,1391,right
356.731,-496,1238,right
356.959,-815,744,right
357.077,-923,642,right
357.131,-920,631,right
357.281,-913,630,right
357.356,-876,652,right
357.465,-898,637,right
357.554,-856,663,right
357.662,-856,674,right
357.743,-816,803,right
357.845,-803,864,right
357.994,-497,1429,right
358.024,-487,1457,right
358.609,-109,1878,right
358.710,-93,1886,right
359.519,-683,1048,right
359.631,-777,919,right
359.724,-855,845,right
359.806,-856,849,right
359.908,-770,889,right
360.010,-518,1178,right
360.091,-446,1348,right
360.171,-497,1350,right
360.243,-358,1585,right
360.356,-409,1586,right
366.810,-1262,1363,left
366.882,-1262,1363,left
367.913,-281,1169,right
368.009,-281,1169,right
384.470,-886,1258,right
384.563,-891,1258,right
384.669,-888,1248,right
384.741,-888,1248,right
384.840,-905,1246,right
384.942,-917,1250,right
385.035,-946,1238,right
385.130,-951,1241,right
385.220,-952,1236,right
385.321,-960,1238,right
385.414,-957,1230,right
385.509,-957,1232,right
385.598,-954,1228,right
385.705,-951,1225,right
385.778,-940,1209,right
385.883,-939,1213,right
385.970,-934,1204,right
386.072,-940,1220,right
386.157,-937,1208,right
386.263,-940,1216,right
386.347,-938,1218,right
386.457,-945,1223,right
386.534,-945,1217,right
386.637,-953,1225,right
386.716,-963,1225,right
386.826,-987,1234,right
386.912,-945,1238,right
387.021,-971,1223,right
387.095,-950,1225,right
387.199,-956,1244,right
387.277,-935,1230,right
387.391,-942,1249,right
387.470,-940,1249,right
387.593,-958,1253,right
387.667,-953,1241,right
387.779,-955,1248,right
387.876,-946,1249,right
387.977,-882,1229,right
388.050,-815,1237,right
388.163,-815,1237,right
388.334,-512,1519,right
388.461,-468,1575,right
388.549,-415,1632,right
388.665,-346,1677,right
388.948,-313,1689,right
389.070,-668,1349,right
389.154,-745,1259,right
389.263,-925,1104,right
389.356,-909,1129,right
389.469,-913,1123,right
389.540,-892,1141,right
389.662,-955,1106,right
389.744,-927,1091,right
390.032,-919,1046,right
390.118,-893,1077,right
390.229,-906,1089,right
390.306,-887,1082,right
390.416,-904,1099,right
390.485,-898,1084,right
390.603,-904,1093,right
390.684,-901,1087,right
390.785,-901,1088,right
390.866,-872,1144,right
390.984,-876,1157,right
391.066,-877,1160,right
391.181,-882,1165,right
391.397,-638,1526,right
391.464,-653,1515,right
391.577,-640,1515,right
391.685,-515,1589,right
391.766,-457,1641,right
391.877,-445,1637,right
392.011,-607,1340,right
392.132,-946,1112,right
392.428,-1011,946,right
392.533,-972,935,right
392.626,-1035,752,right
392.757,-1213,554,right
393.036,-768,614,right
393.139,-788,630,right
393.232,-903,517,right
393.339,-934,513,right
393.436,-794,680,right
393.578,-838,616,right
393.678,-836,880,right
393.792,-867,789,right
393.885,-875,752,right
394.000,-905,728,right
394.105,-867,651,right
394.238,-923,532,right
394.312,-923,525,right
394.436,-921,534,right
394.531,-809,567,right
394.687,-870,520,right
394.767,-869,520,right
394.880,-882,517,right
395.121,-651,851,right
395.249,-668,855,right
395.351,-595,960,right
395.460,-623,946,right
395.565,-672,974,right
395.660,-700,975,right
395.757,-679,1024,right
395.855,-688,955,right
395.940,-640,913,right
396.051,-655,914,right
396.167,-648,924,right
396.259,-644,924,right
396.376,-636,931,right
396.490,-695,830,right
396.571,-689,816,right
396.676,-706,798,right
396.767,-705,787,right
396.884,-732,739,right
396.971,-735,727,right
397.083,-737,730,right
397.177,-738,730,right
397.297,-775,717,right
397.385,-774,724,right
397.497,-778,736,right
397.947,-754,721,right
398.077,-755,723,right
398.171,-658,806,right
398.285,-639,692,right
399.948,-652,724,right
400.062,-658,757,right
400.190,-504,1036,right
400.281,-537,1185,right
400.386,-603,1086,right
400.494,-573,1085,right
400.608,-521,1081,right
400.720,-521,1083,right
400.823,-556,1082,right
400.929,-575,1059,right
401.037,-587,1057,right
401.147,-632,1034,right
403.560,-960,618,right
403.640,-963,596,right
403.734,-883,493,right
403.821,-882,494,right
404.727,-401,1223,right
404.825,-440,1189,right
404.913,-468,1197,right
405.029,-631,1092,right
405.145,-620,1201,right
405.221,-760,1281,right
405.732,-818,1155,right
405.824,-814,1203,right
405.923,-841,1269,right
406.024,-883,1284,right
406.131,-900,1351,right
406.237,-912,1365,right
406.350,-925,1392,right
406.451,-924,1396,right
406.559,-925,1396,right
406.662,-946,1401,right
406.776,-947,1403,right
406.875,-946,1404,right
407.897,-739,1165,right
408.005,-735,1126,right
408.119,-789,1172,right
408.218,-812,1193,right
408.308,-806,1205,right
408.405,-827,1150,right
408.511,-821,1155,right
408.614,-842,1135,right
408.710,-839,1116,right
408.814,-832,976,right
408.901,-545,998,right
409.029,-524,1000,right
409.131,-368,1083,right
409.232,-504,994,right
409.354,-420,871,right
409.463,-413,813,right
410.815,-295,747,right
410.916,-349,736,right
411.013,-350,724,right
411.109,-350,724,right
411.481,-174,779,right
411.568,-240,575,right
412.298,-551,778,right
412.402,-552,778,right
412.871,-680,1543,right
412.970,-603,1552,right
413.075,-378,1515,right
413.183,-363,1515,right
414.057,-1219,1990,left
414.345,-640,1024,left
415.717,-914,1327,left
416.038,-640,1024,left
416.965,-354,1555,right
417.062,-346,1557,right
417.175,-337,1553,right
417.270,-254,1481,right
417.378,-216,1471,right
417.476,-215,1428,right
417.595,-252,986,right
417.679,-236,988,right
417.817,-194,1003,right
417.915,-193,1003,right
418.024,-203,1000,right
418.149,-203,999,right
418.257,-279,981,right
418.383,-317,823,right
418.476,-310,838,right
418.583,-325,808,right
418.695,-490,734,right
418.778,-556,621,right
418.886,-566,534,right
419.000,-577,557,right
419.097,-603,558,right
419.209,-661,510,right
419.302,-685,512,right
419.413,-688,512,right
419.515,-721,527,right
419.619,-737,506,right
419.720,-728,467,right
419.852,-800,431,right
419.946,-823,424,right
420.020,-823,424,right
420.145,-731,423,right
420.260,-760,422,right
420.342,-757,423,right
420.468,-769,445,right
420.586,-707,608,right
420.692,-738,597,right
420.801,-752,608,right
420.891,-727,612,right
420.980,-659,616,right
421.084,-654,619,right
421.167,-625,708,right
421.278,-624,719,right
421.368,-617,721,right
421.473,-606,723,right
421.561,-536,772,right
421.668,-535,779,right
421.754,-486,855,right
421.885,-340,1134,right
421.949,-222,1328,right
422.082,-223,1330,right
422.164,-224,1335,right
422.283,-311,1233,right
422.515,-609,577,right
422.634,-619,588,right
422.715,-628,753,right
422.810,-630,747,right
422.923,-476,912,right
423.037,-366,1061,right
423.120,-138,1340,right
423.250,-146,1396,right
424.912,-746,898,right
424.993,-747,905,right
425.097,-748,910,right
425.194,-756,874,right
425.320,-752,871,right
425.434,-867,734,right
425.530,-930,670,right
425.629,-928,677,right
425.718,-870,725,right
425.816,-868,720,right
425.875,-825,718,right
425.986,-831,712,right
426.041,-831,712,right
426.150,-855,720,right
426.218,-848,726,right
426.345,-855,741,right
426.414,-854,753,right
426.523,-859,747,right
426.583,-839,748,right
426.701,-849,774,right
426.781,-868,811,right
426.902,-885,853,right
426.980,-839,1014,right
427.089,-821,1016,right
427.162,-740,1126,right
427.290,-743,1152,right
427.386,-704,1157,right
427.519,-743,972,right
427.568,-701,954,right
427.710,-701,959,right
427.796,-694,971,right
427.897,-667,1031,right
428.018,-513,1228,right
428.119,-491,1315,right
428.188,-400,1544,right
428.309,-390,1516,right
428.390,-374,1515,right
428.504,-373,1520,right
428.582,-316,1612,right
428.704,-204,1749,right
428.952,-102,1912,right
429.087,-148,1826,right
429.168,-57,1815,right
429.276,-32,1888,right
429.396,-1,2047,right
429.506,-162,1893,right
429.565,-188,1889,right
429.688,-215,1827,right
429.781,-125,1850,right
429.903,-99,1927,right
429.974,-31,2047,right
430.110,-34,2047,right
430.356,-10,1748,right
430.475,-163,1664,right
430.594,-206,1775,right
430.716,-244,1738,right
430.794,-202,1645,right
430.916,-193,1632,right
430.991,-166,1650,right
431.110,-166,1665,right
431.188,-155,1665,right
431.312,-155,1670,right
431.450,-0,1851,right
431.539,-45,1809,right
431.651,-128,1744,right
431.742,-179,1749,right
431.844,-178,1743,right
431.965,-179,1741,right
434.351,-101,1795,right
434.439,-127,1746,right
434.545,-121,1733,right
434.652,-121,1733,right
434.916,-89,1586,right
435.014,-139,1533,right
435.132,-184,1427,right
435.237,-209,1363,right
435.340,-209,1328,right
435.444,-209,1327,right
435.551,-212,1308,right
435.655,-232,1256,right
436.174,-582,1049,right
436.268,-596,1046,right
436.383,-596,1053,right
436.488,-595,1052,right
437.522,-365,1195,right
437.629,-359,1236,right
437.739,-347,1242,right
437.826,-345,1243,right
437.930,-311,1382,right
438.046,-329,1370,right
438.204,-250,1463,right
438.299,-251,1471,right
438.412,-246,1522,right
438.516,-246,1523,right
438.633,-260,1579,right
438.731,-257,1585,right
438.968,-191,1723,right
439.068,-191,1723,right
439.185,-205,1722,right
439.299,-216,1703,right
439.504,-491,1638,right
439.589,-557,1529,right
439.691,-589,1491,right
439.794,-597,1469,right
439.936,-598,1469,right
440.056,-598,1470,right
440.180,-598,1470,right
440.281,-601,1463,right
440.409,-673,1327,right
440.541,-757,1179,right
440.936,-612,1278,right
441.046,-605,1277,right
441.127,-605,1277,right
441.224,-662,1211,right
442.661,-473,1064,right
442.751,-471,1057,right
442.844,-470,1053,right
442.950,-468,1046,right
443.661,-326,817,right
443.776,-332,847,right
444.718,-431,1162,right
444.811,-432,1167,right
444.976,-343,1279,right
445.092,-262,1435,right
445.459,-209,1377,right
445.552,-228,1413,right
445.671,-221,1501,right
445.771,-206,1081,right
445.909,-173,1129,right
446.007,-164,1260,right
446.431,-204,1677,right
446.524,-241,1497,right
446.623,-229,1613,right
446.726,-233,1619,right
447.777,-200,1649,right
447.878,-186,1652,right
447.979,-258,1729,right
448.088,-344,1798,right
448.671,-279,1312,right
448.773,-522,1112,right
448.864,-550,1066,right
448.991,-706,876,right
449.060,-688,834,right
449.156,-738,784,right
449.255,-398,1283,right
449.368,-315,1423,right
449.454,-0,1779,right
449.573,-2,1785,right
449.649,-47,1740,right
449.769,-125,1791,right
449.869,-124,1866,right
449.986,-103,1858,right
450.076,-100,1780,right
450.191,-197,1757,right
450.452,-1117,1085,right
450.575,-1084,1121,right
450.682,-1013,1163,right
450.811,-962,1154,right
450.927,-661,1525,right
451.031,-580,1547,right
451.116,-407,1745,right
451.237,-424,1826,right
451.376,-112,1936,right
451.518,-267,1963,right
451.657,-145,1971,right
451.767,-0,2047,right
453.427,-857,1282,right
453.569,-848,1287,right
453.676,-597,1402,right
453.762,-686,1384,right
453.867,-773,1389,right
453.966,-745,1380,right
454.032,-705,1425,right
454.166,-700,1426,right
454.233,-667,1433,right
454.350,-678,1411,right
454.419,-675,1405,right
454.535,-641,1422,right
454.887,-297,1846,right
454.982,-298,1848,right
455.058,-245,1827,right
455.162,-258,1804,right
456.080,-40,1882,right
456.180,-143,1864,right
456.315,-209,1833,right
456.418,-357,1740,right
456.502,-427,1677,right
456.606,-569,1407,right
456.688,-625,1316,right
456.801,-629,1228,right
457.273,-833,1146,right
457.343,-848,1104,right
457.432,-827,1139,right
457.567,-927,979,right
457.632,-896,972,right
457.746,-977,892,right
457.807,-965,865,right
457.927,-980,812,right
458.008,-976,730,right
458.141,-983,700,right
458.207,-983,701,right
458.329,-983,701,right
458.412,-944,723,right
458.522,-944,724,right
458.592,-939,791,right
458.721,-1038,827,right
458.819,-1014,840,right
458.932,-1010,836,right
459.000,-1008,836,right
459.131,-1008,839,right
459.206,-989,880,right
459.313,-986,910,right
459.434,-972,957,right
459.541,-968,963,right
459.706,-693,1315,right
459.813,-566,1387,right
459.910,-373,1519,right
460.018,-304,1515,right
460.087,-266,1486,right
460.226,-267,1553,right
460.320,-191,1596,right
460.446,-246,1535,right
460.611,-470,1293,right
460.677,-482,1309,right
460.782,-132,1635,right
460.895,-137,1753,right
460.984,-0,1914,right
461.104,-134,1895,right
461.294,-667,1179,right
461.408,-697,1243,right
461.503,-690,1264,right
461.617,-690,1219,right
461.673,-667,1249,right
461.783,-682,1218,right
461.862,-682,1209,right
462.005,-682,1187,right
462.062,-692,1174,right
462.194,-803,1024,right
462.266,-817,1006,right
462.393,-906,948,right
462.487,-888,946,right
462.570,-898,921,right
462.643,-827,870,right
462.779,-888,814,right
462.845,-897,815,right
462.981,-923,775,right
463.080,-919,775,right
463.222,-923,765,right
463.987,-747,432,right
464.146,-869,279,right
464.209,-861,283,right
464.336,-875,304,right
464.465,-1279,0,right
464.563,-1279,41,right
464.718,-803,510,right
464.833,-840,505,right
464.921,-839,428,right
465.026,-922,352,right
465.162,-895,347,right
465.259,-884,357,right
465.684,-640,1112,right
465.793,-650,1065,right
465.930,-640,1086,right
466.023,-642,1097,right
466.084,-611,1121,right
466.197,-594,1147,right
466.316,-267,1382,right
466.427,-123,1533,right
466.495,-0,1804,right
466.607,-135,1821,right
466.668,-0,1866,right
466.794,-97,1871,right
466.855,-150,1871,right
466.984,-127,1869,right
467.043,-136,1840,right
467.188,-138,1871,right
467.263,-27,1951,right
467.387,-0,1996,right
467.456,-27,2006,right
467.594,-171,1856,right
467.662,-196,1907,right
467.790,-255,1891,right
467.868,-241,1936,right
468.021,-224,2047,right
468.114,-23,2047,right
468.252,-405,1483,right
468.455,-180,1572,right
468.580,-209,1600,right
468.726,-178,1708,right
468.889,-192,1906,right
468.942,-120,2041,right
469.089,-294,1892,right
469.260,-599,1412,right
469.405,-675,1340,right
469.486,-681,1308,right
469.612,-690,1269,right
470.310,-912,1097,right
470.388,-891,1136,right
470.547,-842,1252,right
470.660,-740,1461,right
470.735,-696,1510,right
470.864,-754,1461,right
470.952,-739,1603,right
471.080,-794,1538,right
471.185,-865,1169,right
471.328,-930,905,right
471.411,-899,801,right
471.546,-911,817,right
471.639,-887,808,right
471.748,-817,896,right
471.856,-641,1088,right
471.974,-659,1094,right
472.066,-650,1051,right
472.178,-601,1036,right
472.267,-540,1013,right
472.398,-550,1018,right
472.494,-558,1007,right
472.589,-550,1000,right
472.698,-410,1093,right
472.795,-409,1101,right
472.902,-241,1136,right
473.009,-161,1219,right
473.078,-114,1256,right
473.214,-126,1283,right
473.304,-117,1400,right
473.433,-54,1580,right
473.660,-360,1556,right
473.802,-513,1458,right
473.909,-549,1376,right
474.006,-706,1180,right
474.116,-757,1066,right
474.176,-807,994,right
474.858,-1094,807,left
474.986,-1094,807,left
476.034,-747,1080,right
476.155,-750,1082,right
476.270,-695,1082,right
476.384,-724,1106,right
476.508,-724,1106,right
476.651,-732,1095,right
476.731,-718,1112,right
476.863,-733,1095,right
476.984,-733,1089,right
477.119,-746,1049,right
477.223,-746,1048,right
477.359,-774,1025,right
477.485,-776,1014,right
477.597,-787,959,right
477.690,-779,903,right
477.804,-797,834,right
477.904,-788,759,right
478.023,-791,747,right
478.137,-789,743,right
478.228,-789,743,right
478.329,-777,761,right
478.459,-777,761,right
478.538,-773,758,right
478.647,-773,759,right
478.753,-773,761,right
478.889,-775,763,right
479.328,-869,558,right
479.443,-922,531,right
480.472,-964,468,right
480.602,-777,741,right
480.680,-773,785,right
480.775,-772,787,right
481.336,-679,867,right
481.443,-680,878,right
481.567,-681,879,right
481.656,-682,879,right
482.550,-655,910,right
482.660,-655,909,right
482.777,-656,909,right
482.889,-650,940,right
483.607,-457,1488,left
483.917,-640,1024,left
484.335,-292,1414,right
484.431,-290,1410,right
484.528,-265,1476,right
484.620,-290,1475,right
485.433,-1114,2020,left
485.780,-640,1024,left
486.300,-14,1901,right
486.410,-133,1481,right
486.503,-185,1450,right
486.626,-361,922,right
486.706,-405,823,right
486.819,-413,796,right
486.917,-418,787,right
487.030,-302,931,right
487.448,-313,1072,right
487.539,-322,1048,right
487.641,-364,875,right
487.752,-506,564,right
487.858,-560,635,right
487.952,-564,655,right
488.057,-607,604,right
488.159,-691,483,right
488.257,-694,478,right
488.353,-701,491,right
488.465,-729,573,right
488.547,-730,579,right
488.667,-706,631,right
488.771,-682,644,right
488.897,-526,765,right
488.997,-502,735,right
489.102,-475,646,right
489.206,-500,572,right
489.350,-547,719,right
489.461,-547,721,right
489.564,-524,920,right
489.679,-520,936,right
489.774,-528,1018,right
489.890,-601,1011,right
489.996,-638,982,right
490.125,-713,888,right
490.448,-671,1117,right
490.569,-683,1143,right
490.664,-690,1266,right
490.767,-709,1251,right
490.881,-706,1265,right
490.996,-707,1266,right
493.157,-627,1246,right
493.257,-529,1098,right
493.355,-487,946,right
493.451,-450,817,right
493.567,-370,751,right
493.672,-370,751,right
493.775,-317,825,right
493.889,-307,783,right
493.996,-290,786,right
494.110,-279,712,right
494.213,-276,704,right
494.321,-276,704,right
494.440,-277,675,right
494.557,-295,580,right
494.666,-329,521,right
494.795,-391,417,right
494.894,-420,403,right
495.008,-427,384,right
495.102,-452,352,right
495.240,-547,257,right
495.316,-610,217,right
495.432,-681,153,right
495.520,-746,119,right
495.649,-1204,0,right
496.168,-805,1312,right
496.261,-750,1570,right
496.354,-574,1999,right
496.460,-637,2013,right
496.540,-719,2031,right
496.679,-1135,2047,right
497.828,-73,767,right
497.920,-183,751,right
498.026,-254,950,right
498.138,-268,894,right
498.229,-255,705,right
498.333,-275,621,right
498.447,-295,606,right
498.544,-293,626,right
498.655,-293,625,right
498.772,-292,625,right
498.888,-293,625,right
498.999,-293,624,right
499.111,-293,625,right
499.219,-293,625,right
499.318,-293,625,right
499.444,-293,625,right
504.764,-600,988,right
504.855,-611,1000,right
504.961,-647,1098,right
505.075,-670,1096,right
505.151,-681,1111,right
505.270,-676,1093,right
505.358,-629,1152,right
505.470,-633,1137,right
505.542,-619,1140,right
505.666,-614,1136,right
505.713,-589,1129,right
505.845,-583,1117,right
505.907,-526,1146,right
506.026,-513,1138,right
506.091,-466,1180,right
506.248,-416,1221,right
506.325,-415,1226,right
506.436,-334,995,right
506.512,-149,991,right
506.622,-41,850,right
506.699,-0,1099,right
506.834,-245,1052,right
506.908,-163,970,right
507.023,-191,982,right
507.098,-111,1043,right
507.210,-0,1238,right
507.376,-118,1269,right
507.488,-108,1261,right
507.574,-0,1320,right
507.682,-10,1302,right
507.768,-60,1262,right
507.862,-88,1160,right
507.937,-70,1151,right
508.034,-75,1095,right
508.125,-67,1077,right
508.240,-68,1074,right
508.323,-4,1039,right
508.454,-6,1039,right
508.537,-3,1031,right
508.656,-121,970,right
508.744,-138,955,right
508.855,-283,791,right
508.937,-296,772,right
509.074,-771,418,right
509.685,-742,907,right
509.786,-784,984,right
509.867,-812,985,right
509.987,-1033,970,right
510.272,-785,1096,right
510.380,-786,1097,right
510.879,-783,990,right
510.979,-771,990,right
511.067,-670,989,right
511.188,-687,928,right
511.853,-780,933,right
511.946,-794,884,right
512.064,-797,1020,right
512.174,-814,1018,right
512.303,-783,1080,right
512.415,-808,1088,right
512.551,-817,1132,right
512.686,-826,1141,right
512.782,-854,1250,right
512.903,-860,1259,right
512.979,-887,1375,right
513.109,-934,1394,right
513.188,-930,1512,right
513.325,-946,1524,right
513.617,-776,1514,right
513.732,-752,1430,right
513.904,-658,1323,right
514.025,-654,1299,right
514.140,-519,1258,right
514.248,-507,1278,right
514.355,-478,1325,right
514.491,-489,1329,right
514.634,-450,1138,right
514.765,-377,1116,right
514.842,-312,1099,right
515.023,-252,1023,right
515.095,-196,990,right
515.223,-203,997,right
515.317,-202,1010,right
515.443,-219,1035,right
515.725,-243,1057,right
515.837,-423,990,right
515.949,-468,1054,right
516.073,-471,1025,right
516.180,-484,1061,right
516.303,-508,1069,right
516.513,-420,1349,right
516.674,-401,1343,right
516.781,-408,1355,right
516.916,-431,1344,right
517.162,-442,1348,right
517.286,-446,1347,right
517.418,-450,1350,right
517.536,-453,1345,right
517.702,-453,1344,right
517.814,-453,1341,right
518.261,-417,1192,right
518.354,-422,949,right
518.461,-414,854,right
518.571,-421,714,right
518.662,-423,705,right
518.778,-504,633,right
519.113,-920,480,right
519.232,-1077,292,right
519.933,-869,537,left
520.549,-640,1024,left
521.128,-778,830,right
521.174,-778,830,right
521.304,-714,837,right
521.394,-704,840,right
521.482,-641,885,right
521.574,-641,883,right
521.687,-595,871,right
521.789,-594,870,right
521.910,-532,875,right
522.041,-536,857,right
522.121,-537,849,right
522.253,-555,830,right
522.343,-555,830,right
522.448,-556,829,right
522.556,-555,840,right
522.686,-561,832,right
522.780,-568,833,right
522.911,-629,803,right
522.997,-630,803,right
523.112,-646,782,right
523.216,-647,778,right
523.341,-677,732,right
523.429,-679,732,right
523.533,-708,710,right
523.637,-690,766,right
523.764,-685,767,right
523.869,-663,805,right
523.980,-662,807,right
524.085,-619,838,right
524.200,-619,840,right
524.298,-591,864,right
524.404,-591,867,right
524.504,-543,866,right
524.650,-548,836,right
524.752,-538,832,right
524.883,-547,798,right
524.969,-546,780,right
525.102,-554,760,right
525.208,-525,793,right
525.334,-526,794,right
525.439,-527,794,right
525.569,-552,780,right
525.675,-561,780,right
525.807,-578,760,right
525.912,-568,773,right
526.022,-569,776,right
526.118,-569,791,right
526.268,-644,777,right
526.346,-689,770,right
526.505,-835,714,right
526.570,-856,709,right
526.696,-877,689,right
526.787,-856,674,right
526.914,-859,659,right
527.006,-824,671,right
527.124,-828,685,right
527.293,-848,780,right
527.421,-855,786,right
527.545,-855,785,right
527.640,-855,785,right
527.732,-855,786,right
527.837,-856,788,right
528.482,-1097,883,left
528.570,-1097,883,left
528.951,-474,750,right
529.061,-558,638,right
529.155,-565,604,right
529.271,-600,572,right
529.413,-643,557,right
529.451,-663,550,right
529.634,-453,870,right
529.686,-500,828,right
529.807,-526,950,right
529.928,-528,1096,right
530.024,-545,1143,right
530.119,-545,1146,right
530.239,-475,1414,right
530.338,-443,1420,right
530.433,-338,1520,right
530.544,-336,1520,right
530.631,-313,1510,right
530.739,-314,1472,right
530.807,-284,1442,right
530.918,-286,1444,right
531.006,-232,1462,right
531.103,-229,1462,right
531.183,-125,1519,right
531.295,-128,1525,right
531.370,-91,1604,right
531.495,-242,1551,right
531.588,-138,1557,right
531.714,-117,1591,right
531.774,-83,1655,right
531.902,-79,1671,right
531.990,-0,1922,right
532.121,-56,1941,right
532.246,-81,1940,right
532.362,-0,2047,right
533.045,-824,1074,right
533.159,-826,1063,right
533.253,-636,1252,right
533.366,-599,1341,right
533.457,-525,1426,right
533.581,-452,1477,right
533.654,-187,1828,right
533.764,-183,1818,right
533.850,-18,1987,right
533.962,-72,1945,right
534.042,-50,1910,right
534.161,-187,1744,right
534.254,-201,1720,right
534.360,-199,1728,right
534.450,-140,1815,right
534.569,-166,1810,right
534.644,-161,1822,right
534.792,-166,1831,right
534.852,-165,1828,right
534.973,-166,1839,right
543.451,-1242,1311,left
543.539,-1242,1311,left
547.952,-595,220,left
548.026,-595,220,left
549.731,-479,273,right
549.857,-479,273,right
562.231,-787,1261,right
562.329,-787,1261,right
562.446,-780,1329,right
562.544,-780,1327,right
562.645,-825,1353,right
562.744,-843,1339,right
562.847,-861,1343,right
562.947,-863,1346,right
563.068,-847,1353,right
563.164,-818,1354,right
563.253,-755,1389,right
563.367,-751,1381,right
563.445,-721,1366,right
563.561,-735,1354,right
563.634,-796,1377,right
563.774,-905,1317,right
563.855,-903,1365,right
563.977,-930,1344,right
564.053,-946,1357,right
564.166,-994,1397,right
564.245,-997,1462,right
564.346,-1005,1454,right
564.426,-1006,1454,right
564.540,-1021,1447,right
564.616,-1034,1445,right
564.733,-1078,1458,right
565.200,-840,1515,right
565.319,-838,1489,right
565.404,-853,1485,right
565.500,-886,1458,right
565.584,-907,1467,right
565.707,-958,1496,right
565.789,-960,1496,right
565.928,-1279,1568,right
566.249,-754,1432,right
566.366,-779,1439,right
566.438,-800,1481,right
566.566,-923,1496,right
566.646,-925,1531,right
566.770,-941,1535,right
566.943,-707,1410,right
567.057,-673,1402,right
567.136,-601,1446,right
567.266,-606,1402,right
567.341,-607,1402,right
567.457,-614,1416,right
567.535,-621,1424,right
567.645,-623,1431,right
567.731,-614,1439,right
567.854,-631,1448,right
567.932,-632,1449,right
568.044,-657,1436,right
568.123,-659,1438,right
568.245,-671,1441,right
568.323,-682,1445,right
568.443,-682,1445,right
568.521,-685,1455,right
568.639,-699,1448,right
568.715,-699,1447,right
568.830,-699,1449,right
568.900,-698,1450,right
569.018,-697,1450,right
569.093,-695,1451,right
569.214,-696,1455,right
569.307,-695,1457,right
569.387,-694,1457,right
569.555,-443,1302,right
569.653,-348,1203,right
569.730,-289,1094,right
569.858,-326,708,right
569.934,-345,709,right
570.052,-363,676,right
570.143,-369,664,right
570.274,-403,621,right
570.711,-535,751,right
570.837,-501,734,right
570.966,-523,682,right
571.100,-669,524,right
572.077,-760,688,right
572.172,-762,683,right
572.267,-740,616,right
572.366,-745,583,right
572.956,-958,732,right
573.059,-957,729,right
573.556,-825,758,right
573.704,-843,742,right
573.811,-869,732,right
573.911,-868,732,right
574.034,-858,753,right
574.146,-861,736,right
574.264,-861,732,right
574.367,-853,729,right
574.492,-804,723,right
574.619,-801,721,right
574.737,-813,734,right
574.862,-813,739,right
574.956,-814,739,right
575.082,-816,745,right
575.171,-821,752,right
575.292,-821,755,right
575.360,-819,761,right
575.491,-818,761,right
575.566,-818,761,right
575.691,-818,765,right
575.819,-818,767,right
575.912,-817,769,right
576.701,-379,835,right
576.823,-407,789,right
576.916,-431,819,right
577.035,-468,841,right
577.128,-524,944,right
577.243,-539,924,right
577.313,-526,918,right
577.424,-505,915,right
577.513,-479,1019,right
577.615,-486,995,right
577.765,-487,980,right
577.871,-489,971,right
578.484,-342,1130,right
578.590,-355,1013,right
578.690,-362,954,right
578.782,-387,807,right
578.903,-428,743,right
579.006,-694,411,right
579.245,-811,471,right
579.353,-858,425,right
580.551,-691,802,right
580.654,-697,817,right
580.753,-738,800,right
580.839,-757,773,right
580.943,-759,662,right
581.055,-769,626,right
581.637,-775,748,right
581.742,-795,706,right
581.848,-804,683,right
581.942,-802,683,right
582.050,-760,656,right
582.169,-755,644,right
582.579,-764,548,right
582.682,-764,547,right
582.798,-764,544,right
582.896,-764,544,right
583.025,-756,548,right
583.142,-755,548,right
583.249,-740,549,right
583.363,-739,549,right
583.469,-731,559,right
583.579,-731,559,right
583.679,-731,559,right
583.798,-730,559,right
583.906,-730,559,right
584.033,-730,559,right
584.139,-718,594,right
584.268,-717,594,right
584.371,-717,598,right
584.501,-718,592,right
584.595,-718,592,right
584.739,-718,592,right
584.830,-718,592,right
584.978,-718,592,right
585.126,-718,592,right
585.254,-718,592,right
585.371,-718,592,right
585.525,-718,592,right
585.646,-718,592,right
585.797,-718,592,right
585.897,-718,592,right
586.032,-718,592,right
586.135,-715,603,right
586.259,-715,603,right
586.388,-714,608,right
586.493,-714,608,right
586.629,-711,620,right
586.743,-711,620,right
587.315,-714,594,right
587.455,-717,584,right
587.576,-717,583,right
587.678,-717,583,right
593.293,-591,1136,right
593.383,-591,1136,right
593.480,-665,1017,right
593.608,-731,881,right
593.678,-736,874,right
593.815,-755,839,right
593.858,-756,836,right
593.983,-768,825,right
594.091,-766,817,right
594.195,-768,812,right
594.310,-769,805,right
594.426,-776,771,right
594.545,-776,767,right
594.647,-776,767,right
594.792,-125,1251,right
594.898,-70,1341,right
595.103,-0,1786,right
595.223,-139,1663,right
595.333,-156,1576,right
595.447,-0,1308,right
595.884,-664,885,right
595.965,-666,896,right
596.049,-629,1098,right
596.168,-722,1026,right
596.220,-705,990,right
596.334,-723,1015,right
596.417,-711,1038,right
596.531,-748,1086,right
596.605,-754,1137,right
596.731,-763,1130,right
596.785,-760,1127,right
596.923,-796,1094,right
596.972,-795,1083,right
597.113,-839,1126,right
597.176,-840,1106,right
597.290,-843,1120,right
597.350,-846,1118,right
597.494,-869,1122,right
597.554,-887,1129,right
597.693,-892,1133,right
597.762,-922,1443,right
597.920,-876,1776,right
597.984,-833,1843,right
598.104,-801,1803,right
599.563,-689,1570,right
599.658,-673,1573,right
599.750,-678,1326,right
599.887,-729,802,right
599.934,-727,915,right
600.068,-728,885,right
600.136,-723,896,right
600.255,-761,959,right
600.332,-737,943,right
600.440,-741,959,right
600.524,-667,1144,right
600.632,-650,1159,right
600.706,-572,1380,right
600.876,-619,1392,right
600.902,-615,1364,right
601.092,-693,1280,right
601.124,-692,1280,right
601.245,-694,1276,right
601.335,-657,1250,right
601.458,-643,1288,right
601.521,-625,1308,right
601.627,-676,1275,right
601.742,-666,1405,right
601.843,-731,1557,right
601.931,-657,1659,right
602.042,-635,1705,right
602.123,-562,1997,right
602.241,-567,2047,right
602.506,-492,1504,right
602.611,-618,1234,right
602.714,-453,1429,right
602.838,-430,1473,right
602.952,-461,1555,right
603.098,-644,1506,right
603.182,-669,1516,right
603.309,-757,1401,right
603.405,-707,1326,right
603.530,-851,1210,right
603.623,-832,1114,right
603.747,-888,978,right
603.856,-776,928,right
603.986,-764,933,right
604.644,-495,1124,right
604.744,-547,1075,right
605.213,-730,828,right
605.320,-779,872,right
605.413,-727,889,right
605.510,-755,893,right
606.691,-981,966,right
606.794,-985,988,right
606.874,-980,971,right
607.022,-1271,670,right
607.394,-694,829,right
607.508,-696,834,right
607.603,-707,823,right
607.723,-723,777,right
607.828,-712,774,right
607.953,-736,747,right
608.037,-741,736,right
608.169,-741,733,right
608.293,-714,734,right
608.410,-717,735,right
608.512,-718,735,right
608.646,-722,730,right
608.759,-722,731,right
608.885,-722,730,right
608.990,-722,728,right
609.120,-721,728,right
609.220,-722,728,right
609.362,-723,729,right
609.522,-774,698,right
609.651,-905,567,right
609.772,-868,553,right
609.884,-873,482,right
609.983,-850,473,right
610.109,-858,479,right
610.233,-862,485,right
610.340,-866,490,right
610.458,-866,554,right
610.573,-864,559,right
610.689,-835,599,right
610.800,-834,603,right
610.887,-774,621,right
611.017,-898,506,right
611.113,-892,497,right
611.236,-905,489,right
611.334,-900,489,right
611.446,-900,493,right
611.598,-898,482,right
611.713,-898,482,right
611.987,-892,491,right
612.150,-886,498,right
612.237,-868,518,right
612.377,-887,494,right
613.710,-529,1513,right
613.797,-524,1518,right
613.894,-433,1683,right
613.998,-505,1592,right
614.100,-574,1489,right
614.207,-626,1442,right
614.836,-1087,1023,left
614.913,-1086,1023,left
615.267,-743,1121,right
615.363,-712,1112,right
615.563,-319,1427,right
615.669,-133,1514,right
615.751,-0,1788,right
615.883,-0,2047,right
616.401,-80,1720,right
616.508,-172,1667,right
616.953,-336,1828,right
617.058,-347,1819,right
617.149,-391,1771,right
617.257,-419,1760,right
617.355,-438,1750,right
617.451,-489,1659,right
617.542,-512,1532,right
617.633,-609,1320,right
617.745,-568,1150,right
617.858,-574,1002,right
617.938,-572,1000,right
618.029,-581,950,right
618.104,-555,997,right
618.214,-598,1006,right
618.316,-571,1051,right
618.414,-566,1087,right
618.499,-525,1487,right
618.612,-573,1502,right
618.705,-478,1759,right
618.814,-496,1748,right
618.892,-387,1801,right
619.011,-391,1831,right
619.119,-354,1832,right
619.232,-197,2047,right
619.587,-293,1545,right
619.685,-292,1547,right
619.787,-292,1760,right
619.868,-871,1606,right
620.778,-109,1742,right
620.875,-112,1742,right
620.975,-0,2029,right
621.038,-0,2047,right
621.236,-177,1762,right
621.319,-224,1582,right
621.444,-259,1534,right
621.559,-401,1449,right
621.644,-291,1469,right
621.758,-314,1460,right
621.834,-302,1532,right
621.941,-370,1472,right
622.058,-710,956,right
622.155,-993,847,right
622.235,-1005,860,right
622.534,-941,720,right
626.747,-1260,1371,left
626.829,-1260,1371,left
636.366,-386,1003,right
636.504,-386,1001,right
654.486,-1079,1945,right
654.599,-1078,1944,right
654.959,-1078,1933,left
655.057,-1078,1933,left
659.280,-743,948,right
659.369,-742,948,right
659.494,-639,1193,right
659.593,-627,1147,right
659.687,-598,1116,right
659.783,-593,1114,right
659.884,-572,1108,right
659.987,-565,1106,right
660.083,-556,1104,right
660.184,-554,1104,right
660.279,-550,1112,right
660.389,-544,1102,right
660.481,-541,1113,right
660.597,-539,1111,right
660.678,-539,1111,right
660.800,-542,1112,right
660.889,-549,1121,right
661.013,-554,1108,right
661.068,-554,1108,right
661.208,-568,1103,right
661.296,-571,1104,right
661.406,-582,1064,right
661.486,-582,1065,right
661.613,-582,1065,right
663.555,-644,797,right
663.666,-670,796,right
663.743,-683,801,right
663.855,-683,801,right
663.970,-776,830,right
664.100,-831,799,right
664.437,-745,697,right
664.556,-748,696,right
664.654,-754,693,right
664.752,-753,694,right
664.858,-723,781,right
664.957,-742,801,right
665.047,-741,816,right
665.157,-752,818,right
665.297,-766,828,right
665.349,-765,826,right
665.884,-923,520,right
665.993,-928,517,right
666.094,-917,519,right
666.212,-1019,388,right
666.514,-884,676,right
666.623,-891,675,right
666.705,-885,615,right
666.809,-932,529,right
666.908,-989,617,right
667.010,-1279,324,right
667.269,-973,849,right
667.394,-954,836,right
667.493,-880,660,right
667.599,-961,538,right
667.688,-1012,683,right
667.806,-1054,743,right
667.887,-1279,584,right
668.000,-1278,191,right
668.104,-1113,262,right
668.192,-1087,256,right
668.260,-907,369,right
668.379,-935,312,right
668.460,-907,333,right
668.563,-946,240,right
668.640,-942,201,right
668.754,-975,151,right
668.817,-984,140,right
668.932,-994,132,right
668.993,-999,113,right
669.112,-1279,0,right
669.953,-1098,0,right
669.989,-1153,0,right
670.155,-478,702,right
670.266,-565,638,right
670.350,-486,642,right
670.492,-613,413,right
670.548,-559,431,right
670.678,-540,412,right
670.756,-503,424,right
670.850,-549,386,right
670.946,-528,335,right
671.045,-529,329,right
671.140,-497,310,right
671.267,-519,255,right
671.367,-436,0,right
671.486,-449,120,right
671.597,-442,289,right
671.712,-481,293,right
671.811,-489,305,right
671.888,-481,302,right
671.966,-426,292,right
672.062,-423,286,right
672.138,-410,289,right
672.249,-414,288,right
672.725,-388,270,right
672.822,-387,267,right
672.914,-323,160,right
673.032,-333,113,right
673.098,-326,92,right
673.210,-327,86,right
673.263,-328,84,right
673.362,-331,71,right
674.272,-546,1137,right
674.382,-573,1105,right
674.473,-665,1043,right
674.603,-1053,965,right
675.412,-840,449,right
675.533,-803,461,right
675.611,-816,430,right
675.743,-989,248,right
676.548,-771,1045,right
676.649,-773,1045,right
676.797,-791,1031,right
676.892,-791,1031,right
677.273,-574,1654,right
677.383,-459,1807,right
677.483,-362,1889,right
677.609,-40,2047,right
678.051,-497,1474,right
678.175,-561,1408,right
678.259,-567,1379,right
678.359,-565,1378,right
678.429,-529,1399,right
678.525,-538,1395,right
678.587,-506,1417,right
678.693,-544,1395,right
678.795,-527,1389,right
678.894,-547,1388,right
678.977,-525,1374,right
679.076,-543,1377,right
679.144,-534,1369,right
679.263,-532,1364,right
679.344,-506,1336,right
679.450,-525,1292,right
679.530,-508,1302,right
679.643,-505,1294,right
679.709,-485,1276,right
679.820,-485,1276,right
679.893,-483,1257,right
679.996,-488,1240,right
680.093,-479,1148,right
680.198,-487,974,right
680.283,-514,813,right
680.360,-506,928,right
680.449,-493,938,right
680.556,-488,955,right
680.644,-502,1001,right
680.755,-512,988,right
680.818,-521,994,right
680.915,-521,996,right
680.980,-504,1021,right
681.309,-505,997,right
688.787,-1243,1362,left
688.904,-1243,1362,left
689.587,-374,1342,right
689.710,-375,1341,right
689.928,-376,1320,right
690.035,-376,1320,right
694.888,-969,1872,left
695.014,-969,1872,left
701.776,-994,1903,right
701.898,-994,1903,right
702.044,-995,1924,right
702.132,-995,1924,right
702.235,-995,1924,right
702.326,-995,1924,right
702.441,-995,1924,right
702.535,-995,1924,right
702.643,-998,1926,right
702.756,-998,1926,right
702.935,-998,1926,right
703.041,-998,1926,right
703.148,-998,1928,right
703.226,-998,1928,right
703.337,-996,1929,right
703.429,-996,1929,right
703.520,-996,1929,right
703.627,-996,1929,right
703.736,-996,1929,right
703.831,-996,1929,right
703.949,-996,1929,right
704.052,-996,1929,right
704.162,-996,1929,right
704.276,-996,1929,right
704.388,-996,1929,right
704.498,-996,1929,right
704.624,-996,1929,right
704.729,-996,1929,right
704.846,-996,1929,right
704.965,-996,1929,right
705.096,-996,1929,right
705.202,-995,1929,right
705.316,-957,1944,right
705.423,-957,1944,right
705.560,-957,1944,right
705.679,-957,1944,right
705.773,-957,1944,right
705.894,-956,1944,right
706.018,-956,1952,right
706.133,-942,1951,right
706.250,-942,1951,right
706.351,-949,1954,right
706.484,-949,1954,right
706.587,-949,1954,right
706.721,-948,1954,right
706.783,-948,1955,right
707.066,-1020,1936,right
707.167,-1020,1936,right
707.397,-982,1938,right
707.515,-982,1938,right
707.608,-982,1938,right
707.725,-982,1938,right
710.472,-748,603,right
710.573,-757,609,right
710.696,-835,768,right
710.781,-835,781,right
710.893,-837,811,right
710.974,-837,822,right
711.079,-800,1014,right
711.176,-799,977,right
711.292,-779,947,right
711.395,-765,918,right
711.553,-775,895,right
711.630,-777,869,right
711.776,-780,867,right
711.861,-787,847,right
711.971,-794,837,right
712.077,-812,735,right
712.524,-964,763,right
712.641,-955,761,right
712.749,-952,758,right
712.872,-924,703,right
712.990,-877,670,right
713.122,-870,636,right
713.218,-858,572,right
713.352,-869,398,right
713.790,-1047,196,right
713.885,-1279,0,right
714.076,-949,605,right
714.181,-939,615,right
714.302,-940,614,right
714.386,-971,589,right
714.714,-802,1307,right
714.828,-805,1301,right
714.921,-811,1294,right
715.010,-821,1288,right
715.803,-865,1213,right
715.928,-865,1213,right
720.394,-682,787,right
720.505,-698,775,right
720.595,-732,748,right
720.702,-758,701,right
720.826,-738,668,right
720.922,-704,641,right
721.008,-679,613,right
721.127,-679,613,right
721.226,-688,643,right
721.323,-705,670,right
721.432,-792,944,right
721.542,-852,1008,right
721.632,-861,958,right
721.734,-977,768,right
721.816,-983,460,right
721.963,-1147,178,right
722.013,-1172,126,right
722.178,-1279,0,right
722.477,-854,619,right
722.576,-860,606,right
722.661,-861,606,right
722.786,-897,583,right
722.905,-914,585,right
723.032,-931,590,right
723.125,-936,587,right
723.329,-1102,234,right
723.698,-921,718,right
723.807,-937,755,right
723.898,-956,816,right
724.011,-970,768,right
724.077,-968,766,right
724.205,-1029,687,right
724.662,-1090,640,right
724.798,-1090,640,right
724.908,-1084,640,right
725.010,-1080,630,right
725.124,-1027,565,right
725.243,-984,541,right
725.338,-914,452,right
725.458,-903,443,right
725.555,-893,440,right
725.672,-882,424,right
725.769,-882,424,right
725.889,-880,416,right
726.522,-910,520,right
726.660,-1279,0,right
727.911,-607,658,right
728.012,-607,658,right
728.111,-639,658,right
728.183,-704,631,right
729.159,-821,633,right
729.283,-1084,25,right
729.372,-1087,46,right
729.500,-1222,26,right
730.274,-514,1260,right
730.371,-502,1272,right
730.474,-470,1390,right
730.589,-491,1545,right
730.681,-489,1501,right
730.779,-486,1457,right
730.879,-489,1363,right
730.975,-490,1312,right
731.081,-483,1265,right
731.157,-478,1264,right
731.239,-450,1237,right
731.337,-449,1236,right
731.422,-406,1239,right
731.519,-407,1251,right
731.622,-391,1282,right
731.727,-389,1277,right
731.809,-372,1273,right
731.916,-374,1271,right
731.989,-374,1271,right
732.106,-376,1271,right
732.183,-376,1271,right
732.299,-376,1272,right
732.382,-378,1274,right
732.503,-388,1273,right
732.581,-391,1274,right
732.704,-392,1275,right
732.781,-392,1278,right
732.899,-392,1278,right
732.966,-394,1277,right
733.092,-410,1271,right
733.174,-415,1269,right
733.285,-417,1260,right
733.378,-417,1265,right
733.471,-417,1265,right
733.583,-417,1272,right
733.682,-417,1270,right
733.776,-417,1262,right
733.893,-419,1232,right
733.999,-410,1233,right
734.095,-406,1235,right
734.174,-396,1258,right
734.285,-393,1265,right
734.380,-387,1276,right
734.497,-390,1279,right
734.584,-393,1292,right
734.725,-396,1291,right
734.819,-396,1293,right
734.936,-395,1293,right
735.055,-402,1273,right
735.183,-422,1220,right
735.278,-433,1191,right
735.376,-438,1178,right
735.528,-442,1173,right
735.615,-463,1103,right
735.735,-711,523,right
735.848,-755,531,right
735.930,-763,570,right
736.059,-864,454,right
736.812,-603,1564,right
736.908,-662,1449,right
736.990,-719,1406,right
737.096,-725,1409,right
738.202,-731,715,right
738.286,-692,520,right
738.378,-616,410,right
738.474,-621,437,right
738.757,-771,986,right
738.863,-761,1003,right
738.946,-767,1004,right
739.046,-751,1007,right
739.126,-695,1102,right
739.217,-706,1096,right
739.316,-652,1097,right
739.622,-684,1166,right
739.718,-715,1164,right
739.814,-714,1165,right
739.907,-710,1149,right
740.017,-722,1033,right
740.101,-719,1061,right
740.207,-758,1016,right
740.289,-733,1014,right
740.392,-804,914,right
740.501,-740,1088,right
740.632,-843,779,right
740.702,-638,630,right
740.817,-622,340,right
740.891,-610,318,right
741.006,-613,282,right
741.085,-580,252,right
741.204,-571,251,right
741.295,-494,310,right
741.415,-489,312,right
741.494,-432,341,right
741.612,-402,326,right
741.698,-372,322,right
741.815,-369,312,right
742.117,-144,194,right
742.236,-82,270,right
742.317,-0,643,right
742.443,-0,757,right
742.644,-268,894,right
742.741,-259,879,right
742.820,-240,939,right
742.946,-235,979,right
743.073,-225,1111,right
743.189,-223,1115,right
743.273,-163,1143,right
743.389,-189,1147,right
743.503,-294,1245,right
743.611,-296,1248,right
743.711,-306,1353,right
743.831,-345,1361,right
743.931,-338,1378,right
744.051,-338,1387,right
744.142,-344,1507,right
744.269,-354,1526,right
744.362,-343,1606,right
744.471,-330,1600,right
744.550,-274,1598,right
744.683,-278,1598,right
744.782,-262,1607,right
744.900,-257,1611,right
745.030,-0,1795,right
745.160,-27,1813,right
745.492,-378,1756,right
745.588,-376,1756,right
746.713,-630,1449,right
746.836,-747,1399,right
746.903,-726,1404,right
747.011,-707,1401,right
747.100,-645,1477,right
747.225,-666,1464,right
747.302,-653,1454,right
747.410,-635,1448,right
747.473,-617,1450,right
747.592,-588,1423,right
747.674,-576,1441,right
747.778,-574,1446,right
747.853,-533,1453,right
747.973,-534,1461,right
748.250,-207,1871,right
748.336,-191,1815,right
748.417,-140,1823,right
748.524,-189,1785,right
748.600,-153,1847,right
748.734,-0,2040,right
749.168,-437,1518,right
749.270,-429,1534,right
749.362,-405,1555,right
749.478,-403,1558,right
750.151,-497,1259,right
750.257,-483,1258,right
750.336,-389,1456,right
750.443,-614,1449,right
750.529,-592,1505,right
750.634,-582,1548,right
750.720,-574,1576,right
750.829,-579,1592,right
750.916,-484,1716,right
751.048,-485,1718,right
751.578,-445,1626,right
751.684,-488,1386,right
751.775,-511,1252,right
751.889,-568,1053,right
751.982,-554,1054,right
752.114,-631,802,right
753.155,-483,1418,right
753.247,-470,1266,right
753.348,-400,1190,right
753.457,-313,896,right
753.542,-252,832,right
753.669,-378,688,right
753.765,-405,688,right
753.868,-480,600,right
753.989,-489,606,right
754.102,-489,606,right
754.245,-486,568,right
754.335,-800,0,right
754.626,-750,786,right
754.747,-853,735,right
754.925,-775,934,right
755.144,-776,913,right
755.232,-787,933,right
755.347,-791,932,right
755.428,-735,982,right
755.536,-736,978,right
755.616,-706,998,right
755.730,-718,979,right
755.817,-688,1072,right
755.915,-658,1081,right
756.005,-506,1366,right
756.096,-449,1377,right
756.196,-398,1360,right
756.298,-371,1374,right
758.364,-1226,1278,left
758.468,-1226,1278,left
758.851,-1255,1304,left
758.952,-1255,1304,left
760.610,-370,1184,right
760.737,-370,1184,right
778.119,-1247,1345,left
778.211,-1247,1344,left
782.765,-1049,2009,right
782.863,-1041,2003,right
782.977,-1041,2003,right
783.086,-1041,2003,right
783.292,-1044,2023,left
783.421,-1043,2023,left
784.660,-730,1488,right
784.769,-729,1487,right
784.873,-722,1485,right
784.973,-718,1481,right
785.090,-682,1419,right
785.219,-682,1418,right
785.305,-694,1382,right
785.426,-714,1352,right
785.530,-714,1339,right
785.650,-731,1314,right
785.735,-730,1301,right
785.858,-732,1287,right
785.967,-730,1280,right
786.073,-730,1279,right
786.179,-722,1271,right
786.292,-723,1274,right
786.393,-718,1264,right
786.505,-717,1270,right
786.615,-714,1270,right
786.733,-716,1278,right
786.837,-706,1290,right
786.948,-709,1295,right
787.049,-713,1289,right
787.152,-756,1230,right
787.259,-742,1192,right
787.388,-754,1123,right
787.461,-753,1117,right
787.543,-775,1151,right
787.643,-769,1175,right
787.750,-770,1177,right
787.821,-750,1181,right
787.933,-752,1172,right
788.015,-746,1177,right
788.146,-745,1178,right
788.202,-742,1177,right
788.327,-748,1187,right
788.424,-719,1204,right
788.533,-709,1217,right
788.611,-673,1272,right
788.719,-676,1254,right
788.799,-648,1286,right
788.915,-650,1295,right
789.000,-621,1346,right
789.138,-626,1340,right
789.269,-158,1394,right
789.419,-214,1376,right
789.512,-28,1323,right
789.647,-38,1280,right
789.727,-41,1280,right
789.871,-228,1276,right
789.961,-119,1264,right
790.078,-153,1267,right
790.265,-477,1352,right
790.314,-543,1373,right
790.485,-277,1077,right
790.609,-219,966,right
790.667,-203,934,right
790.799,-96,985,right
790.876,-3,1101,right
791.020,-70,1137,right
791.458,-555,1550,right
791.554,-548,1570,right
791.650,-409,1588,right
791.776,-418,1527,right
791.919,-446,1502,right
792.027,-532,1448,right
792.150,-546,1392,right
792.267,-659,1091,right
792.354,-710,1101,right
792.470,-812,1102,right
792.566,-837,1117,right
792.675,-873,1172,right
792.769,-897,1324,right
792.917,-920,1302,right
793.018,-944,1328,right
793.162,-1037,1370,right
793.245,-1026,1391,right
793.351,-1029,1390,right
793.441,-1000,1388,right
793.535,-1005,1388,right
793.658,-1002,1448,right
793.765,-1004,1452,right
793.969,-942,1500,right
794.064,-935,1504,right
794.176,-611,1407,right
794.302,-554,1336,right
794.376,-547,1329,right
794.482,-566,1255,right
794.569,-486,1223,right
794.697,-393,1161,right
794.767,-258,1168,right
794.903,-242,1162,right
795.017,-249,1181,right
795.143,-250,1159,right
795.216,-207,1129,right
795.360,-186,1130,right
795.461,-60,1228,right
795.563,-0,1287,right
796.164,-911,1392,right
796.267,-935,1393,right
796.353,-858,1430,right
796.483,-873,1417,right
796.537,-853,1408,right
796.652,-847,1400,right
796.715,-832,1385,right
796.859,-831,1372,right
796.908,-827,1359,right
797.024,-827,1359,right
797.108,-799,1336,right
797.211,-781,1335,right
797.289,-749,1329,right
797.403,-731,1116,right
797.487,-555,924,right
797.617,-570,806,right
797.702,-543,858,right
797.828,-555,852,right
797.905,-554,852,right
798.030,-567,811,right
798.122,-506,837,right
798.258,-472,700,right
798.332,-431,677,right
798.451,-444,624,right
798.545,-370,670,right
798.657,-236,735,right
798.733,-198,777,right
798.856,-169,785,right
798.938,-56,1144,right
799.050,-56,1139,right
799.168,-8,1202,right
799.239,-37,1134,right
827.551,-490,1327,right
827.674,-490,1327,right
827.770,-490,1327,right
827.858,-490,1327,right
833.613,-789,1113,left
833.686,-788,1113,left
836.081,-742,1029,left
836.193,-742,1028,left