z,y,x,button
0.006,-110,2028,right
0.099,-108,2036,right
1.015,-6,2041,right
1.126,-120,1914,right
1.218,-121,1914,right
1.315,-119,1914,right
6.122,-812,1151,right
6.216,-812,1151,right
6.310,-812,1151,right
6.418,-812,1150,right
7.159,-759,1140,right
7.273,-758,1139,right
8.396,-753,1200,right
8.491,-753,1201,right
11.372,-668,727,right
11.474,-663,715,right
11.583,-666,701,right
11.710,-683,655,right
13.900,-272,1141,right
13.972,-272,1141,right
14.065,-272,1148,right
14.167,-275,1155,right
14.347,-283,1236,right
14.448,-283,1242,right
15.056,-430,701,right
15.137,-446,655,right
15.254,-461,650,right
15.355,-474,618,right
15.714,-480,1305,right
15.787,-479,1306,right
17.326,-325,1520,right
17.439,-673,882,right
17.503,-747,773,right
17.782,-947,490,right
18.609,-980,387,right
18.702,-981,384,right
19.183,-688,997,right
19.270,-679,1009,right
19.860,-458,1185,right
19.957,-770,653,right
20.044,-772,544,right
20.140,-903,439,right
20.215,-911,424,right
20.333,-930,425,right
20.415,-943,424,right
20.526,-962,414,right
20.611,-979,373,right
20.718,-1014,308,right
20.800,-1021,290,right
20.913,-1020,290,right
21.022,-1022,292,right
21.145,-1056,255,right
21.237,-1065,250,right
21.347,-1068,248,right
22.042,-847,681,right
22.121,-848,685,right
22.233,-844,728,right
22.323,-840,716,right
22.536,-781,518,right
22.632,-777,394,right
22.729,-786,376,right
22.832,-813,321,right
23.338,-798,813,right
23.417,-796,813,right
23.535,-731,982,right
23.629,-724,991,right
24.585,-707,1111,right
24.662,-820,620,right
24.769,-826,567,right
24.853,-871,490,right
24.940,-874,482,right
25.065,-945,403,right
25.128,-950,398,right
25.242,-953,378,right
25.309,-953,374,right
25.441,-1023,333,right
25.516,-1077,273,right
25.633,-1096,231,right
25.723,-1097,225,right
25.843,-1132,111,right
26.500,-572,715,right
26.597,-577,584,right
26.720,-616,429,right
26.819,-620,420,right
27.368,-659,490,right
27.457,-660,490,right
27.615,-685,569,right
27.684,-713,598,right
29.122,-631,513,right
29.207,-631,411,right
29.306,-670,373,right
29.427,-702,371,right
29.521,-799,335,right
29.655,-960,301,right
29.734,-1009,293,right
29.877,-1092,290,right
30.175,-1059,318,right
30.269,-1059,318,right
31.121,-944,217,right
31.215,-943,209,right
31.319,-957,161,right
31.414,-1132,0,right
31.743,-929,887,right
31.824,-926,886,right
31.941,-926,863,right
32.043,-944,761,right
32.773,-768,487,right
32.860,-768,489,right
33.000,-740,631,right
33.099,-742,639,right
33.361,-640,1253,right
33.470,-644,1253,right
35.237,-600,1105,right
35.301,-651,1067,right
35.408,-691,1014,right
35.531,-766,897,right
35.616,-864,822,right
35.741,-900,805,right
35.812,-907,801,right
35.937,-908,800,right
36.025,-909,800,right
36.120,-909,799,right
36.222,-910,799,right
36.334,-912,794,right
36.435,-912,794,right
36.536,-912,792,right
36.908,-628,1042,right
36.996,-600,1025,right
37.102,-571,918,right
37.212,-583,830,right
37.326,-596,796,right
37.416,-598,784,right
37.555,-574,810,right
37.639,-573,813,right
38.095,-650,1043,right
38.164,-654,1046,right
38.262,-684,1068,right
38.381,-756,1045,right
38.463,-789,1030,right
38.578,-824,1013,right
38.970,-730,1212,right
39.068,-723,1193,right
39.172,-689,1130,right
39.278,-686,1097,right
41.646,-870,785,right
41.754,-838,711,right
41.843,-839,713,right
41.939,-840,714,right
42.052,-827,778,right
42.142,-830,786,right
42.989,-676,887,right
43.098,-669,886,right
43.190,-664,883,right
43.297,-660,870,right
43.910,-449,1004,right
43.989,-483,941,right
44.102,-539,956,right
44.201,-600,950,right
44.307,-649,909,right
44.430,-691,843,right
45.326,-620,1109,right
45.417,-671,752,right
45.518,-690,466,right
45.616,-817,407,right
45.688,-817,404,right
45.795,-845,397,right
45.886,-847,396,right
46.001,-846,396,right
46.072,-846,396,right
46.190,-846,396,right
46.293,-841,400,right
46.393,-841,400,right
47.093,-735,343,right
47.199,-752,321,right
47.669,-605,441,right
47.767,-601,444,right
47.874,-568,497,right
47.965,-567,499,right
48.076,-567,501,right
48.182,-574,499,right
48.588,-667,686,right
48.673,-726,665,right
48.770,-757,656,right
48.893,-825,577,right
49.186,-767,799,right
49.275,-767,793,right
49.424,-653,763,right
49.544,-623,697,right
49.688,-599,650,right
49.766,-599,648,right
51.086,-614,558,right
51.192,-671,485,right
51.313,-722,472,right
51.409,-759,477,right
52.288,-544,704,right
52.360,-536,682,right
52.496,-537,643,right
52.585,-538,583,right
52.729,-440,679,right
52.830,-427,719,right
52.915,-405,865,right
53.035,-405,861,right
55.272,-508,745,right
55.394,-543,669,right
55.473,-563,698,right
55.584,-675,650,right
55.673,-679,657,right
55.789,-766,666,right
56.086,-490,688,right
56.171,-469,667,right
56.279,-400,834,right
56.381,-393,850,right
56.482,-361,874,right
56.576,-359,876,right
58.807,-357,896,right
58.900,-412,782,right
58.989,-458,792,right
59.094,-494,754,right
59.181,-524,709,right
59.299,-540,645,right
59.389,-542,633,right
59.503,-544,606,right
59.605,-545,605,right
59.716,-548,595,right
59.843,-565,595,right
59.953,-637,572,right
60.049,-716,609,right
60.163,-765,622,right
60.806,-703,941,right
60.888,-781,843,right
60.998,-802,818,right
61.110,-814,796,right
61.675,-540,999,right
61.773,-542,897,right
61.873,-542,886,right
61.955,-537,862,right
62.958,-429,986,right
63.055,-642,671,right
63.145,-680,657,right
63.257,-793,614,right
63.353,-831,595,right
63.477,-873,591,right
63.620,-909,606,right
63.745,-921,608,right
64.325,-877,802,right
64.451,-886,809,right
65.031,-845,992,right
65.125,-841,994,right
65.246,-710,912,right
65.342,-679,810,right
65.455,-642,772,right
65.555,-633,732,right
67.373,-220,1563,right
67.493,-219,1566,right
69.456,-668,1218,right
69.540,-781,1216,right
69.645,-817,1241,right
69.746,-820,1244,right
69.877,-794,1271,right
69.966,-793,1271,right
70.116,-660,1372,right
70.224,-656,1380,right
70.680,-565,1488,right
70.765,-592,1454,right
70.847,-597,1447,right
70.946,-612,1453,right
71.120,-453,1459,left
71.374,-640,1024,left
71.867,-483,1605,left
72.146,-464,1169,left
72.477,-428,1560,left
72.694,-640,1024,left
72.866,-506,1312,right
72.952,-548,1284,right
73.045,-579,1296,right
73.151,-663,1270,right
73.244,-684,1264,right
73.332,-560,1341,right
74.147,-511,1648,right
74.220,-619,1619,right
74.313,-619,1631,right
74.416,-647,1615,right
74.507,-797,1504,right
74.619,-804,1485,right
74.692,-798,1491,right
74.810,-786,1494,right
75.363,-476,1560,right
75.460,-539,1511,right
75.541,-549,1492,right
75.653,-759,1249,right
75.732,-830,1174,right
75.841,-944,1082,right
75.926,-932,1058,right
76.038,-956,989,right
76.108,-988,947,right
76.244,-1019,936,right
76.318,-1027,928,right
76.448,-1038,900,right
76.555,-1030,869,right
76.658,-1010,816,right
76.761,-842,741,right
76.873,-840,720,right
79.073,-492,1236,right
79.187,-817,732,right
79.274,-836,712,right
79.395,-866,643,right
79.479,-866,641,right
79.606,-862,613,right
79.693,-857,606,right
79.809,-856,580,right
79.921,-829,558,right
80.024,-829,552,right
80.263,-580,513,right
80.353,-548,522,right
80.453,-510,594,right
80.555,-523,566,right
83.480,-418,1484,right
83.577,-618,916,right
83.668,-670,819,right
83.783,-759,639,right
83.867,-775,610,right
83.994,-831,572,right
84.135,-880,497,right
84.252,-898,443,right
84.347,-901,439,right
84.471,-905,424,right
84.772,-918,371,right
84.886,-927,358,right
85.923,-939,728,right
86.034,-982,765,right
86.142,-966,807,right
86.226,-941,806,right
87.487,-559,859,right
87.591,-842,528,right
87.675,-884,509,right
87.797,-884,526,right
87.884,-904,533,right
88.005,-917,527,right
88.101,-935,515,right
88.212,-949,489,right
88.296,-949,487,right
88.405,-949,489,right
88.523,-933,492,right
88.626,-931,479,right
88.763,-825,432,right
88.833,-816,424,right
90.688,-429,906,right
90.774,-708,416,right
90.875,-788,310,right
90.993,-944,161,right
91.078,-1027,160,right
91.202,-1100,149,right
91.620,-964,554,right
91.729,-963,583,right
91.831,-982,594,right
91.943,-982,593,right
92.074,-980,544,right
92.196,-995,498,right
92.301,-998,429,right
92.412,-1008,331,right
93.757,-635,989,right
93.848,-800,500,right
93.944,-886,328,right
94.057,-950,295,right
94.712,-475,594,right
94.832,-468,596,right
96.246,-754,942,right
96.364,-908,880,right
96.458,-976,888,right
96.589,-996,887,right
98.353,-554,909,right
98.467,-885,512,right
98.547,-917,491,right
98.656,-1029,546,right
98.800,-886,1101,right
98.929,-853,1168,right
99.015,-816,1239,right
99.123,-806,1245,right
99.250,-749,1316,right
99.332,-697,1343,right
100.639,-515,1465,right
100.740,-737,1317,right
100.829,-795,1297,right
100.958,-903,1163,right
101.036,-929,1069,right
101.148,-946,980,right
101.249,-951,940,right
101.351,-955,920,right
101.577,-725,854,right
101.686,-564,822,right
101.800,-415,835,right
101.906,-377,852,right
103.503,-517,1100,right
103.600,-581,907,right
103.706,-544,818,right
103.832,-526,743,right
105.606,-388,1076,right
105.710,-435,820,right
105.796,-399,740,right
105.913,-380,643,right
105.995,-377,625,right
106.123,-389,602,right
106.212,-400,589,right
106.313,-402,564,right
106.424,-398,562,right
106.527,-393,519,right
106.662,-168,392,right
106.759,-63,271,right
106.907,-114,433,right
107.035,-160,377,right
107.670,-0,0,right
107.842,-211,85,right
107.997,-343,429,right
108.116,-337,388,right
108.944,-1079,874,left
109.026,-1073,870,left
110.024,-380,571,right
110.131,-580,284,right
110.216,-639,266,right
110.336,-754,204,right
110.473,-945,106,right
110.532,-953,105,right
111.532,-1100,954,left
111.628,-1099,954,left
112.073,-937,934,right
112.170,-916,931,right
112.266,-886,982,right
112.375,-921,992,right
112.468,-956,1004,right
112.584,-960,1015,right
112.728,-973,1058,right
112.853,-975,1063,right
113.558,-870,1132,right
113.646,-868,1132,right
113.759,-809,1140,right
113.855,-808,1147,right
113.969,-751,1200,right
114.079,-753,1209,right
114.530,-569,1147,right
114.627,-569,1149,right
114.731,-539,1207,right
114.828,-540,1210,right
116.484,-432,1317,right
116.591,-602,837,right
116.676,-690,690,right
116.799,-774,588,right
116.867,-772,487,right
116.999,-835,387,right
117.070,-837,363,right
117.193,-860,288,right
117.266,-807,169,right
117.397,-819,111,right
117.462,-819,108,right
117.593,-837,99,right
117.681,-839,99,right
117.802,-849,92,right
117.886,-849,91,right
118.010,-851,83,right
118.660,-937,473,right
118.776,-941,479,right
118.878,-983,486,right
118.969,-1021,484,right
119.075,-1023,495,right
119.194,-1044,455,right
119.519,-967,669,right
119.612,-963,689,right
119.722,-946,768,right
119.832,-947,754,right
119.987,-800,939,right
120.093,-798,939,right
120.214,-744,1038,right
120.318,-745,1042,right
120.425,-759,1074,right
120.535,-808,1048,right
120.646,-794,1067,right
120.753,-796,1071,right
120.882,-812,1071,right
120.986,-819,1078,right
121.211,-612,1291,right
121.325,-613,1292,right
121.436,-613,1292,right
121.536,-622,1299,right
121.784,-641,981,right
121.906,-661,919,right
122.023,-669,891,right
122.124,-675,850,right
122.866,-435,924,right
122.975,-456,913,right
123.074,-498,904,right
123.189,-526,883,right
124.434,-644,855,right
124.537,-719,816,right
124.632,-756,811,right
124.753,-785,810,right
125.130,-780,1040,right
125.235,-781,1033,right
125.381,-743,1025,right
125.469,-652,869,right
125.565,-561,811,right
125.668,-560,812,right
126.573,-419,1469,left
127.102,-640,1024,left
133.116,-1241,1307,left
133.221,-1241,1307,left
135.245,-415,1417,right
135.343,-415,1416,right
135.447,-416,1414,right
135.546,-428,1365,right
135.647,-437,1360,right
135.766,-464,1329,right
135.869,-477,1320,right
136.018,-496,1305,right
136.745,-713,903,right
136.860,-755,777,right
136.962,-790,726,right
137.067,-820,651,right
137.203,-821,644,right
137.307,-821,644,right
137.496,-845,957,right
137.594,-849,972,right
137.717,-820,1201,right
137.809,-819,1203,right
137.913,-754,1252,right
138.027,-753,1249,right
139.490,-599,1188,right
139.581,-814,897,right
139.664,-905,798,right
139.775,-990,713,right
139.846,-1013,685,right
139.973,-1050,627,right
140.055,-1057,613,right
140.177,-1086,561,right
140.271,-1092,551,right
140.399,-1096,543,right
141.627,-1033,415,right
141.730,-999,476,right
141.837,-960,512,right
141.935,-958,501,right
142.908,-833,616,right
142.995,-832,617,right
144.918,-604,905,right
145.041,-896,347,right
145.109,-875,367,right
145.222,-930,366,right
145.303,-933,363,right
145.425,-941,351,right
145.501,-934,334,right
145.612,-963,224,right
145.695,-974,157,right
145.821,-974,152,right
145.902,-979,129,right
146.025,-1148,0,right
146.482,-748,512,right
146.569,-735,488,right
146.666,-737,366,right
146.773,-740,327,right
148.770,-540,600,right
148.848,-521,601,right
148.952,-428,633,right
149.065,-434,648,right
149.436,-687,1183,right
149.551,-759,1136,right
149.652,-759,1155,right
149.747,-757,1163,right
149.851,-721,1350,right
149.965,-722,1352,right
151.647,-573,1152,right
151.731,-715,750,right
151.817,-782,333,right
151.943,-739,326,right
152.007,-738,332,right
152.297,-819,189,right
152.388,-805,202,right
152.505,-811,216,right
152.569,-809,225,right
152.691,-809,225,right
152.765,-804,205,right
152.878,-832,159,right
153.464,-821,712,right
153.568,-835,731,right
157.979,-1259,1318,left
158.075,-1259,1318,left
162.626,-374,1279,right
162.758,-374,1279,right
163.765,-1126,1884,left
163.867,-1124,1882,left
167.726,-721,674,right
167.809,-723,667,right
167.914,-748,643,right
168.013,-765,618,right
168.104,-776,609,right
168.200,-785,598,right
168.293,-787,659,right
168.395,-795,652,right
168.469,-797,646,right
168.586,-802,648,right
169.472,-588,1213,right
169.569,-751,768,right
169.652,-811,598,right
169.741,-832,561,right
169.836,-848,598,right
169.918,-849,706,right
170.724,-499,1490,right
170.839,-814,1165,right
170.924,-835,1033,right
171.033,-907,770,right
171.110,-961,574,right
171.226,-1022,466,right
171.311,-1023,439,right
171.417,-1024,434,right
171.507,-1028,431,right
171.632,-1038,426,right
171.727,-1044,410,right
171.845,-1047,342,right
171.927,-1029,289,right
172.046,-1025,282,right
172.147,-1023,281,right
172.260,-1025,268,right
172.349,-1013,236,right
172.471,-1014,156,right
172.571,-1020,0,right
172.622,-1045,0,right
174.292,-703,1322,right
174.379,-797,1294,right
174.487,-866,1289,right
174.589,-988,1160,right
174.678,-1070,1033,right
174.790,-1124,904,right
175.091,-893,681,right
175.192,-900,652,right
175.283,-907,594,right
175.383,-916,587,right
176.342,-1101,870,left
176.429,-1101,870,left
176.703,-832,1016,right
176.814,-859,994,right
176.941,-875,887,right
177.042,-732,862,right
177.137,-609,864,right
177.240,-602,809,right
177.324,-539,876,right
177.430,-520,919,right
177.794,-366,1164,right
177.902,-380,1165,right
177.996,-408,1201,right
178.089,-407,1212,right
179.726,-363,1465,right
179.820,-738,805,right
179.900,-813,622,right
180.015,-820,597,right
180.082,-822,560,right
180.186,-832,538,right
180.281,-832,536,right
180.391,-835,521,right
180.483,-832,510,right
180.593,-848,457,right
180.681,-840,427,right
180.785,-851,394,right
180.876,-852,390,right
180.994,-853,386,right
181.090,-852,364,right
181.220,-860,332,right
181.865,-1193,357,right
181.975,-1189,358,right
182.251,-892,625,right
182.365,-909,670,right
182.455,-915,681,right
182.557,-916,684,right
182.656,-899,770,right
182.765,-907,793,right
182.868,-895,841,right
183.003,-893,845,right
183.126,-841,951,right
183.237,-838,956,right
183.369,-758,1024,right
183.483,-736,1034,right
183.573,-681,1072,right
183.695,-677,1079,right
183.781,-605,1180,right
183.889,-567,1233,right
184.550,-505,1550,right
184.633,-521,1501,right
184.719,-527,1482,right
184.814,-538,1470,right
185.384,-402,1111,right
185.511,-448,1012,right
185.602,-446,1001,right
185.717,-446,999,right
185.869,-472,861,right
185.977,-477,818,right
186.086,-479,799,right
186.196,-477,781,right
186.304,-467,744,right
186.426,-462,735,right
186.897,-376,824,right
186.989,-410,781,right
187.107,-465,784,right
187.207,-560,757,right
187.333,-697,888,right
187.448,-794,862,right
187.542,-839,878,right
187.650,-872,881,right
187.788,-785,1034,right
187.906,-681,1163,right
188.409,-424,1415,right
188.506,-488,1343,right
188.601,-494,1348,right
188.711,-466,1414,right
189.324,-497,1061,right
189.414,-495,1061,right
189.533,-392,1198,right
189.623,-391,1196,right
191.087,-803,562,right
191.196,-900,360,right
191.292,-975,354,right
191.402,-998,327,right
191.496,-1002,324,right
191.595,-1001,324,right
193.481,-439,1181,right
193.585,-667,794,right
193.667,-710,621,right
193.788,-830,267,right
193.865,-850,219,right
193.987,-924,157,right
194.077,-969,116,right
194.164,-977,119,right
195.164,-690,1040,right
195.260,-915,313,right
195.355,-926,249,right
195.467,-990,160,right
195.569,-1206,147,right
195.693,-1279,71,right
195.981,-872,471,right
196.091,-871,491,right
196.202,-937,551,right
196.311,-941,593,right
197.274,-583,561,right
197.346,-632,536,right
197.451,-740,443,right
197.561,-762,446,right
197.714,-752,389,right
197.825,-757,379,right
198.593,-800,647,right
198.709,-851,628,right
198.809,-947,552,right
198.935,-982,516,right
199.306,-956,856,right
199.399,-909,938,right
199.489,-757,1244,right
199.606,-744,1254,right
201.068,-500,1423,right
201.173,-738,1100,right
201.252,-799,889,right
201.346,-837,686,right
201.430,-843,656,right
201.543,-873,597,right
201.619,-873,594,right
201.731,-916,524,right
201.816,-921,500,right
201.943,-930,482,right
202.035,-932,475,right
202.141,-933,461,right
202.254,-894,452,right
202.344,-886,438,right
202.444,-723,342,right
202.557,-734,328,right
202.652,-730,314,right
202.768,-744,276,right
202.865,-745,275,right
202.992,-790,231,right
203.089,-796,230,right
203.201,-855,170,right
203.302,-912,158,right
203.417,-942,144,right
203.510,-943,143,right
203.623,-1004,56,right
204.134,-716,757,right
204.220,-715,757,right
204.334,-680,877,right
204.431,-687,894,right
204.540,-703,983,right
204.649,-708,993,right
205.228,-830,546,right
205.328,-787,532,right
205.450,-681,693,right
205.538,-695,721,right
206.150,-390,1521,right
206.258,-398,1528,right
208.820,-384,1649,right
208.919,-504,1459,right
209.001,-549,1371,right
209.125,-803,856,right
209.189,-810,830,right
209.303,-828,742,right
209.395,-828,732,right
209.521,-828,731,right
209.610,-822,728,right
209.731,-832,729,right
209.823,-835,724,right
209.938,-842,695,right
210.358,-731,550,right
210.464,-981,307,right
210.547,-1003,289,right
210.649,-1023,260,right
210.746,-1033,256,right
210.860,-1038,249,right
210.976,-1034,249,right
211.021,-1034,250,right
212.310,-578,964,right
212.401,-926,343,right
212.488,-983,147,right
212.585,-1119,0,right
212.664,-1111,0,right
212.772,-1140,4,right
212.868,-1044,170,right
212.977,-1044,172,right
213.069,-1003,241,right
213.184,-983,286,right
215.554,-486,989,right
215.659,-645,669,right
215.766,-743,573,right
215.867,-800,546,right
216.248,-919,398,right
216.357,-920,392,right
217.052,-826,710,right
217.140,-833,732,right
217.242,-846,750,right
217.346,-853,766,right
217.449,-840,787,right
217.576,-843,789,right
218.041,-775,765,right
218.126,-751,729,right
218.247,-739,658,right
218.359,-735,640,right
218.480,-705,601,right
218.594,-608,607,right
218.680,-467,726,right
218.788,-457,737,right
218.878,-221,1036,right
218.999,-0,1332,right
220.231,-660,846,right
220.294,-684,777,right
220.387,-690,818,right
220.501,-721,846,right
220.618,-709,1019,right
220.736,-696,1015,right
220.816,-663,1025,right
220.930,-663,1019,right
222.267,-633,1203,right
222.359,-682,1191,right
222.455,-764,1193,right
222.556,-879,1097,right
222.655,-891,1084,right
222.767,-901,1054,right
222.871,-899,1051,right
222.990,-898,1062,right
224.697,-465,1467,right
224.793,-517,1373,right
224.876,-661,859,right
224.971,-735,715,right
225.053,-804,641,right
225.154,-847,622,right
225.231,-863,617,right
225.347,-866,602,right
225.404,-866,602,right
225.538,-975,357,right
225.614,-980,353,right
225.741,-980,357,right
228.144,-1238,1308,left
228.254,-1250,1314,left
235.391,-592,263,left
235.502,-592,263,left
236.402,-368,1308,right
236.503,-368,1307,right
241.234,-477,842,right
241.328,-479,837,right
242.828,-480,936,right
242.910,-479,937,right
243.427,-454,956,right
243.532,-453,956,right
246.869,-485,1035,right
246.962,-486,1037,right
247.773,-484,1174,right
247.873,-485,1179,right
247.987,-527,1215,right
248.100,-569,1169,right
248.196,-634,1130,right
248.301,-648,1110,right
248.403,-649,1110,right
248.496,-648,1111,right
248.642,-547,1230,right
248.775,-512,1261,right
250.085,-1088,777,left
250.168,-1088,777,left
250.832,-660,1193,right
250.932,-665,1157,right
251.012,-654,1067,right
251.103,-653,1028,right
252.106,-554,1004,right
252.178,-557,1009,right
252.295,-632,1144,right
252.388,-712,1165,right
252.826,-857,1377,right
252.919,-856,1378,right
253.019,-866,1401,right
253.113,-892,1405,right
253.203,-914,1424,right
253.319,-919,1418,right
253.428,-920,1418,right
253.509,-920,1418,right
254.518,-687,1059,right
254.599,-639,829,right
254.674,-587,790,right
254.800,-479,678,right
254.875,-371,605,right
255.005,-339,421,right
256.342,-266,686,right
256.429,-308,546,right
256.519,-318,489,right
256.617,-325,379,right
256.860,-280,418,right
256.977,-275,416,right
257.264,-166,416,right
257.355,-177,413,right
258.297,-208,698,right
258.409,-260,553,right
258.497,-226,502,right
258.609,-177,306,right
258.907,-256,293,right
258.993,-291,275,right
259.787,-239,526,right
259.897,-244,525,right
259.995,-336,544,right
260.093,-428,552,right
260.188,-536,577,right
260.290,-604,563,right
260.376,-685,612,right
260.464,-703,616,right
261.353,-576,1109,right
261.448,-769,791,right
261.535,-894,547,right
261.633,-1027,323,right
261.736,-1035,318,right
261.870,-1107,248,right
262.281,-1025,360,right
262.396,-1037,360,right
262.983,-976,561,right
263.080,-984,533,right
263.531,-1002,351,right
263.653,-1010,333,right
263.797,-1034,233,right
263.919,-1042,219,right
264.777,-921,691,right
264.878,-921,694,right
265.130,-969,816,right
265.230,-969,824,right
265.352,-936,899,right
265.462,-934,904,right
265.756,-797,1200,right
265.841,-797,1202,right
265.967,-702,1370,right
266.078,-694,1378,right
266.191,-659,1417,right
266.289,-669,1435,right
266.443,-785,1440,right
266.586,-858,1391,right
266.701,-848,1411,right
266.796,-839,1414,right
266.979,-561,1608,right
267.070,-544,1609,right
267.202,-418,1662,right
267.287,-394,1667,right
269.135,-301,1688,right
269.232,-372,1587,right
269.324,-385,1554,right
269.434,-559,1284,right
269.520,-612,1247,right
269.640,-710,1193,right
269.743,-797,1203,right
269.843,-829,1182,right
269.946,-829,1176,right
270.048,-814,1143,right
270.158,-795,1053,right
270.261,-790,982,right
270.355,-791,971,right
270.456,-804,951,right
270.547,-815,877,right
270.655,-821,831,right
271.716,-517,1190,right
271.821,-647,943,right
271.910,-666,752,right
272.002,-802,472,right
272.091,-828,422,right
272.209,-860,398,right
272.917,-697,381,right
273.034,-691,377,right
273.573,-463,418,right
273.680,-473,436,right
273.838,-520,501,right
273.897,-520,503,right
275.775,-651,981,right
275.887,-665,1038,right
276.031,-665,1038,right
276.142,-665,1043,right
276.243,-658,1066,right
276.322,-660,1080,right
276.419,-655,1130,right
276.503,-653,1133,right
276.606,-638,1161,right
276.700,-638,1166,right
276.800,-636,1173,right
276.913,-638,1177,right
277.009,-640,1178,right
277.101,-640,1179,right
277.220,-611,1245,right
277.308,-593,1265,right
277.405,-537,1268,right
277.501,-533,1263,right
277.599,-508,1267,right
277.694,-512,1275,right
277.861,-476,1320,right
278.038,-455,1310,right
278.113,-444,1327,right
278.244,-459,1281,right
278.331,-467,1284,right
278.448,-477,1283,right
278.533,-511,1304,right
278.640,-500,1301,right
278.707,-494,1303,right
278.828,-494,1304,right
278.899,-494,1304,right
279.016,-495,1295,right
279.092,-488,1298,right
279.203,-494,1287,right
279.279,-494,1284,right
279.395,-495,1282,right
279.475,-494,1286,right
279.585,-494,1285,right
279.660,-489,1288,right
279.771,-489,1284,right
279.849,-492,1287,right
279.964,-486,1305,right
280.030,-469,1317,right
280.128,-477,1319,right
280.256,-438,1278,right
280.361,-413,1086,right
280.441,-399,1110,right
280.558,-415,1063,right
280.662,-418,1059,right
280.767,-443,1003,right
280.873,-450,1101,right
280.982,-447,1109,right
281.969,-1255,1316,left
282.069,-1255,1316,left
285.327,-1237,1333,left
285.438,-1237,1333,left
291.704,-1119,1866,right
291.808,-1119,1866,right
293.159,-830,990,right
293.285,-915,1029,right
293.382,-899,1018,right
293.501,-899,1018,right
299.285,-744,762,right
299.332,-744,762,right
299.662,-821,1056,right
299.758,-839,1118,right
299.860,-852,1130,right
299.949,-849,1130,right
300.041,-841,1132,right
300.146,-840,1133,right
300.223,-840,1133,right
300.330,-840,1134,right
306.249,-776,1320,right
306.342,-783,1310,right
306.441,-787,1305,right
306.557,-787,1304,right
307.812,-906,728,right
307.933,-917,727,right
308.012,-968,769,right
308.120,-997,833,right
308.207,-988,976,right
308.317,-992,979,right
308.385,-992,979,right
308.506,-992,983,right
311.245,-739,1376,right
311.324,-737,1380,right
311.428,-748,1411,right
311.510,-761,1419,right
311.605,-780,1425,right
311.708,-790,1434,right
311.795,-814,1451,right
311.909,-823,1466,right
316.891,-320,993,right
316.996,-320,992,right
317.131,-320,992,right
317.217,-320,992,right
317.380,-322,995,right
317.483,-322,995,right
317.629,-303,960,right
317.712,-296,935,right
317.824,-279,803,right
317.909,-297,738,right
318.847,-542,436,right
318.945,-573,365,right
319.036,-592,342,right
319.142,-635,322,right
319.218,-671,287,right
319.310,-689,251,right
319.407,-682,252,right
319.526,-693,218,right
319.604,-692,206,right
319.742,-699,186,right
319.895,-755,141,right
320.021,-772,101,right
320.142,-773,83,right
320.243,-775,77,right
321.041,-590,127,right
321.126,-590,129,right
321.226,-547,53,right
321.330,-448,0,right
321.996,-517,702,right
322.048,-513,689,right
322.117,-468,633,right
322.235,-454,608,right
322.325,-435,587,right
322.437,-403,528,right
322.575,-478,586,right
322.689,-462,591,right
322.740,-463,593,right
322.875,-446,519,right
322.953,-413,492,right
323.070,-413,493,right
323.193,-573,599,right
323.295,-581,601,right
323.409,-358,637,right
323.523,-364,662,right
323.599,-367,648,right
323.698,-372,613,right
323.781,-349,589,right
323.898,-341,496,right
323.984,-327,435,right
324.083,-333,443,right
324.157,-331,439,right
324.286,-330,440,right
324.404,-301,408,right
324.525,-301,411,right
324.874,-481,530,right
324.952,-493,605,right
325.064,-465,548,right
325.163,-513,443,right
325.263,-580,410,right
325.372,-612,332,right
325.449,-630,305,right
325.604,-1066,0,right
325.929,-845,392,right
326.044,-893,394,right
326.160,-933,388,right
326.275,-990,384,right
326.361,-1001,376,right
326.488,-979,379,right
327.333,-388,828,right
327.419,-387,829,right
327.520,-355,850,right
327.611,-365,855,right
327.701,-367,883,right
327.804,-377,887,right
327.901,-415,882,right
328.021,-620,785,right
328.087,-833,687,right
328.202,-1074,594,right
328.288,-1068,594,right
328.410,-1082,566,right
328.496,-1095,528,right
328.620,-1145,450,right
328.701,-1152,423,right
328.833,-1169,402,right
328.924,-1238,300,right
329.058,-1273,169,right
330.068,-416,1071,right
330.180,-533,821,right
330.252,-584,713,right
330.362,-863,357,right
330.452,-946,155,right
330.579,-1121,0,right
331.550,-271,1291,right
331.671,-269,1314,right
331.781,-252,1310,right
331.879,-254,1311,right
332.218,-279,1315,right
332.336,-280,1319,right
332.446,-285,1327,right
332.540,-284,1326,right
332.637,-284,1326,right
332.736,-284,1326,right
332.839,-285,1336,right
332.941,-285,1331,right
333.057,-289,1355,right
333.160,-284,1350,right
333.257,-284,1349,right
333.341,-283,1340,right
333.581,-294,1305,right
333.667,-504,1162,right
333.757,-629,1054,right
333.863,-773,882,right
333.958,-831,824,right
334.080,-862,807,right
334.290,-854,789,right
334.397,-860,756,right
334.809,-850,677,right
334.918,-862,660,right
336.011,-1083,770,left
336.097,-1082,770,left
336.329,-750,941,right
336.424,-750,941,right
336.530,-702,961,right
336.629,-694,989,right
336.730,-631,1127,right
336.815,-603,1189,right
338.024,-578,1517,right
338.130,-699,1333,right
338.217,-842,1238,right
338.350,-957,1198,right
338.444,-956,1195,right
338.551,-931,1184,right
338.672,-871,1195,right
338.786,-898,1197,right
338.961,-947,1223,right
339.040,-987,1040,right
339.161,-980,1081,right
339.245,-1014,1017,right
339.500,-857,715,right
339.588,-824,727,right
339.686,-688,840,right
339.792,-722,876,right
339.891,-764,865,right
340.007,-813,841,right
340.200,-514,1124,right
340.309,-474,1152,right
340.421,-443,1107,right
340.530,-391,992,right
341.261,-579,1684,right
341.382,-594,1685,right
341.612,-622,1653,right
341.706,-622,1653,right
342.828,-422,1718,right
342.929,-414,1719,right
343.042,-420,1719,right
343.146,-420,1719,right
343.951,-423,1688,right
344.057,-423,1688,right
344.320,-662,1584,right
344.418,-811,1429,right
344.504,-849,1291,right
344.580,-913,1179,right
344.681,-908,1154,right
344.800,-919,1113,right
344.890,-919,1101,right
345.008,-936,1059,right
345.104,-925,1018,right
345.204,-923,986,right
345.303,-915,976,right
345.403,-921,933,right
345.498,-905,874,right
345.602,-916,815,right
345.695,-917,808,right
345.810,-947,739,right
345.912,-952,721,right
346.031,-971,649,right
346.158,-953,529,right
346.285,-956,437,right
347.169,-714,1059,right
347.263,-789,866,right
347.368,-782,525,right
347.475,-847,187,right
347.563,-881,136,right
347.663,-906,136,right
348.225,-617,917,right
348.309,-617,917,right
348.646,-602,1010,right
348.711,-602,1010,right
348.866,-592,1020,right
348.926,-591,1020,right
349.245,-594,1000,right
349.314,-594,997,right
349.555,-375,1049,right
349.683,-374,1049,right
349.772,-400,1085,right
349.898,-425,1074,right
349.970,-432,1078,right
350.063,-435,1066,right
350.141,-420,1047,right
350.241,-423,1022,right
350.326,-449,1013,right
350.430,-502,1013,right
350.485,-488,1037,right
350.580,-490,992,right
350.668,-482,983,right
350.746,-472,985,right
350.834,-447,1046,right
350.912,-459,1035,right
351.028,-452,1036,right
351.107,-408,1055,right
351.203,-388,1086,right
351.295,-412,1105,right
351.382,-426,1177,right
351.497,-424,1164,right
351.591,-404,1220,right
351.693,-414,1224,right
351.797,-429,1258,right
351.910,-439,1290,right
351.998,-442,1453,right
352.096,-426,1434,right
352.188,-369,1407,right
352.287,-362,1396,right
352.400,-320,1452,right
352.516,-316,1479,right
352.625,-317,1512,right
352.714,-316,1512,right
352.814,-295,1513,right
352.916,-295,1517,right
353.029,-234,1493,right
353.144,-228,1457,right
353.233,-236,1434,right
353.348,-267,1408,right
353.423,-252,1414,right
353.526,-256,1416,right
353.612,-256,1416,right
353.710,-257,1411,right
353.787,-258,1411,right
353.873,-265,1403,right
353.961,-326,1423,right
354.065,-421,1384,right
354.151,-460,1368,right
354.250,-526,1351,right
354.337,-539,1345,right
354.436,-573,1329,right
354.532,-584,1327,right
354.628,-590,1303,right
354.721,-590,1297,right
354.840,-605,1275,right
356.556,-1234,1348,left
356.670,-1234,1352,left
356.866,-1240,1353,left
356.963,-1240,1353,left
358.113,-360,1011,right
358.203,-360,1011,right
370.221,-802,1226,right
370.320,-834,1206,right
370.407,-853,1219,right
370.511,-868,1242,right
370.603,-860,1239,right
370.714,-865,1229,right
370.793,-868,1227,right
370.910,-886,1229,right
370.968,-892,1246,right
371.081,-933,1292,right
371.167,-944,1333,right
371.266,-949,1346,right
371.353,-950,1370,right
371.454,-957,1385,right
371.530,-966,1405,right
371.627,-972,1412,right
371.718,-973,1439,right
371.806,-976,1443,right
371.907,-978,1459,right
372.026,-976,1459,right
372.116,-971,1472,right
372.229,-974,1472,right
372.325,-972,1479,right
372.425,-977,1481,right
372.503,-974,1515,right
372.634,-976,1513,right
373.910,-759,1516,right
373.990,-640,927,right
374.084,-531,628,right
374.176,-496,548,right
374.261,-400,514,right
374.362,-371,478,right
374.462,-157,231,right
374.577,-0,0,right
375.036,-252,387,right
375.132,-252,389,right
377.437,-316,520,right
377.504,-299,276,right
377.610,-207,179,right
377.708,-148,76,right
379.399,-669,776,right
379.480,-670,778,right
380.750,-562,747,right
380.839,-664,721,right
380.948,-712,767,right
381.039,-685,796,right
381.125,-645,890,right
381.240,-646,862,right
381.341,-639,795,right
381.453,-641,783,right
381.536,-632,779,right
381.637,-632,779,right
381.737,-605,786,right
381.817,-607,776,right
383.185,-597,1033,right
383.280,-755,1045,right
383.373,-865,1129,right
383.471,-1002,1180,right
383.549,-1100,1238,right
383.656,-1134,1268,right
383.729,-1156,1346,right
383.850,-1260,1430,right
384.275,-862,1612,right
384.374,-832,1539,right
384.469,-789,1647,right
384.564,-663,1766,right
385.377,-508,1248,right
385.467,-508,1252,right
386.145,-1088,1030,left
386.218,-1088,1030,left
386.757,-963,834,right
386.851,-953,817,right
386.935,-969,794,right
387.040,-994,767,right
389.426,-536,1013,right
389.500,-534,1040,right
389.595,-514,1179,right
389.692,-485,1221,right
391.049,-653,1285,right
391.145,-653,1287,right
391.243,-662,1289,right
391.336,-662,1289,right
391.441,-662,1289,right
391.541,-662,1290,right
391.739,-668,1297,right
391.838,-666,1295,right
391.980,-667,1294,right
392.083,-665,1285,right
398.174,-464,1588,right
398.258,-466,1584,right
398.394,-470,1584,right
398.470,-470,1584,right
401.010,-464,1387,left
401.815,-640,1024,left
402.667,-663,1088,right
402.760,-853,934,right
402.852,-931,884,right
402.951,-1095,744,right
403.022,-1119,714,right
403.131,-1187,650,right
403.220,-1193,636,right
403.333,-1194,621,right
403.423,-1194,617,right
403.543,-1211,580,right
404.712,-564,1217,right
404.788,-564,1216,right
404.912,-477,1392,right
405.018,-480,1409,right
405.116,-470,1442,right
405.209,-469,1449,right
405.316,-444,1491,right
405.425,-443,1495,right
405.528,-441,1499,right
405.635,-446,1488,right
405.763,-452,1502,right
405.850,-460,1501,right
405.972,-466,1522,right
406.062,-466,1526,right
406.170,-466,1538,right
406.272,-466,1536,right
406.385,-466,1541,right
406.505,-466,1538,right
406.625,-466,1538,right
406.730,-466,1536,right
406.845,-466,1537,right
406.953,-466,1537,right
418.682,-341,1492,right
418.806,-654,1274,right
418.887,-764,1196,right
418.996,-796,1186,right
419.067,-820,1149,right
419.174,-834,1138,right
419.255,-836,1137,right
419.361,-859,1113,right
419.953,-431,1568,right
420.052,-431,1568,right
424.533,-636,1377,right
424.618,-636,1377,right
424.761,-636,1377,right
424.864,-636,1377,right
430.094,-423,1177,right
430.207,-708,800,right
430.271,-822,734,right
430.395,-1065,630,right
430.471,-1139,577,right
430.575,-1279,268,right
430.972,-936,600,right
431.067,-936,601,right
431.726,-663,987,right
431.840,-696,991,right
431.960,-597,1184,right
432.056,-532,1288,right
432.226,-400,1424,right
432.309,-328,1409,right
432.462,-227,1439,right
432.540,-224,1435,right
432.641,-221,1440,right
432.743,-235,1333,right
432.838,-237,1341,right
432.961,-234,1339,right
433.065,-232,1360,right
433.161,-232,1370,right
433.253,-221,1450,right
433.366,-211,1441,right
433.467,-204,1481,right
433.555,-206,1484,right
433.653,-206,1484,right
433.741,-206,1484,right
433.822,-204,1503,right
433.950,-205,1501,right
434.023,-205,1502,right
434.131,-205,1502,right
435.146,-215,1473,right
435.240,-215,1474,right
435.318,-211,1505,right
435.370,-206,1489,right
435.538,-234,1339,right
435.634,-312,1219,right
435.740,-359,1202,right
435.829,-415,1146,right
435.959,-462,1121,right
436.061,-480,1106,right
436.199,-468,1095,right
436.254,-468,1096,right
437.740,-490,900,right
437.843,-549,874,right
437.931,-565,859,right
438.055,-530,571,right
438.590,-272,880,right
438.678,-273,881,right
438.778,-270,882,right
438.882,-272,884,right
439.138,-13,1298,right
439.252,-6,1344,right
440.559,-966,437,right
440.642,-966,438,right
440.750,-891,573,right
440.851,-884,583,right
440.936,-881,675,right
441.050,-880,676,right
441.550,-1103,797,left
441.631,-1103,797,left
442.802,-630,1029,right
442.908,-618,985,right
443.003,-604,1056,right
443.113,-645,1183,right
443.208,-641,1231,right
443.317,-645,1238,right
443.489,-649,1263,right
443.580,-616,1331,right
447.491,-190,1333,right
447.581,-190,1439,right
447.685,-180,1667,right
447.800,-189,1651,right
448.438,-154,1693,right
448.539,-154,1692,right
448.698,-160,1669,right
448.757,-160,1669,right
456.283,-434,1288,right
456.378,-434,1288,right
458.861,-856,866,right
458.967,-1064,687,right
459.048,-1066,666,right
459.146,-1066,642,right
459.244,-1059,547,right
459.316,-1094,476,right
460.174,-1084,534,right
460.224,-1084,534,right
460.827,-831,1117,right
460.912,-833,1126,right
461.093,-767,1307,right
461.165,-729,1347,right
461.320,-696,1401,right
461.425,-701,1390,right
462.380,-382,1482,right
462.464,-382,1483,right
462.599,-387,1484,right
462.684,-394,1482,right
463.616,-448,1320,right
463.741,-746,905,right
463.812,-806,843,right
463.926,-905,723,right
464.014,-937,697,right
464.128,-1001,614,right
464.231,-1069,509,right
464.372,-1279,179,right
464.691,-1023,442,right
464.797,-1023,441,right
464.937,-1028,419,right
465.068,-1041,359,right
466.172,-691,566,right
466.268,-701,564,right
467.006,-0,502,right
467.170,-0,127,right
469.291,-985,1411,right
469.371,-966,1394,right
469.469,-879,1029,right
469.555,-932,1029,right
469.646,-959,1117,right
469.759,-963,1146,right
470.004,-512,1523,right
470.087,-378,1508,right
470.217,-354,1496,right
470.314,-346,1486,right
470.394,-341,1475,right
470.507,-343,1468,right
470.616,-331,1485,right
470.734,-236,1601,right
472.158,-478,1320,right
472.271,-478,1320,right
477.441,-498,1306,right
477.530,-498,1305,right
479.370,-939,329,right
479.475,-880,439,right
479.580,-917,546,right
479.679,-947,585,right
479.776,-984,777,right
479.904,-983,778,right
480.662,-375,1439,right
480.722,-375,1440,right
480.892,-356,1529,right
480.976,-356,1534,right
481.295,-338,1485,right
481.421,-338,1485,right
483.277,-384,1466,left
483.846,-640,1024,left
485.771,-506,1817,right
485.856,-507,1829,right
486.002,-492,1778,right
486.112,-501,1781,right
488.799,-751,1386,right
488.900,-776,1340,right
488.988,-795,1250,right
489.110,-806,1205,right
489.195,-807,1205,right
489.303,-808,1205,right
489.706,-655,1181,right
489.800,-620,943,right
489.890,-620,943,right
489.982,-636,885,right
490.155,-562,23,right
490.301,-561,0,right
491.209,-1035,1322,right
491.297,-1035,1322,right
491.392,-1035,1323,right
491.472,-1043,1333,right
491.862,-1101,1359,right
491.960,-1101,1359,right
492.490,-1118,1314,right
492.589,-1120,1301,right
493.300,-1114,935,left
493.382,-1114,935,left
494.161,-1034,1837,left
494.271,-1034,1837,left
494.626,-1046,1202,right
494.688,-1043,1207,right
496.786,-594,813,right
496.885,-590,824,right
496.992,-592,825,right
497.099,-592,825,right
497.194,-592,825,right
497.310,-592,825,right
507.320,-586,1148,right
507.396,-612,1103,right
507.490,-627,1113,right
507.585,-704,944,right
507.662,-728,736,right
507.753,-740,648,right
507.839,-737,637,right
507.946,-750,611,right
508.016,-750,610,right
508.133,-765,553,right
508.188,-782,460,right
508.310,-803,356,right
508.380,-800,268,right
508.501,-832,151,right
508.583,-870,0,right
508.691,-932,0,right
508.836,-828,27,right
508.939,-828,28,right
510.362,-713,900,right
510.450,-773,649,right
510.525,-764,467,right
510.610,-864,7,right
510.688,-837,8,right
510.795,-871,24,right
510.884,-815,124,right
511.003,-818,136,right
511.069,-801,114,right
511.176,-811,118,right
511.301,-800,129,right
511.423,-837,0,right
511.494,-823,3,right
511.601,-838,8,right
511.687,-836,33,right
511.796,-842,149,right
511.881,-818,552,right
512.019,-828,549,right
512.131,-831,548,right
512.257,-869,514,right
513.042,-761,1689,right
513.144,-908,1537,right
513.219,-870,1363,right
513.343,-941,936,right
513.416,-927,861,right
513.519,-959,866,right
513.592,-946,899,right
513.719,-978,830,right
513.817,-953,934,right
513.902,-948,943,right
514.508,-825,1225,right
514.596,-825,1204,right
516.074,-1250,1328,left
516.154,-1254,1336,left
517.361,-299,1150,right
517.464,-298,1150,right
521.335,-1122,1912,right
521.460,-1122,1912,right
525.191,-1225,1979,left
525.305,-1226,1984,left
533.156,-989,1145,right
533.261,-989,1145,right
534.269,-561,1070,right
534.384,-563,1063,right
534.484,-605,915,right
534.597,-662,644,right
534.684,-666,608,right
534.783,-669,599,right
534.863,-669,549,right
534.966,-666,520,right
537.177,-0,295,right
537.303,-0,296,right
539.179,-821,417,right
539.292,-820,417,right
552.406,-741,782,right
552.536,-706,771,right
552.602,-699,752,right
552.695,-693,740,right
552.798,-688,736,right
552.906,-688,730,right
556.364,-371,1201,right
556.450,-371,1201,right
556.576,-372,1202,right
556.662,-372,1205,right
560.556,-453,1024,right
560.633,-453,1024,right
562.800,-446,997,right
562.896,-445,997,right
564.059,-1102,769,left
564.146,-1102,769,left
569.483,-1019,1849,right
569.573,-1018,1849,right
569.672,-1018,1849,right
569.769,-1018,1849,right
570.235,-1021,1849,left
570.326,-1021,1849,left
573.266,-723,1611,right
573.357,-724,1614,right
573.453,-738,1621,right
573.542,-742,1624,right
575.451,-1251,1953,right
575.532,-1251,1953,right
576.812,-1237,1958,left
576.898,-1236,1958,left
578.930,-8,2047,right
579.057,-127,2047,right
579.481,-632,1614,right
579.578,-635,1575,right
579.674,-646,1569,right
579.768,-646,1569,right
579.857,-646,1566,right
579.934,-646,1566,right
580.540,-633,1544,right
580.681,-599,1564,right
580.779,-592,1556,right
580.894,-591,1555,right
580.988,-592,1554,right
581.112,-592,1553,right
581.227,-592,1553,right
581.325,-592,1553,right
585.473,-562,1223,right
585.544,-562,1223,right
587.377,-409,1388,right
587.511,-409,1388,right
588.541,-483,1289,right
588.640,-483,1288,right
590.286,-371,1457,right
590.394,-370,1457,right
592.583,-1097,962,left
592.666,-1096,962,left
592.954,-419,1603,right
593.063,-436,1592,right
595.667,-665,1197,right
595.772,-665,1199,right
595.955,-691,1223,right
596.065,-692,1230,right
601.458,-554,1268,right
601.556,-799,961,right
601.649,-848,924,right
601.734,-897,884,right
605.825,-361,1032,right
605.925,-552,905,right
606.025,-621,865,right
606.135,-689,784,right
606.212,-722,758,right
606.319,-782,692,right
606.402,-794,685,right
606.538,-814,655,right
607.134,-994,590,right
607.243,-999,597,right
607.751,-739,613,right
607.876,-770,521,right
609.167,-471,901,right
609.255,-669,593,right
609.340,-867,272,right
609.439,-1058,128,right
609.526,-1223,44,right
609.638,-1279,0,right
609.883,-978,279,right
609.989,-1029,281,right
610.072,-1103,272,right
610.182,-1152,251,right
611.322,-502,1138,right
611.415,-582,1064,right
611.503,-720,907,right
611.599,-890,560,right
611.945,-799,1120,right
612.041,-754,1179,right
612.135,-866,881,right
612.247,-958,606,right
612.330,-977,592,right
612.447,-993,498,right
612.516,-982,381,right
612.643,-1109,121,right
612.722,-1279,0,right
612.828,-1279,9,right
612.939,-1192,173,right
613.046,-1216,129,right
613.146,-1215,155,right
613.259,-1213,154,right
613.353,-1214,154,right
613.464,-1215,149,right
613.577,-1215,150,right
613.663,-1215,150,right
613.767,-1216,149,right
613.902,-1279,0,right
613.981,-1276,0,right
614.081,-1278,17,right
614.358,-998,661,right
614.467,-1050,442,right
614.552,-1063,399,right
614.678,-1066,343,right
615.624,-1261,1253,left
615.729,-1261,1263,left
622.674,-348,338,left
622.752,-348,339,left
624.008,-164,1146,right
624.133,-164,1146,right
632.570,-1141,1869,left
632.697,-1138,1868,left
641.573,-269,861,right
641.669,-276,867,right
641.746,-283,891,right
641.859,-283,887,right
641.962,-277,883,right
642.052,-276,877,right
642.142,-275,873,right
642.243,-273,868,right
642.327,-264,860,right
642.440,-262,858,right
642.527,-262,858,right
642.642,-265,857,right
642.726,-266,857,right
642.822,-266,858,right
642.910,-263,861,right
643.023,-262,860,right
643.116,-262,864,right
643.212,-263,859,right
643.298,-263,859,right
643.398,-263,859,right
643.490,-263,860,right
643.611,-264,855,right
643.698,-265,855,right
643.830,-264,852,right
646.278,-353,842,right
646.372,-493,875,right
646.460,-565,921,right
646.575,-625,932,right
646.659,-637,950,right
646.747,-642,959,right
647.596,-409,850,right
647.664,-489,864,right
647.766,-586,911,right
647.851,-581,888,right
647.973,-550,876,right
648.089,-492,817,right
648.179,-446,802,right
648.279,-422,783,right
648.376,-367,758,right
648.477,-350,751,right
648.561,-306,713,right
648.664,-283,700,right
648.738,-278,689,right
648.859,-278,689,right
648.940,-281,689,right
649.058,-296,692,right
649.132,-298,688,right
649.248,-300,694,right
649.334,-303,704,right
649.431,-302,704,right
649.509,-302,706,right
649.602,-303,708,right
649.694,-303,708,right
649.789,-306,712,right
649.882,-311,713,right
649.973,-309,715,right
650.080,-418,832,right
650.176,-435,846,right
650.260,-530,873,right
650.360,-570,885,right
650.617,-201,451,right
650.771,-210,455,right
650.891,-218,454,right
651.019,-228,454,right
651.097,-228,454,right
651.211,-228,454,right
651.310,-222,450,right
651.405,-222,450,right
651.864,-370,461,right
651.988,-392,440,right
652.276,-526,1038,right
652.381,-571,1031,right
652.475,-602,1035,right
652.581,-630,1033,right
652.651,-665,1045,right
652.771,-722,1057,right
652.836,-753,1075,right
652.955,-776,1097,right
653.739,-1098,1034,left
653.817,-1097,1034,left
654.109,-1042,1450,right
654.242,-954,1388,right
654.327,-957,1383,right
654.436,-958,1384,right
654.520,-967,1406,right
654.643,-1008,1417,right
655.206,-681,1508,right
655.294,-661,1530,right
655.391,-461,1846,right
655.504,-476,1856,right
656.356,-526,1693,right
656.413,-527,1699,right
656.518,-493,1696,right
656.606,-473,1694,right
658.547,-479,1778,right
658.666,-551,1810,right
658.763,-569,1824,right
658.863,-567,1824,right
660.034,-466,1785,right
660.140,-561,1742,right
660.252,-643,1725,right
660.343,-694,1723,right
660.460,-738,1660,right
660.566,-768,1495,right
660.674,-777,1476,right
660.770,-785,1468,right
661.733,-995,1039,right
661.854,-1000,1014,right
661.997,-1000,971,right
662.104,-1162,226,right
662.794,-1072,1014,right
662.886,-1100,963,right
663.647,-915,1029,right
663.781,-915,1030,right
664.224,-332,1215,right
664.324,-312,1219,right
664.411,-300,1197,right
664.517,-295,1173,right
665.092,-296,1565,right
665.201,-278,1579,right
665.581,-493,966,right
665.694,-521,977,right
665.792,-518,1009,right
665.890,-519,1005,right
665.985,-500,1004,right
666.139,-499,1002,right
666.395,-411,934,right
666.504,-445,934,right
666.590,-469,934,right
666.698,-473,933,right
666.775,-474,933,right
666.886,-474,935,right
668.275,-312,1143,right
668.421,-442,992,right
668.479,-448,990,right
668.583,-456,964,right
668.693,-430,927,right
668.781,-441,854,right
668.875,-437,837,right
668.990,-436,836,right
669.066,-402,840,right
669.180,-211,825,right
670.981,-663,916,right
671.063,-677,679,right
671.183,-674,658,right
671.263,-808,678,right
671.370,-919,852,right
671.477,-937,879,right
671.563,-942,892,right
671.666,-1007,862,right
671.983,-931,1310,right
672.083,-949,1357,right
672.175,-935,1579,right
672.280,-925,1590,right
672.583,-281,2047,right
672.687,-318,2027,right
673.523,-570,1314,right
673.592,-570,1314,right
675.005,-1233,1962,left
675.079,-1233,1962,left
675.350,-1218,1955,right
675.462,-1216,1954,right
680.709,-552,1499,right
680.808,-534,1490,right
680.914,-536,1490,right
680.994,-536,1488,right
682.883,-767,1315,left
683.824,-640,1024,left
685.924,-311,1386,right
686.004,-312,1386,right
686.113,-353,1376,right
686.217,-352,1377,right
691.750,-713,1093,right
691.846,-716,1096,right
691.948,-715,1090,right
692.048,-703,1074,right
692.165,-654,1065,right
692.266,-654,1065,right
692.385,-654,1065,right
692.486,-657,1071,right
693.523,-575,1120,right
693.629,-568,1133,right
694.159,-340,993,right
694.240,-348,988,right
694.356,-353,1003,right
694.461,-352,1003,right
695.599,-499,1042,right
695.714,-499,1042,right
697.131,-675,1132,right
697.233,-675,1132,right
697.304,-678,1155,right
697.405,-689,1158,right
699.009,-811,1210,right
699.112,-813,1212,right
699.203,-820,1214,right
699.294,-836,1218,right
699.399,-870,1235,right
699.516,-886,1239,right
699.618,-916,1245,right
699.749,-983,1245,right
700.383,-577,1609,right
700.486,-577,1608,right
700.583,-575,1606,right
700.697,-601,1557,right
700.874,-507,1561,right
700.989,-492,1557,right
701.099,-467,1556,right
701.209,-449,1551,right
701.328,-362,1577,right
701.457,-356,1574,right
701.586,-349,1599,right
701.667,-351,1591,right
701.802,-342,1588,right
701.904,-330,1581,right
702.089,-254,1528,right
702.215,-231,1496,right
703.301,-403,1169,right
703.389,-384,1170,right
703.978,-181,1168,right
704.119,-186,1136,right
705.988,-483,1088,right
706.094,-510,1074,right
706.642,-374,1158,right
706.759,-375,1160,right
707.586,-287,1308,right
707.677,-286,1308,right
707.783,-288,1331,right
707.881,-328,1279,right
707.986,-397,1257,right
708.103,-396,1240,right
708.416,-219,1376,right
708.516,-214,1378,right
708.620,-156,1449,right
708.745,-203,1429,right
708.847,-183,1420,right
708.952,-182,1420,right
709.036,-175,1421,right
709.136,-175,1421,right
709.223,-184,1432,right
709.321,-180,1432,right
709.398,-181,1432,right
709.519,-179,1431,right
709.592,-175,1428,right
709.698,-174,1427,right
709.804,-139,1416,right
709.928,-131,1405,right
710.028,-128,1401,right
710.151,-127,1397,right
710.536,-631,785,right
710.625,-680,655,right
710.714,-701,653,right
710.815,-745,641,right
710.921,-779,654,right
711.010,-776,716,right
712.586,-945,1110,right
712.683,-905,723,right
712.769,-920,738,right
712.883,-960,758,right
712.959,-979,759,right
713.068,-978,761,right
714.069,-705,939,right
714.166,-711,942,right
714.267,-773,1027,right
714.357,-740,1053,right
714.930,-618,1356,right
715.022,-657,1362,right
715.125,-841,1559,right
715.228,-870,1536,right
715.318,-925,1563,right
715.417,-959,1575,right
715.489,-965,1596,right
715.597,-978,1640,right
716.720,-363,1081,right
716.823,-399,1092,right
720.806,-156,1141,right
720.900,-170,1142,right
721.084,-183,1162,right
721.152,-183,1162,right
723.455,-921,663,right
723.559,-910,721,right
723.642,-956,814,right
723.748,-972,827,right
723.827,-1009,847,right
723.955,-1027,844,right
724.444,-799,1481,right
724.530,-838,1481,right
724.684,-830,1459,right
724.720,-653,1351,right
724.908,-233,1289,right
725.024,-195,1266,right
725.123,-176,1218,right
725.198,-187,1219,right
725.280,-188,1219,right
725.374,-188,1219,right
727.363,-1063,1277,right
727.410,-1082,1262,right
727.674,-834,1079,right
727.769,-907,1138,right
727.862,-941,1232,right
727.976,-969,1229,right
728.049,-976,1228,right
728.152,-976,1228,right
729.517,-349,1237,right
729.642,-349,1237,right
734.090,-790,1441,right
734.190,-805,1516,right
734.287,-841,1687,right
734.367,-854,1690,right
734.449,-860,1696,right
734.553,-859,1691,right
734.646,-859,1691,right
734.752,-1214,1985,right
735.038,-1040,1392,right
735.151,-1096,1445,right
735.233,-1082,1478,right
735.319,-1065,1428,right
735.793,-848,912,right
735.824,-849,902,right
735.986,-831,841,right
736.057,-821,823,right
736.155,-783,843,right
736.249,-784,829,right
736.356,-776,793,right
736.432,-761,761,right
736.541,-750,716,right
736.635,-754,734,right
736.722,-747,742,right
736.826,-754,748,right
736.916,-756,748,right
737.019,-757,748,right
737.101,-758,748,right
737.210,-757,748,right
740.199,-1262,1313,left
740.281,-1262,1313,left
744.365,-63,578,left
744.465,-63,578,left
746.124,-636,247,left
746.211,-636,247,left
747.702,-566,750,right
747.802,-566,749,right
752.155,-1211,1994,left
752.242,-1211,1994,left
768.063,-537,915,right
768.131,-537,916,right
768.231,-538,916,right
768.324,-542,932,right
768.411,-546,934,right
768.530,-546,931,right
768.595,-547,924,right
768.715,-578,895,right
768.792,-593,886,right
768.913,-655,874,right
769.005,-710,869,right
769.119,-815,898,right
769.203,-847,909,right
769.337,-848,917,right
769.416,-831,905,right
769.531,-840,887,right
769.619,-837,868,right
769.735,-834,860,right
769.820,-824,858,right
769.930,-829,864,right
770.004,-828,853,right
770.114,-857,869,right
770.191,-869,870,right
770.323,-933,863,right
770.403,-934,865,right
770.524,-942,864,right
770.621,-942,868,right
770.714,-935,861,right
770.818,-788,798,right
770.934,-783,799,right
771.003,-783,799,right
771.155,-827,799,right
771.240,-791,824,right
771.345,-794,836,right
771.450,-764,888,right
771.559,-763,912,right
771.634,-747,946,right
771.960,-768,905,right
772.039,-769,918,right
772.185,-770,934,right
772.260,-769,940,right
772.371,-768,940,right
772.448,-771,934,right
772.579,-775,920,right
772.652,-775,920,right
772.765,-778,914,right
772.875,-778,911,right
773.001,-780,913,right
773.246,-496,835,right
773.337,-484,828,right
773.431,-433,846,right
773.538,-444,814,right
773.897,-147,787,right
774.002,-84,663,right
774.588,-491,496,right
774.701,-489,497,right
775.613,-1092,936,left
775.691,-1092,936,left
775.962,-382,793,right
776.063,-351,800,right
776.668,-244,812,right
776.762,-245,812,right
777.579,-327,503,right
777.668,-327,503,right
778.467,-231,442,right
778.639,-323,1,right
779.604,-0,89,right
779.715,-3,84,right
782.663,-771,1307,right
782.783,-1020,1271,right
782.876,-1053,1259,right
782.980,-1044,1250,right
783.051,-1022,1237,right
783.170,-1024,1227,right
783.799,-869,1149,right
783.896,-889,1068,right
783.995,-890,1052,right
784.109,-909,929,right
784.207,-857,521,right
784.332,-850,393,right
784.414,-850,393,right
784.550,-878,376,right
784.676,-861,215,right
784.774,-856,87,right
784.873,-832,80,right
784.985,-771,44,right
785.058,-588,0,right
785.200,-410,0,right
786.024,-554,835,right
786.138,-553,834,right
786.225,-522,818,right
786.327,-521,818,right
786.571,-714,860,right
786.680,-719,857,right
786.764,-736,846,right
786.892,-788,794,right
786.976,-791,785,right
787.096,-791,785,right
787.236,-790,783,right
787.351,-767,776,right
789.932,-401,820,right
790.057,-447,809,right
790.149,-478,804,right
790.263,-496,750,right
790.340,-499,753,right
790.482,-511,774,right
790.526,-515,780,right
790.657,-516,783,right
790.711,-509,772,right
790.826,-509,772,right
790.886,-509,770,right
790.989,-523,764,right
791.059,-574,680,right
791.158,-629,614,right
791.236,-699,499,right
791.337,-799,461,right
791.413,-839,439,right
791.526,-922,400,right
791.608,-959,342,right
791.724,-994,287,right
791.795,-1006,245,right
791.925,-1016,223,right
791.977,-1023,197,right
792.103,-1131,50,right
792.178,-1122,62,right
792.316,-1279,0,right
792.794,-880,361,right
792.941,-905,248,right
793.002,-924,50,right
793.134,-988,24,right
793.205,-1056,0,right
793.329,-1103,4,right
794.254,-626,804,right
794.350,-629,802,right
794.456,-657,683,right
794.566,-673,478,right
794.660,-675,453,right
794.781,-748,539,right
795.015,-650,1076,right
795.115,-607,1228,right
795.216,-547,1344,right
795.316,-539,1338,right
795.437,-398,1426,right
795.536,-373,1434,right
797.478,-218,1481,right
797.575,-354,1373,right
797.895,-269,1655,right
797.921,-269,1655,right
798.124,-311,1440,right
798.221,-350,1392,right
798.304,-359,1391,right
798.415,-472,1312,right
798.479,-553,1229,right
798.585,-612,1230,right
798.657,-613,1230,right
798.769,-661,1262,right
798.862,-666,1279,right
798.964,-685,1256,right
799.039,-676,1190,right
799.156,-792,1100,right
799.241,-856,971,right
799.345,-867,963,right
799.420,-892,925,right
799.561,-1089,681,right
799.959,-839,645,right
800.064,-848,569,right
800.148,-867,568,right
800.260,-914,594,right
800.333,-922,604,right
800.457,-960,589,right
800.526,-970,581,right
800.642,-977,586,right
800.723,-972,572,right
800.848,-984,573,right
800.931,-978,579,right
801.052,-1012,543,right
801.133,-1028,450,right
801.256,-1074,412,right
801.330,-1078,401,right
801.455,-1106,388,right
801.529,-1121,354,right
801.643,-1131,359,right
802.181,-796,814,right
802.338,-829,811,right
802.419,-809,754,right
802.533,-914,621,right
802.595,-984,259,right
802.718,-1035,240,right
802.780,-1077,221,right
802.887,-1194,83,right
802.995,-1177,90,right
803.129,-1239,21,right
803.230,-1246,31,right
803.438,-1279,0,right
803.464,-1279,0,right
803.578,-1279,0,right
804.252,-414,926,right
804.388,-441,921,right
804.470,-459,853,right
804.565,-736,571,right
804.642,-838,379,right
804.744,-863,434,right
804.826,-823,484,right
804.942,-877,410,right
805.184,-571,750,right
805.287,-570,748,right
805.370,-570,750,right
805.468,-585,739,right
805.567,-585,757,right
805.650,-586,757,right
807.622,-1249,1332,left
807.721,-1251,1333,left
810.863,-562,675,left
810.968,-562,675,left
812.071,-466,1099,right
812.158,-464,1099,right
812.863,-467,946,right
812.967,-467,946,right
813.218,-464,964,right
813.319,-464,964,right
815.699,-1239,1928,left
815.802,-1239,1928,left
817.448,-1100,945,left
817.537,-1100,945,left
825.271,-596,1441,right
825.357,-599,1441,right
825.448,-603,1440,right
825.534,-607,1428,right
826.991,-1233,1949,right
827.111,-1233,1948,right
827.196,-1230,1951,right
827.332,-1229,1951,right
827.432,-1229,1951,right
827.550,-1229,1951,right
827.656,-1229,1952,right
827.770,-1229,1952,right
827.830,-1229,1951,right
827.937,-1229,1951,right
833.161,-1229,1951,right
833.254,-1260,1913,right
849.602,-1157,1737,right
849.677,-1157,1744,right
849.946,-1138,1754,right
850.071,-1138,1754,right
850.264,-1138,1754,left
850.341,-1138,1754,left
855.998,-261,1125,right
856.062,-258,1128,right
856.172,-223,1197,right
856.301,-213,1199,right
857.452,-364,731,right
857.556,-372,732,right
857.648,-412,725,right
857.769,-537,610,right
857.842,-537,610,right
857.970,-537,610,right
858.077,-532,598,right
858.128,-532,594,right
858.643,-244,819,right
858.718,-192,868,right
858.813,-80,967,right
858.921,-23,991,right
859.708,-300,1423,right
859.806,-327,1535,right
859.941,-379,1881,right
860.061,-317,2047,right
860.644,-10,2047,right
860.763,-77,2018,right
861.713,-357,1341,right
861.803,-357,1340,right
864.787,-1102,1897,right
864.892,-1100,1896,right
865.685,-0,0,right
865.827,-29,0,right
866.131,-0,0,right
866.233,-0,12,right
869.981,-496,701,right
870.206,-505,695,right
870.315,-504,700,right
870.405,-502,700,right
870.945,-451,701,right
871.043,-450,701,right
872.475,-254,771,right
872.565,-253,771,right
873.231,-776,708,right
873.340,-781,710,right
875.216,-130,1158,right
875.317,-130,1158,right
875.404,-170,1232,right
875.531,-360,1380,right
875.620,-429,1400,right
875.744,-466,1427,right
875.829,-510,1475,right
875.949,-581,1581,right
876.509,-1063,1926,right
876.641,-1065,1934,right
877.823,-1065,1934,left
877.927,-1065,1934,left
881.780,-703,534,right
881.870,-737,511,right
881.978,-714,530,right
882.071,-711,529,right
882.159,-709,571,right
882.283,-713,565,right
882.375,-714,565,right
882.470,-713,565,right
882.632,-713,565,right
882.742,-713,565,right
883.112,-625,538,right
883.244,-670,551,right
883.339,-702,603,right
883.434,-709,601,right
883.524,-695,606,right
883.616,-698,591,right
883.706,-697,599,right
883.823,-699,590,right
883.929,-700,589,right
884.045,-700,589,right
884.420,-748,339,right
884.520,-910,75,right
884.617,-912,177,right
884.744,-1017,118,right
885.063,-895,703,right
885.166,-890,711,right
885.256,-868,738,right
885.365,-872,744,right
885.446,-871,792,right
885.563,-872,785,right
885.660,-833,806,right
885.770,-797,810,right
887.443,-597,847,right
887.549,-597,847,right
887.655,-595,862,right
887.742,-595,861,right
888.765,-572,851,right
888.882,-572,851,right
888.987,-572,844,right
889.081,-579,811,right
889.182,-579,813,right
889.276,-579,811,right
889.390,-579,811,right
889.431,-579,811,right
890.269,-1018,452,right
890.387,-967,504,right
890.442,-956,488,right
890.576,-999,434,right
891.114,-905,516,right
891.201,-916,541,right
891.310,-934,577,right
891.418,-944,581,right
891.737,-778,878,right
891.867,-787,892,right
892.025,-785,833,right
892.095,-783,830,right
892.239,-754,880,right
892.346,-770,905,right
892.674,-788,1063,right
892.803,-795,1067,right
893.337,-813,1395,right
893.446,-812,1396,right
893.536,-812,1396,right
893.629,-813,1396,right
893.943,-978,1359,right
894.055,-980,1352,right
895.274,-964,1146,right
895.382,-963,1146,right
895.479,-957,1125,right
895.586,-958,1118,right
895.690,-966,1088,right
895.815,-985,1064,right
903.083,-582,878,right
903.196,-657,1088,right
903.286,-666,1203,right
903.383,-666,1200,right
903.519,-600,1179,right
903.627,-599,1177,right
904.551,-0,713,right
904.678,-44,447,right
905.175,-780,719,right
905.287,-731,778,right
905.395,-659,726,right
905.510,-657,727,right
905.858,-494,735,right
905.978,-483,715,right
906.328,-502,455,right
906.434,-502,447,right
908.046,-188,939,right
908.182,-0,517,right
909.119,-480,1310,right
909.233,-480,1310,right
909.325,-481,1310,right
909.432,-481,1311,right
910.307,-543,1265,right
910.413,-543,1265,right
910.493,-548,1256,right
910.599,-563,1247,right
913.074,-613,1046,right
913.172,-609,1046,right
913.279,-524,995,right
913.405,-391,915,right
913.497,-345,885,right
913.604,-378,847,right
913.701,-329,760,right
913.806,-330,764,right
913.914,-326,754,right
914.049,-332,559,right
914.147,-366,582,right
914.240,-398,581,right
914.319,-368,548,right
914.416,-367,538,right
914.501,-372,562,right
914.590,-397,529,right
914.671,-392,527,right
914.778,-404,506,right
914.838,-402,502,right
914.957,-442,388,right
915.031,-436,372,right
915.144,-477,297,right
915.221,-486,289,right
915.332,-581,234,right
915.397,-595,229,right
915.517,-678,216,right
915.596,-648,179,right
915.717,-664,99,right
915.787,-642,59,right
915.911,-671,65,right
915.999,-692,57,right
916.112,-714,52,right
916.405,-643,244,right
916.544,-666,226,right
916.605,-711,203,right
916.726,-766,163,right
916.829,-786,226,right
916.956,-835,218,right
917.052,-836,217,right
917.181,-841,217,right
917.710,-561,491,right
917.824,-570,465,right
917.910,-611,392,right
918.043,-663,338,right
918.130,-666,324,right
918.262,-675,326,right
918.719,-843,695,right
918.827,-847,693,right
919.539,-852,1019,right
919.637,-853,1017,right
919.733,-858,1012,right
919.848,-864,1008,right
920.292,-756,907,right
920.408,-749,842,right
920.510,-570,537,right
920.610,-571,472,right
920.689,-577,490,right
920.834,-749,650,right
921.741,-792,1274,right
921.850,-867,1311,right
922.178,-247,858,right
922.281,-306,851,right
922.394,-261,759,right
922.503,-245,686,right
924.202,-492,1194,right
924.290,-490,1193,right
924.374,-471,1184,right
924.460,-483,1096,right
924.564,-433,1047,right
924.651,-455,1008,right
924.769,-387,989,right
924.855,-387,992,right
924.941,-320,1012,right
925.103,-339,996,right
925.143,-324,977,right
925.242,-314,968,right
925.500,-10,722,right
925.610,-155,794,right
925.696,-161,758,right
925.816,-233,721,right
925.897,-216,708,right
925.995,-243,682,right
926.082,-232,702,right
926.191,-231,702,right
926.267,-225,700,right
926.359,-231,696,right
926.445,-230,678,right
926.552,-299,575,right
926.626,-305,558,right
926.738,-307,557,right
926.819,-302,558,right
926.929,-302,560,right
926.995,-303,551,right
927.106,-318,524,right
927.349,-330,878,right
927.443,-364,983,right
927.522,-370,1022,right
927.612,-409,1079,right
927.716,-411,1157,right
927.833,-413,1158,right
927.914,-412,1172,right
928.040,-429,1210,right
928.137,-436,1242,right
928.262,-453,1268,right
928.355,-457,1343,right
928.472,-494,1344,right
928.996,-658,1546,right
929.106,-687,1538,right
929.168,-723,1514,right
929.286,-728,1524,right
929.977,-896,1720,right
930.078,-896,1721,right
930.181,-879,1713,right
930.292,-880,1710,right
930.836,-922,1467,right
930.921,-935,1484,right
931.016,-951,1502,right
931.135,-999,1532,right
932.550,-520,1364,right
932.670,-672,1578,right
932.750,-668,1632,right
932.862,-683,1646,right
932.931,-684,1646,right
933.042,-684,1641,right
934.451,-794,1686,right
934.527,-831,1719,right
934.645,-759,1766,right
934.777,-758,1768,right
935.307,-453,1120,right
935.399,-454,1127,right
935.518,-340,1115,right
935.614,-365,1126,right
935.709,-313,1100,right
935.818,-319,1084,right
935.960,-352,1140,right
936.058,-452,1196,right
936.142,-445,1207,right
936.234,-403,1218,right
936.317,-338,1177,right
936.410,-388,1167,right
936.489,-405,1144,right
936.579,-472,1059,right
936.984,-492,1062,right
937.083,-654,1029,right
937.166,-654,1027,right
937.276,-711,956,right
937.730,-866,1569,right
937.828,-881,1537,right
937.916,-942,1479,right
938.029,-996,1465,right
938.347,-1026,1039,right
938.461,-1089,979,right
938.550,-1106,939,right
938.667,-1227,699,right
939.460,-861,532,right
939.565,-890,549,right
940.636,-880,958,right
940.760,-894,940,right
940.919,-1132,652,right
941.001,-1279,455,right
941.225,-951,636,right
941.334,-967,617,right
943.042,-1055,1904,right
943.167,-1057,1904,right
943.323,-1090,1915,right
943.400,-1095,1918,right
943.507,-1095,1921,right
943.605,-1095,1921,right
945.886,-1099,880,left
945.990,-1109,886,left
952.029,-683,1547,right
952.135,-683,1552,right
952.222,-684,1555,right
952.314,-684,1555,right
952.386,-680,1585,right
952.514,-722,1577,right
952.611,-718,1569,right
952.705,-708,1552,right
952.892,-701,1607,right
952.983,-701,1613,right
953.325,-365,1515,right
953.433,-314,1500,right
953.529,-217,1491,right
953.659,-152,1404,right
953.740,-199,1272,right
953.890,-245,1275,right
953.990,-242,1267,right
954.050,-237,1278,right
954.210,-164,1460,right
954.321,-153,1443,right
954.413,-146,1502,right
954.515,-141,1487,right
954.593,-127,1507,right
954.707,-127,1508,right
954.779,-124,1509,right
954.883,-137,1479,right
954.976,-158,1457,right
955.079,-145,1485,right
955.169,-127,1535,right
955.278,-125,1542,right
955.361,-128,1585,right
955.493,-139,1617,right
955.546,-124,1634,right
955.668,-138,1621,right
955.776,-157,1501,right
955.920,-168,1420,right
956.131,-142,1509,right
956.238,-143,1512,right
956.310,-125,1546,right
956.421,-129,1542,right
956.499,-130,1542,right
956.617,-129,1542,right
957.575,-278,1692,right
957.620,-286,1708,right
957.790,-321,1781,right
957.884,-319,1782,right
957.987,-320,1792,right
958.090,-333,1792,right
958.180,-374,1776,right
958.271,-455,1613,right
958.356,-520,1502,right
958.461,-599,1304,right
958.537,-657,1251,right
958.671,-713,1117,right
958.735,-758,1032,right
958.875,-857,770,right
958.956,-882,717,right
959.063,-889,690,right
959.155,-891,686,right
959.265,-900,674,right
959.392,-880,736,right
959.525,-984,578,right
959.607,-1003,576,right
959.712,-1059,529,right
959.798,-1092,522,right
959.907,-1136,468,right
959.988,-1174,414,right
960.108,-1184,373,right
960.210,-1189,366,right
960.334,-1192,365,right
960.467,-1192,363,right
960.599,-1208,329,right
960.699,-1214,305,right
960.823,-1268,198,right
962.459,-1093,873,left
962.530,-1093,873,left
963.428,-1255,1360,left
963.505,-1254,1360,left
964.723,-365,1046,right
964.824,-365,1046,right
969.827,-1127,1870,left
969.926,-1126,1870,left
979.930,-1017,1783,left
980.045,-1017,1783,left
984.340,-1266,1271,left
984.433,-1266,1271,left
985.833,-1048,308,left
985.917,-1047,308,left
990.781,-174,1036,right
991.015,-174,1036,right
992.841,-172,1028,left
992.934,-172,1028,left
993.762,-267,1154,right
993.885,-266,1154,right
997.415,-1122,1865,right
997.549,-1122,1867,right
998.364,-1118,1874,right
998.473,-1117,1874,right
998.878,-1067,1903,left
998.981,-1067,1903,left
1002.862,-1028,1778,left
1002.951,-1027,1778,left
1005.248,-1120,1883,left
1005.340,-1120,1883,left
1011.305,-637,1187,right
1011.412,-636,1187,right
1012.065,-532,1512,right
1012.170,-531,1514,right
1012.294,-525,1495,right
1012.391,-494,1466,right
1012.495,-443,1485,right
1012.594,-442,1496,right
1012.691,-440,1500,right
1012.810,-440,1503,right
1015.410,-654,1006,right
1015.517,-653,1004,right
1015.595,-654,1002,right
1015.712,-665,991,right
1015.778,-664,985,right
1015.877,-664,985,right
1016.266,-564,996,right
1016.356,-566,977,right
1016.983,-569,786,right
1017.128,-563,789,right
1017.205,-586,805,right
1017.339,-684,774,right
1017.409,-686,775,right
1017.532,-686,777,right
1017.615,-675,808,right
1017.708,-672,815,right
1019.200,-864,1149,right
1019.299,-943,1015,right
1019.371,-997,909,right
1019.483,-998,909,right
1019.556,-997,925,right
1019.639,-998,931,right
1021.300,-872,1539,right
1021.415,-871,1539,right
1022.997,-0,1660,right
1023.127,-0,1726,right
1023.248,-231,2035,right
1023.354,-229,2038,right
1024.942,-863,968,right
1025.041,-890,924,right
1025.104,-919,813,right
1025.203,-944,831,right
1025.280,-958,855,right
1025.378,-983,855,right
1025.471,-998,844,right
1025.586,-1017,857,right
1025.674,-1015,849,right
1025.797,-1015,853,right
1025.887,-1017,854,right
1025.978,-1017,857,right
1026.058,-1020,857,right
1026.165,-1025,864,right
1026.765,-714,903,right
1026.866,-710,906,right
1026.960,-711,998,right
1027.071,-739,1038,right
1027.171,-756,1113,right
1027.275,-753,1115,right
1027.576,-381,1069,right
1027.681,-381,1069,right
1028.041,-512,1257,right
1028.136,-601,1275,right
1028.232,-695,1355,right
1028.341,-753,1341,right
1028.423,-847,1256,right
1028.528,-910,1240,right
1028.609,-971,1231,right
1028.724,-1043,1226,right
1029.206,-1179,1923,right
1029.344,-1214,1934,right
1029.513,-1215,1928,right
1029.628,-1229,1927,right
1029.725,-1240,1925,right
1029.818,-1238,1925,right
1031.772,-678,1032,right
1031.865,-682,1042,right
1031.963,-702,1137,right
1032.073,-763,1155,right
1032.166,-764,1150,right
1032.292,-779,1147,right
1033.019,-956,1248,right
1033.130,-944,1241,right
1033.221,-911,1253,right
1033.329,-916,1270,right
1033.473,-902,1372,right
1033.543,-894,1371,right
1033.943,-805,1319,right
1034.036,-805,1318,right
1034.140,-810,1313,right
1034.219,-808,1313,right
1034.319,-764,1309,right
1034.424,-764,1299,right
1034.515,-759,1291,right
1034.585,-758,1291,right
1034.721,-717,1347,right
1034.808,-737,1384,right
1034.900,-737,1422,right
1035.004,-735,1417,right
1035.086,-738,1426,right
1035.192,-750,1435,right
1035.260,-781,1487,right
1035.384,-790,1510,right
1035.440,-809,1582,right
1035.573,-814,1582,right
1035.665,-808,1646,right
1035.789,-808,1656,right
1036.368,-717,1179,right
1036.477,-728,1173,right
1036.731,-593,1624,right
1036.843,-591,1642,right
1036.923,-593,1643,right
1037.022,-634,1670,right
1037.107,-629,1730,right
1037.213,-627,1732,right
1037.302,-636,1891,right
1037.414,-641,1842,right
1037.507,-641,1829,right
1037.602,-641,1574,right
1037.698,-674,733,right
1037.830,-791,603,right
1037.913,-796,596,right
1038.028,-805,603,right
1038.094,-803,620,right
1038.204,-803,638,right
1038.282,-799,630,right
1038.397,-798,643,right
1039.282,-1258,1364,left
1039.356,-1257,1363,left
1040.494,-66,1141,left
1040.579,-66,1141,left
1042.470,-66,1141,left
1042.554,-66,1141,left
1043.315,-56,1011,left
1043.415,-56,1011,left
1045.188,-1246,1314,left
1045.307,-1245,1318,left
1057.440,-1156,1760,left
1057.558,-1156,1760,left
1063.839,-1137,1774,right
1063.926,-1136,1774,right
1064.021,-1137,1773,right
1064.127,-1136,1773,right
1064.244,-1137,1773,right
1064.361,-1136,1773,right
1069.834,-1247,1326,left
1069.929,-1247,1326,left
1074.282,-553,689,left
1074.379,-553,689,left
1075.987,-319,1101,right
1076.078,-302,1114,right
1076.190,-233,1107,right
1076.309,-222,1098,right
1077.716,-1100,1913,left
1077.842,-1100,1912,left
1087.958,-372,1214,right
1088.076,-661,650,right
1088.154,-764,534,right
1088.259,-863,430,right
1088.331,-902,415,right
1088.440,-949,404,right
1088.526,-968,418,right
1088.650,-992,434,right
1088.741,-986,499,right
1088.871,-1003,523,right
1088.962,-1030,511,right
1089.091,-1080,477,right
1089.484,-904,292,right
1089.596,-861,394,right
1089.688,-866,393,right
1089.808,-874,398,right
1089.885,-889,349,right
1090.027,-917,308,right
1090.119,-935,285,right
1090.258,-978,226,right
1090.359,-979,226,right
1090.461,-1042,175,right
1091.109,-923,44,right
1091.190,-923,44,right
1092.084,-669,1089,right
1092.171,-668,1089,right
1092.267,-608,1001,right
1092.380,-572,967,right
1093.205,-471,1336,right
1093.272,-500,1324,right
1093.374,-514,1405,right
1093.463,-525,1427,right
1093.581,-446,1595,right
1093.692,-434,1589,right
1093.783,-394,1607,right
1093.824,-393,1607,right
1093.853,-388,1613,right
1093.915,-381,1619,right
1094.006,-326,1730,right
1094.121,-329,1701,right
1094.212,-330,1695,right
1094.310,-330,1695,right
1094.407,-330,1696,right
1094.527,-336,1716,right
1094.593,-339,1712,right
1094.709,-342,1697,right
1094.793,-342,1696,right
1094.909,-346,1689,right
1094.990,-347,1683,right
1095.086,-355,1663,right
1095.362,-425,1560,right
1095.542,-706,1445,right
1095.625,-705,1479,right
1095.731,-727,1483,right
1095.805,-727,1463,right
1095.908,-722,1403,right
1096.017,-662,1412,right
1096.144,-668,1438,right
1096.216,-684,1455,right
1096.332,-725,1472,right
1096.409,-716,1450,right
1096.513,-712,1395,right
1096.605,-699,1351,right
1096.722,-857,1031,right
1096.794,-926,913,right
1096.918,-1016,824,right
1096.970,-1034,788,right
1097.123,-1279,173,right
1097.346,-947,399,right
1097.456,-993,436,right
1097.544,-1014,440,right
1097.668,-1090,499,right
1097.747,-1136,507,right
1097.882,-1148,512,right
1097.954,-1163,519,right
1098.083,-1218,503,right
1099.020,-914,711,right
1099.128,-1076,535,right
1099.203,-1130,470,right
1099.341,-1279,298,right
1099.656,-1045,471,right
1099.765,-1053,485,right
1100.724,-488,1207,right
1100.814,-484,1227,right
1100.909,-444,1273,right
1101.021,-427,1289,right
1101.098,-411,1306,right
1101.216,-409,1312,right
1103.049,-108,1369,right
1103.145,-305,1275,right
1103.233,-465,1125,right
1103.344,-625,992,right
1103.415,-733,857,right
1103.534,-866,771,right
1103.616,-869,764,right
1103.731,-870,764,right
1103.829,-870,764,right
1103.952,-869,764,right
1104.100,-613,1107,right
1104.232,-653,1102,right
1104.323,-825,914,right
1104.435,-933,766,right
1104.538,-900,767,right
1104.639,-830,786,right
1104.731,-602,737,right
1104.848,-408,770,right
1104.912,-283,836,right
1105.026,-258,894,right
1105.535,-463,1598,right
1105.632,-531,1645,right
1105.729,-513,1637,right
1105.848,-502,1629,right
1106.135,-477,1480,right
1106.270,-488,1485,right
1106.372,-534,1428,right
1106.459,-556,1378,right
1106.615,-505,1454,right
1106.699,-472,1465,right
1106.850,-356,1610,right
1106.957,-353,1637,right
1107.609,-333,1761,right
1107.699,-342,1781,right
1107.787,-376,1775,right
1107.893,-387,1768,right
1108.067,-341,1817,right
1108.197,-334,1828,right
1108.269,-334,1826,right
1108.383,-333,1826,right
1108.482,-328,1812,right
1108.589,-329,1808,right
1108.681,-332,1806,right
1108.765,-354,1785,right
1108.858,-378,1763,right
1108.958,-377,1762,right
1109.042,-375,1755,right
1109.131,-377,1753,right
1109.220,-375,1762,right
1109.333,-370,1768,right
1109.410,-314,1826,right
1109.513,-317,1842,right
1109.608,-325,1847,right
1109.713,-327,1856,right
1109.836,-315,1845,right
1109.943,-315,1848,right
1110.031,-305,1902,right
1110.135,-299,1921,right
1110.581,-295,1544,right
1110.653,-294,1544,right
1110.760,-220,1574,right
1110.861,-220,1574,right
1110.949,-170,1554,right
1111.062,-164,1546,right
1111.167,-112,1547,right
1111.287,-89,1557,right
1112.570,-432,1351,right
1112.708,-432,1351,right
1112.797,-428,1372,right
1112.906,-431,1366,right
1112.979,-435,1352,right
1113.078,-435,1353,right
1113.168,-442,1361,right
1113.261,-449,1378,right
1113.353,-441,1380,right
1113.475,-446,1365,right
1113.554,-447,1356,right
1113.667,-447,1355,right
1113.725,-448,1353,right
1113.846,-448,1353,right
1113.925,-450,1353,right
1114.023,-450,1354,right
1114.117,-450,1354,right
1114.226,-450,1354,right
1114.322,-450,1354,right
1114.428,-450,1354,right
1114.505,-450,1353,right
1114.600,-450,1353,right
1114.690,-456,1346,right
1114.784,-445,1346,right
1114.883,-419,1380,right
1114.976,-420,1382,right
1115.109,-573,1729,right
1115.204,-615,1743,right
1115.289,-649,1647,right
1115.380,-677,1505,right
1115.479,-678,1475,right
1115.577,-678,1477,right
1116.301,-1103,1018,left
1116.377,-1103,1018,left
1116.820,-582,1696,right
1116.928,-601,1664,right
1117.016,-671,1592,right
1117.114,-745,1510,right
1117.257,-660,1542,right
1117.393,-419,1713,right
1117.472,-272,1914,right
1117.596,-247,1973,right
1118.200,-298,1485,right
1118.316,-297,1485,right
1119.072,-297,1424,right
1119.166,-293,1432,right
1119.865,-380,1453,right
1119.966,-413,1454,right
1123.635,-603,1404,right
1123.715,-605,1416,right
1123.814,-580,1495,right
1123.932,-577,1484,right
1124.037,-573,1489,right
1124.167,-571,1490,right
1125.544,-315,1233,right
1125.643,-412,1097,right
1125.716,-446,1095,right
1125.817,-514,1058,right
1126.925,-775,1127,right
1127.019,-854,1133,right
1127.095,-895,1214,right
1127.199,-903,1198,right
1127.864,-757,1021,right
1127.983,-814,1036,right
1128.555,-1095,850,left
1128.630,-1095,849,left
1128.830,-526,1251,right
1128.916,-525,1251,right
1129.001,-414,1362,right
1129.096,-386,1391,right
1129.797,-400,1310,right
1129.892,-437,1304,right
1129.982,-488,1321,right
1130.077,-487,1333,right
1130.915,-409,1314,right
1131.041,-464,1245,right
1131.155,-466,1243,right
1131.267,-466,1243,right
1133.743,-817,690,right
1133.847,-872,627,right
1133.938,-896,614,right
1134.056,-900,615,right
1134.575,-517,945,right
1134.662,-506,966,right
1136.844,-287,1268,right
1136.944,-294,1271,right
1137.142,-583,1281,right
1137.226,-584,1279,right
1137.315,-553,1292,right
1137.408,-553,1289,right
1138.995,-380,1066,right
1139.078,-423,887,right
1139.178,-397,994,right
1139.286,-398,999,right
1139.449,-284,1182,right
1139.572,-284,1184,right
1139.671,-282,1204,right
1139.775,-283,1201,right
1139.865,-283,1202,right
1139.996,-289,1194,right
1146.208,-476,1300,right
1146.305,-475,1302,right
1146.401,-467,1354,right
1146.501,-468,1343,right
1146.593,-469,1371,right
1146.698,-470,1374,right
1146.785,-468,1386,right
1146.880,-467,1383,right
1146.996,-467,1384,right
1147.116,-467,1362,right
1147.234,-467,1362,right
1147.351,-465,1359,right
1150.831,-472,1178,right
1150.922,-472,1179,right
1151.060,-480,1180,right
1151.158,-481,1178,right
1156.840,-308,1401,right
1156.943,-298,1402,right
1157.070,-172,1463,right
1157.178,-171,1457,right
1157.272,-149,1438,right
1157.372,-145,1425,right
1157.470,-128,1435,right
1157.613,-125,1432,right
1158.312,-393,1140,right
1158.428,-638,1014,right
1158.517,-739,1039,right
1158.832,-917,1001,right
1160.145,-370,1271,right
1160.252,-621,1062,right
1160.326,-765,991,right
1160.450,-1021,735,right
1160.488,-1045,702,right
1160.612,-1132,589,right
1160.668,-1152,557,right
1160.783,-1165,554,right
1160.867,-1168,548,right
1160.978,-1179,517,right
1161.059,-1191,500,right
1161.173,-1191,498,right
1161.367,-901,438,right
1161.476,-774,423,right
1161.567,-555,525,right
1161.678,-529,528,right
1161.772,-475,580,right
1161.893,-140,686,right
1162.357,-292,788,right
1162.444,-302,879,right
1163.676,-398,1316,right
1163.839,-426,1294,right
1164.274,-442,1323,right
1164.373,-450,1312,right
1164.510,-446,1171,right
1164.617,-459,1148,right
1164.717,-469,1140,right
1164.795,-534,992,right
1164.950,-477,1111,right
1165.072,-473,1119,right
1165.147,-521,964,right
1165.249,-528,996,right
1165.369,-530,1012,right
1165.488,-529,1011,right
1165.801,-508,1002,right
1165.867,-513,996,right
1166.017,-509,990,right
1166.137,-500,965,right
1166.353,-593,864,right
1166.471,-818,679,right
1166.564,-848,693,right
1166.660,-846,711,right
1166.737,-861,717,right
1166.853,-922,697,right
1166.973,-904,746,right
1167.058,-896,751,right
1167.155,-762,1090,right
1167.263,-768,1098,right
1167.352,-767,1132,right
1167.459,-767,1143,right
1167.939,-332,1378,right
1168.044,-397,1348,right
1168.159,-495,1326,right
1168.257,-507,1315,right
1168.414,-489,1374,right
1168.520,-481,1364,right
1168.653,-403,1303,right
1168.722,-388,1296,right
1168.839,-319,1328,right
1168.959,-319,1314,right
1169.166,-325,1400,right
1169.283,-326,1401,right
1169.394,-297,1392,right
1169.527,-291,1343,right
1169.710,-343,1286,right
1169.802,-349,1268,right
1169.916,-349,1268,right
1170.017,-354,1250,right
1170.288,-367,1259,right
1170.380,-619,1041,right
1170.469,-767,979,right
1170.566,-852,891,right
1170.631,-870,905,right
1170.771,-898,880,right
1170.857,-884,852,right
1170.966,-906,840,right
1171.956,-525,1443,right
1172.054,-529,1454,right
1172.144,-530,1463,right
1172.238,-527,1465,right
1172.360,-527,1464,right
1172.472,-527,1462,right
1172.582,-528,1459,right
1172.686,-528,1450,right
1172.953,-588,1523,right
1173.087,-636,1547,right
1173.259,-701,1579,right
1173.386,-701,1580,right
1173.565,-674,1582,right
1173.594,-674,1582,right
1173.723,-657,1554,right
1173.831,-652,1541,right
1173.939,-680,1532,right
1174.039,-791,1482,right
1174.121,-881,1333,right
1174.222,-970,1274,right
1174.296,-981,1248,right
1174.420,-1004,1119,right
1174.503,-1007,1101,right
1174.624,-1037,1107,right
1175.825,-612,1134,right
1175.924,-643,1117,right
1176.016,-701,991,right
1176.107,-786,797,right
1176.193,-813,757,right
1176.302,-881,648,right
1176.375,-895,606,right
1176.490,-912,569,right
1176.574,-917,567,right
1176.678,-980,549,right
1176.765,-982,540,right
1176.885,-990,536,right
1176.965,-995,534,right
1177.106,-1048,446,right
1177.198,-1279,0,right
1177.336,-1279,69,right
1177.446,-1025,258,right
1177.583,-1030,192,right
1178.204,-662,971,right
1178.322,-722,824,right
1178.418,-695,871,right
1178.522,-864,820,right
1178.589,-926,795,right
1178.696,-1025,681,right
1178.793,-952,748,right
1178.878,-955,758,right
1179.160,-656,1080,right
1179.247,-679,1046,right
1184.800,-1258,1268,left
1184.887,-1258,1268,left
1186.404,-379,1265,right
1186.541,-383,1274,right
1190.815,-1094,1918,left
1190.923,-1094,1918,left
1199.399,-1240,1964,left
1199.488,-1240,1964,left
1212.658,-1147,1879,left
1212.778,-1147,1879,left
1217.796,-1137,1869,right
1217.911,-1137,1869,right
1218.101,-1137,1869,right
1218.210,-1137,1869,right
1218.350,-1137,1869,right
1218.391,-1137,1869,right
1218.619,-1137,1869,right
1218.713,-1137,1869,right
1218.869,-1137,1869,right
1218.976,-1137,1869,right
1219.961,-1126,1863,right
1220.073,-1126,1863,right
1221.084,-1098,1743,left
1221.249,-1095,1743,left
1227.546,-1151,1817,right
1227.667,-1150,1817,right
1228.381,-1147,1877,right
1228.499,-1146,1877,right
1228.864,-1131,1864,right
1228.976,-1131,1864,right
1229.563,-1130,1882,left
1229.647,-1130,1882,left
1233.977,-235,421,right
1234.071,-213,460,right
1235.185,-410,598,right
1235.299,-417,601,right
1236.254,-301,949,right
1236.371,-298,948,right
1242.744,-568,532,right
1242.864,-568,531,right
1242.971,-583,507,right
1243.064,-616,476,right
1243.164,-647,440,right
1243.264,-673,415,right
1243.356,-702,401,right
1243.486,-734,383,right
1244.171,-653,1537,right
1244.266,-676,1548,right
1244.363,-670,1563,right
1244.456,-657,1572,right
1244.541,-649,1590,right
1244.629,-648,1591,right
1244.707,-702,1537,right
1244.818,-732,1537,right
1244.889,-725,1516,right
1245.017,-732,1465,right
1245.062,-736,1458,right
1245.228,-780,1396,right
1245.310,-781,1396,right
1245.340,-781,1396,right
1247.941,-1272,1340,left
1248.058,-1272,1340,left
1248.430,-1271,1338,left
1248.537,-1270,1331,left
1249.671,-286,1153,right
1249.790,-285,1156,right
1257.849,-1234,1966,left
1257.947,-1234,1966,left
1288.092,-1194,1818,right
1288.162,-1194,1818,right
1289.142,-1167,1772,right
1289.238,-1167,1772,right
1289.458,-1167,1772,left
1289.565,-1167,1772,left
1292.308,-1187,1774,right
1292.401,-1187,1774,right
1292.541,-1178,1767,right
1292.654,-1177,1766,right
1295.380,-1215,1768,right
1295.499,-1215,1768,right
1295.998,-1191,1777,right
1296.090,-1191,1777,right
1296.351,-1165,1767,right
1296.435,-1165,1767,right
1296.658,-1195,1808,right
1296.768,-1197,1809,right
1296.886,-1197,1809,right
1296.975,-1195,1802,right
1297.130,-1161,1763,right
1297.218,-1160,1763,right
1297.327,-1160,1763,right
1297.422,-1160,1763,right
1299.859,-524,486,right
1299.975,-522,487,right
1300.079,-510,478,right
1300.194,-505,478,right
1300.377,-577,491,right
1300.486,-767,539,right
1300.579,-822,546,right
1300.674,-856,573,right
1300.767,-932,664,right
1300.865,-931,666,right
1300.938,-930,697,right
1301.041,-1062,695,right
1301.354,-980,838,right
1301.446,-982,841,right
1301.557,-1027,949,right
1301.677,-1082,970,right
1302.015,-817,1012,right
1302.133,-816,1011,right
1302.290,-164,528,right
1302.361,-148,482,right
1304.435,-305,632,right
1304.519,-320,655,right
1304.633,-295,710,right
1304.739,-298,721,right
1304.847,-311,737,right
1304.954,-309,739,right
1305.275,-404,783,right
1305.364,-536,761,right
1305.469,-903,811,right
1305.548,-964,804,right
1305.655,-977,804,right
1305.763,-1002,793,right
1306.063,-996,706,right
1306.152,-986,711,right
1306.259,-995,745,right
1306.373,-1023,743,right
1306.710,-996,440,right
1306.811,-997,437,right
1307.973,-899,1364,right
1308.076,-907,1367,right
1308.185,-886,1367,right
1308.275,-863,1331,right
1308.861,-411,924,right
1308.952,-416,991,right
1309.040,-400,967,right
1309.147,-592,754,right
1309.238,-606,741,right
1309.326,-602,729,right
1309.876,-391,789,right
1309.978,-425,816,right
1311.194,-543,935,right
1311.306,-543,935,right
1311.671,-491,456,right
1311.753,-484,458,right
1311.873,-440,461,right
1311.926,-440,461,right
1313.268,-777,1114,right
1313.365,-779,1117,right
1313.461,-785,1122,right
1313.573,-787,1127,right
1313.943,-836,1145,right
1314.064,-932,1118,right
1314.872,-541,1652,right
1314.975,-537,1652,right
1315.059,-537,1652,right
1315.164,-546,1659,right
1317.029,-422,1138,right
1317.108,-422,1140,right
1317.218,-429,1469,right
1317.310,-432,1545,right
1317.410,-419,1556,right
1317.524,-419,1562,right
1318.369,-414,1369,right
1318.458,-437,1347,right
1318.556,-456,1329,right
1318.645,-525,1283,right
1318.746,-597,1081,right
1318.845,-598,1085,right
1318.944,-524,1126,right
1319.049,-516,1131,right
1319.152,-511,1150,right
1319.259,-466,1160,right
1319.329,-452,1191,right
1319.431,-450,1192,right
1319.554,-383,1208,right
1319.641,-382,1209,right
1319.733,-365,1259,right
1319.836,-356,1250,right
1319.926,-310,1245,right
1320.051,-325,1263,right
1320.127,-333,1270,right
1320.253,-334,1272,right
1320.338,-330,1277,right
1320.445,-326,1279,right
1320.528,-319,1312,right
1320.634,-318,1312,right
1320.716,-304,1350,right
1320.833,-320,1368,right
1320.924,-323,1379,right
1321.038,-323,1389,right
1321.665,-255,1682,right
1321.758,-290,1605,right
1321.846,-264,1634,right
1321.940,-315,1596,right
1322.259,-373,1503,right
1322.387,-438,1491,right
1322.478,-438,1519,right
1322.576,-449,1539,right
1322.672,-425,1541,right
1322.786,-425,1541,right
1322.905,-434,1567,right
1323.023,-456,1604,right
1323.105,-462,1612,right
1323.218,-486,1631,right
1323.310,-519,1681,right
1323.409,-512,1690,right
1323.506,-500,1790,right
1323.628,-513,1793,right
1323.708,-515,1792,right
1323.831,-529,1815,right
1325.027,-484,796,right
1325.136,-524,799,right
1325.220,-553,772,right
1325.338,-619,643,right
1325.402,-626,617,right
1325.523,-644,650,right
1325.582,-634,679,right
1325.702,-634,682,right
1325.782,-622,668,right
1325.892,-621,671,right
1325.968,-616,665,right
1326.086,-584,724,right
1326.177,-526,775,right
1326.278,-521,788,right
1326.394,-465,840,right
1326.486,-464,845,right
1326.617,-461,856,right
1326.717,-470,893,right
1326.783,-458,925,right
1326.915,-446,936,right
1326.983,-402,981,right
1327.118,-388,958,right
1327.186,-389,966,right
1327.297,-389,969,right
1327.378,-390,969,right
1327.469,-391,968,right
1327.547,-393,969,right
1327.649,-406,968,right
1334.799,-1096,876,left
1334.913,-1095,876,left
1336.726,-1247,1375,left
1336.835,-1247,1375,left
1341.528,-555,808,left
1341.637,-555,808,left
1350.624,-569,421,left
1350.796,-569,421,left
1355.285,-460,460,left
1355.379,-460,460,left
1358.958,-471,999,right
1359.067,-471,999,right
1361.083,-1188,1799,left
1361.192,-1189,1794,left
1373.119,-1182,1770,right
1373.237,-1182,1770,right
1373.354,-1182,1770,right
1373.455,-1182,1770,right
1373.562,-1182,1770,right
1373.664,-1182,1770,right
1373.766,-1182,1770,right
1373.880,-1182,1770,right
1373.984,-1182,1770,right
1374.095,-1182,1770,right
1374.204,-1182,1770,right
1374.300,-1182,1770,right
1375.939,-1197,1760,right
1376.284,-1196,1760,right
1376.396,-1197,1760,right
1376.487,-1197,1760,right
1376.594,-1197,1760,right
1376.687,-1202,1763,right
1376.798,-1202,1763,right
1376.890,-1202,1763,right
1377.052,-1195,1761,right
1377.169,-1195,1762,right
1377.271,-1195,1762,right
1377.385,-1195,1762,right
1377.490,-1195,1762,right
1377.604,-1195,1762,right
1377.714,-1195,1762,right
1377.807,-1195,1762,right
1378.293,-1196,1761,right
1378.403,-1196,1761,right
1378.488,-1196,1761,right
1378.586,-1195,1761,right
1381.576,-737,1728,right
1381.668,-739,1729,right
1381.765,-746,1741,right
1381.863,-746,1741,right
1381.949,-746,1741,right
1382.057,-746,1741,right
1382.887,-482,1836,right
1383.000,-502,1857,right
1384.578,-687,1662,right
1384.669,-687,1667,right
1384.765,-692,1685,right
1384.850,-694,1688,right
1385.358,-727,1322,right
1385.465,-707,1084,right
1385.564,-769,1056,right
1385.683,-843,999,right
1385.772,-847,902,right
1385.867,-849,896,right
1386.037,-853,1379,right
1386.154,-828,1420,right
1386.258,-836,1399,right
1386.383,-875,1251,right
1386.500,-863,979,right
1386.608,-849,840,right
1386.709,-827,762,right
1386.821,-809,752,right
1386.961,-548,754,right
1387.083,-524,751,right
1387.188,-475,672,right
1387.294,-301,570,right
1387.656,-244,874,right
1387.748,-248,882,right
1387.846,-265,899,right
1387.956,-298,909,right
1388.912,-257,413,right
1389.008,-315,333,right
1389.119,-340,324,right
1389.247,-340,322,right
1390.597,-561,1057,right
1390.701,-561,1057,right
1391.587,-870,1132,right
1391.689,-987,1043,right
1391.779,-988,1022,right
1391.887,-988,1022,right
1392.074,-1002,1009,right
1392.211,-1029,993,right
1392.564,-600,802,right
1392.635,-585,804,right
1393.146,-210,1169,right
1393.196,-209,1168,right
1393.337,-144,1156,right
1393.420,-142,1137,right
1393.540,-136,1091,right
1393.626,-136,1086,right
1393.742,-136,1086,right
1393.850,-142,1087,right
1393.963,-115,1065,right
1394.052,-115,1063,right
1394.161,-91,1059,right
1394.283,-89,1057,right
1394.380,-82,1059,right
1394.481,-82,1059,right
1394.562,-82,1059,right
1394.654,-82,1059,right
1395.165,-366,1065,right
1395.279,-364,1070,right
1395.365,-362,1068,right
1395.469,-361,1068,right
1395.589,-363,1061,right
1395.708,-382,1043,right
1395.879,-391,1040,right
1395.981,-391,1039,right
1396.221,-391,1039,right
1396.312,-391,1039,right
1396.965,-270,603,right
1397.074,-275,614,right
1397.816,-292,1364,right
1397.934,-285,1365,right
1398.027,-252,1372,right
1398.138,-251,1366,right
1398.235,-252,1363,right
1398.348,-251,1362,right
1398.482,-252,1362,right
1398.608,-265,1359,right
1398.757,-276,1359,right
1398.888,-276,1359,right
1402.584,-1265,1869,right
1402.681,-1264,1869,right
1403.184,-1251,1899,right
1403.321,-1250,1899,right
1403.479,-1250,1899,left
1403.622,-1250,1899,left
1406.166,-400,1855,right
1406.280,-544,1736,right
1406.362,-548,1735,right
1406.469,-599,1720,right
1406.555,-651,1714,right
1406.677,-653,1720,right
1413.417,-563,1646,right
1413.500,-571,1648,right
1413.611,-578,1650,right
1413.701,-578,1650,right
1419.060,-486,1374,right
1419.144,-490,1375,right
1419.269,-487,1371,right
1419.400,-487,1370,right
1419.986,-483,1560,right
1420.104,-483,1558,right
1420.272,-474,1544,right
1420.382,-438,1544,right
1420.946,-1,267,right
1421.045,-88,371,right
1424.989,-615,1209,right
1425.069,-633,1204,right
1425.190,-639,1189,right
1425.293,-639,1189,right
1425.401,-637,1187,right
1425.521,-637,1187,right
1425.623,-628,1198,right
1425.736,-627,1198,right
1425.881,-627,1198,right
1425.986,-628,1198,right
1426.416,-853,1543,right
1426.519,-851,1515,right
1426.619,-846,1483,right
1426.724,-850,1492,right
1426.837,-855,1496,right
1426.934,-861,1509,right
1427.093,-861,1533,right
1427.152,-837,1539,right
1427.281,-713,1567,right
1427.375,-758,1598,right
1427.488,-799,1629,right
1427.591,-826,1701,right
1428.052,-693,1625,right
1428.176,-695,1627,right
1429.469,-390,1286,right
1429.595,-387,1146,right
1431.129,-325,1440,right
1431.226,-340,1422,right
1431.331,-203,1518,right
1431.402,-120,1620,right
1434.083,-222,1163,right
1434.158,-204,1186,right
1434.288,-153,1198,right
1434.335,-134,1152,right
1435.020,-237,696,right
1435.128,-244,694,right
1436.247,-516,164,right
1436.329,-515,134,right
1437.374,-292,361,right
1437.501,-431,255,right
1437.943,-417,747,right
1438.058,-417,744,right
1438.165,-378,744,right
1438.265,-354,723,right
1438.852,-152,739,right
1438.941,-168,732,right
1443.291,-108,1213,right
1443.386,-98,1241,right
1443.790,-277,1294,right
1443.882,-286,1271,right
1444.533,-357,1511,right
1444.618,-357,1511,right
1447.147,-302,1415,right
1447.253,-313,1412,right
1449.110,-546,1244,right
1449.213,-540,1250,right
1450.049,-556,779,right
1450.151,-555,779,right
1450.248,-591,778,right
1450.347,-695,766,right
1450.442,-779,786,right
1450.529,-792,800,right
1450.626,-802,808,right
1450.751,-809,819,right
1450.985,-632,744,right
1451.111,-636,745,right
1451.212,-645,743,right
1451.320,-667,732,right
1451.440,-692,728,right
1451.542,-694,734,right
1451.671,-700,746,right
1451.792,-821,847,right
1451.887,-841,870,right
1451.990,-843,873,right
1452.087,-876,896,right
1452.178,-907,897,right
1452.274,-934,905,right
1452.383,-934,910,right
1452.767,-664,753,right
1452.848,-663,753,right
1452.948,-667,750,right
1453.022,-666,749,right
1453.149,-620,738,right
1453.252,-608,735,right
1453.365,-614,752,right
1453.491,-610,771,right
1453.584,-612,771,right
1453.670,-626,786,right
1453.811,-615,1255,right
1453.912,-611,1321,right
1453.998,-624,1323,right
1454.112,-623,1324,right
1454.203,-626,1304,right
1454.320,-709,1116,right
1454.434,-687,819,right
1454.538,-687,805,right
1454.640,-690,798,right
1454.731,-690,794,right
1454.898,-574,780,right
1455.003,-574,780,right
1455.118,-577,772,right
1455.221,-577,769,right
1455.333,-591,754,right
1455.437,-628,753,right
1455.533,-718,808,right
1455.649,-728,812,right
1455.760,-782,807,right
1455.908,-954,889,right
1456.807,-576,685,right
1456.916,-581,604,right
1457.179,-634,675,right
1457.290,-667,692,right
1460.152,-749,1595,right
1460.248,-780,1590,right
1460.370,-693,1619,right
1460.462,-670,1620,right
1460.550,-593,1656,right
1460.679,-490,1657,right
1460.769,-455,1637,right
1460.887,-432,1651,right
1460.945,-403,1665,right
1461.073,-473,1659,right
1461.176,-466,1658,right
1461.472,-428,1660,right
1461.573,-464,1634,right
1461.676,-495,1610,right
1461.759,-546,1564,right
1461.870,-562,1548,right
1461.943,-542,1581,right
1462.058,-545,1570,right
1462.122,-545,1569,right
1462.225,-546,1570,right
1462.312,-545,1574,right
1462.410,-547,1565,right
1462.504,-548,1565,right
1462.585,-548,1565,right
1462.678,-505,1674,right
1462.785,-505,1671,right
1462.853,-505,1667,right
1462.896,-513,1649,right
1462.931,-521,1630,right
1463.103,-539,1586,right
1463.144,-539,1586,right
1463.276,-560,1584,right
1463.403,-562,1565,right
1463.524,-562,1580,right
1463.644,-533,1580,right
1463.758,-533,1580,right
1463.885,-536,1580,right
1463.993,-538,1568,right
1464.173,-536,1566,right
1464.261,-536,1566,right
1464.362,-534,1551,right
1464.455,-537,1517,right
1464.751,-549,1453,right
1464.906,-693,1241,right
1464.978,-693,1240,right
1465.106,-732,1179,right
1465.176,-755,1144,right
1465.287,-770,1074,right
1465.377,-779,1041,right
1465.483,-786,1011,right
1465.579,-789,964,right
1465.687,-815,825,right
1465.785,-819,766,right
1465.893,-819,740,right
1465.997,-818,689,right
1466.104,-820,677,right
1467.394,-362,709,right
1467.492,-360,708,right
1468.229,-381,674,right
1468.331,-616,532,right
1468.423,-712,474,right
1468.536,-787,362,right
1468.611,-802,355,right
1468.730,-836,312,right
1468.830,-855,281,right
1468.952,-860,253,right
1469.074,-866,214,right
1469.210,-1068,0,right
1469.516,-865,727,right
1469.623,-864,725,right
1469.740,-880,550,right
1469.862,-903,477,right
1469.955,-928,402,right
1470.102,-993,217,right
1471.352,-559,1661,right
1471.419,-559,1659,right
1471.657,-437,1235,right
1471.762,-440,1236,right
1471.888,-461,1242,right
1471.975,-460,1238,right
1473.321,-690,1054,right
1473.424,-698,1052,right
1473.515,-700,1053,right
1473.650,-701,1053,right
1473.977,-737,1031,right
1474.074,-848,1004,right
1474.171,-921,1090,right
1474.257,-921,1096,right
1474.361,-867,1205,right
1474.462,-870,1221,right
1474.933,-762,1188,right
1475.085,-859,1221,right
1475.211,-880,1246,right
1475.311,-905,1290,right
1476.676,-982,1086,right
1476.779,-1028,1136,right
1476.872,-1086,1216,right
1476.977,-1064,1226,right
1477.308,-641,1333,right
1477.413,-641,1333,right
1477.576,-656,1328,right
1477.692,-656,1328,right
1479.728,-722,818,right
1479.827,-726,821,right
1479.928,-765,845,right
1480.022,-760,839,right
1480.128,-753,822,right
1480.237,-757,763,right
1480.349,-768,748,right
1480.466,-779,713,right
1480.889,-790,684,right
1481.023,-822,572,right
1482.920,-670,1262,right
1483.017,-778,681,right
1483.104,-899,251,right
1483.186,-914,103,right
1484.636,-1258,1282,left
1484.717,-1256,1284,left
1486.246,-383,1005,right
1486.353,-382,1005,right
1488.073,-1276,1307,left
1488.177,-1276,1306,left
1488.483,-1243,1303,left
1488.598,-1243,1303,left
1489.168,-380,1300,right
1489.281,-380,1301,right
1491.485,-1205,1812,left
1491.617,-1205,1812,left
1505.774,-1022,1997,left
1505.873,-1022,1997,left
1507.557,-1210,1785,left
1507.676,-1210,1785,left
1525.909,-726,1029,left
1526.019,-726,1029,left