z,y,x,button
0.082,-163,319,right
1.272,-406,1063,right
1.351,-406,1063,right
1.440,-399,1057,right
1.537,-398,1057,right
1.675,-398,1057,right
1.774,-398,1057,right
3.609,-520,1152,right
3.711,-520,1153,right
3.852,-521,1139,right
3.998,-520,1099,right
4.112,-491,1093,right
4.199,-491,1093,right
4.349,-513,1088,right
4.455,-513,1091,right
5.073,-652,1172,right
5.173,-644,1168,right
5.277,-574,1101,right
5.361,-559,1096,right
5.477,-490,1091,right
5.573,-449,1082,right
5.659,-434,1070,right
5.758,-466,1021,right
6.101,-605,627,right
6.213,-621,645,right
6.358,-408,1210,right
6.468,-213,1509,right
6.564,-148,1746,right
6.693,-146,1747,right
7.080,-241,1536,right
7.203,-236,1495,right
7.322,-256,1419,right
7.449,-274,1427,right
7.584,-481,1390,right
7.692,-625,1274,right
7.809,-669,1224,right
7.911,-683,1186,right
7.988,-742,1020,right
8.088,-883,897,right
8.472,-672,1295,right
8.559,-613,1456,right
8.664,-507,1608,right
8.786,-507,1609,right
9.215,-453,1670,right
9.313,-452,1670,right
9.459,-442,1667,right
9.578,-323,1348,right
9.669,-335,1268,right
9.794,-463,1063,right
9.911,-495,1078,right
10.021,-621,1042,right
10.139,-787,895,right
10.254,-816,875,right
10.356,-833,866,right
10.464,-846,822,right
10.573,-879,792,right
10.678,-896,745,right
10.782,-901,727,right
10.896,-901,730,right
11.113,-426,1661,right
11.222,-426,1664,right
12.244,-315,1288,right
12.332,-314,1241,right
12.422,-349,1214,right
12.529,-563,1036,right
12.658,-761,926,right
12.708,-809,889,right
12.819,-829,867,right
12.924,-829,867,right
13.213,-405,1734,right
13.320,-404,1735,right
14.246,-331,1170,right
14.352,-452,1073,right
14.447,-474,1083,right
14.541,-600,1056,right
14.638,-625,1049,right
14.767,-667,996,right
15.852,-299,1365,right
15.951,-323,1322,right
16.061,-338,1316,right
16.152,-373,1343,right
16.266,-400,1496,right
16.358,-404,1507,right
16.468,-416,1610,right
16.573,-423,1627,right
16.686,-484,1589,right
16.819,-628,1487,right
16.917,-648,1473,right
17.022,-654,1473,right
17.119,-661,1465,right
17.222,-1020,1203,right
17.513,-727,1611,right
17.599,-729,1604,right
17.699,-742,1399,right
17.798,-778,1269,right
17.914,-783,1154,right
18.005,-752,1154,right
18.136,-512,1227,right
18.253,-392,1258,right
18.330,-302,1323,right
18.478,-349,1242,right
18.566,-410,1022,right
18.675,-435,1004,right
18.786,-465,967,right
18.906,-539,802,right
18.999,-568,738,right
19.111,-601,697,right
19.213,-602,697,right
19.312,-617,669,right
19.425,-612,584,right
19.563,-636,488,right
19.720,-422,992,right
19.818,-240,1437,right
19.906,-145,1561,right
20.024,-144,1570,right
21.872,-306,1601,right
21.972,-299,1613,right
22.051,-293,1702,right
22.150,-518,1657,right
22.710,-421,1794,right
22.809,-366,1818,right
23.869,-246,1689,right
23.964,-251,1708,right
24.068,-252,1746,right
24.160,-256,1778,right
24.261,-199,1929,right
24.373,-262,1930,right
25.797,-256,1554,right
25.906,-283,1546,right
25.985,-417,1522,right
26.103,-461,1515,right
26.204,-485,1512,right
26.277,-479,1527,right
26.381,-432,1597,right
26.501,-439,1576,right
26.599,-423,1543,right
26.712,-425,1549,right
26.774,-425,1550,right
26.890,-427,1555,right
26.976,-427,1555,right
27.079,-427,1555,right
27.179,-425,1557,right
27.282,-425,1558,right
27.957,-248,1677,right
28.049,-239,1678,right
28.397,-414,1739,right
28.500,-508,1764,right
28.618,-570,1835,right
28.713,-554,1843,right
28.783,-510,1904,right
28.895,-541,1891,right
29.237,-543,1489,right
29.353,-569,1531,right
29.445,-570,1531,right
29.554,-577,1529,right
29.708,-562,1482,right
29.859,-451,1393,right
29.962,-434,1391,right
30.052,-433,1391,right
30.502,-281,1367,right
30.605,-212,1380,right
30.692,-185,1382,right
30.815,-158,1389,right
30.915,-127,1417,right
31.032,-203,1285,right
31.139,-287,1086,right
31.259,-375,1046,right
31.363,-402,1036,right
31.457,-412,1050,right
31.687,-290,1127,right
31.799,-320,1062,right
31.914,-450,934,right
32.022,-554,878,right
32.112,-577,875,right
32.222,-623,796,right
32.783,-604,677,right
32.880,-604,677,right
33.684,-620,1275,right
33.792,-497,1523,right
33.873,-372,1600,right
33.976,-459,1662,right
34.084,-388,1913,right
34.193,-412,1890,right
34.298,-387,1893,right
34.429,-384,1898,right
34.516,-378,1918,right
34.659,-429,1930,right
34.823,-450,1941,right
34.931,-472,1943,right
35.339,-534,1345,right
35.478,-634,1230,right
35.589,-645,1240,right
35.689,-661,1183,right
36.050,-420,1477,right
36.148,-298,1658,right
36.235,-191,1765,right
36.342,-149,1751,right
36.453,-48,1681,right
36.564,-66,1612,right
36.710,-34,1490,right
36.824,-31,1484,right
36.941,-30,1479,right
37.031,-37,1439,right
37.167,-87,1248,right
37.273,-166,1183,right
37.354,-263,1156,right
37.472,-382,1148,right
37.566,-427,1178,right
37.675,-531,1161,right
37.792,-582,1152,right
37.899,-629,1125,right
37.999,-654,1054,right
38.108,-668,1018,right
38.319,-470,1752,right
38.410,-481,1752,right
38.509,-486,1808,right
38.617,-494,1813,right
38.733,-504,1812,right
38.843,-545,1791,right
39.591,-1083,874,left
39.669,-1083,873,left
39.819,-550,1344,right
39.934,-597,1310,right
40.034,-545,1132,right
40.181,-603,1077,right
40.263,-633,1057,right
40.405,-668,1060,right
40.481,-668,1061,right
40.594,-670,1061,right
40.786,-322,1653,right
40.905,-257,1698,right
41.000,-157,1761,right
41.124,-228,1756,right
41.474,-486,1899,right
41.587,-631,1823,right
41.934,-105,1653,right
42.040,-105,1652,right
42.134,-122,1639,right
42.261,-404,1408,right
42.340,-506,1325,right
42.444,-584,1214,right
42.516,-589,1084,right
42.643,-641,981,right
42.706,-658,948,right
42.840,-693,881,right
43.311,-197,1456,right
43.423,-157,1480,right
43.548,-120,1456,right
43.681,-121,1449,right
44.630,-264,1661,right
44.760,-263,1661,right
44.860,-292,1683,right
44.977,-484,1611,right
45.088,-467,1604,right
45.189,-472,1584,right
45.274,-462,1365,right
45.386,-523,1285,right
45.471,-540,1232,right
45.590,-638,1059,right
45.674,-670,1029,right
45.800,-742,952,right
45.898,-755,940,right
46.030,-773,922,right
46.392,-304,1443,right
46.486,-256,1575,right
46.580,-231,1962,right
46.731,-358,1895,right
46.779,-358,1897,right
46.923,-449,1894,right
47.051,-525,1706,right
47.175,-664,1477,right
47.249,-673,1396,right
47.360,-703,1304,right
47.453,-703,1187,right
47.562,-752,1072,right
47.650,-731,1028,right
47.772,-791,939,right
47.868,-807,840,right
47.968,-813,825,right
48.072,-784,868,right
48.162,-732,974,right
48.289,-532,1525,right
48.386,-443,1723,right
48.480,-374,1936,right
48.615,-543,1935,right
48.708,-706,1849,right
48.837,-809,1668,right
48.930,-809,1633,right
49.042,-807,1625,right
49.157,-774,1535,right
49.267,-766,1487,right
49.375,-750,1397,right
49.487,-811,1122,right
49.593,-773,1009,right
49.694,-767,919,right
49.806,-683,889,right
49.909,-669,904,right
50.022,-549,1013,right
50.134,-471,1120,right
50.248,-327,1405,right
50.376,-328,1409,right
50.496,-298,1516,right
50.640,-288,1582,right
50.742,-214,1679,right
50.874,-213,1688,right
51.307,-765,899,right
51.405,-762,901,right
51.523,-463,1461,right
51.624,-277,1711,right
51.713,-197,1732,right
51.826,-222,1752,right
53.318,-571,999,right
53.400,-577,1031,right
53.495,-597,1023,right
53.591,-642,948,right
53.683,-646,940,right
53.775,-645,941,right
53.924,-303,1444,right
54.040,-334,1516,right
54.126,-304,1561,right
54.245,-296,1564,right
55.062,-384,1524,right
55.136,-386,1526,right
55.254,-510,1258,right
55.333,-519,1133,right
55.420,-511,1015,right
55.550,-511,1019,right
55.708,-311,1339,right
55.799,-300,1375,right
55.937,-160,1533,right
56.024,-160,1546,right
57.022,-703,1310,right
57.057,-703,1309,right
57.196,-672,1175,right
57.296,-656,1180,right
57.385,-621,1241,right
57.488,-623,1255,right
57.573,-609,1263,right
57.676,-609,1263,right
57.963,-550,1579,right
58.069,-560,1592,right
58.159,-569,1667,right
58.273,-574,1675,right
58.390,-561,1708,right
58.488,-553,1718,right
58.600,-406,1777,right
58.713,-411,1784,right
58.828,-373,1742,right
58.945,-404,1524,right
59.035,-373,1445,right
59.140,-372,1446,right
59.261,-373,1444,right
59.368,-416,1308,right
60.200,-566,1252,right
60.292,-571,1264,right
60.408,-500,1576,right
60.504,-489,1554,right
60.622,-495,1523,right
60.720,-530,1403,right
60.836,-569,1401,right
60.945,-577,1423,right
61.320,-557,1751,right
61.417,-559,1768,right
61.494,-558,1845,right
61.613,-592,1794,right
62.056,-674,1549,right
62.152,-662,1562,right
62.257,-668,1556,right
62.367,-645,1515,right
62.738,-1052,912,right
62.848,-1045,952,right
62.970,-816,1052,right
63.054,-799,1062,right
63.156,-777,1055,right
63.247,-787,1034,right
63.346,-755,1019,right
63.454,-719,971,right
63.526,-685,856,right
63.644,-732,766,right
63.724,-670,732,right
63.855,-683,684,right
63.937,-671,655,right
64.075,-719,539,right
64.199,-641,551,right
64.304,-608,653,right
64.395,-367,1372,right
64.514,-374,1374,right
64.611,-363,1538,right
64.735,-437,1584,right
64.872,-420,1613,right
65.009,-426,1604,right
65.181,-460,1521,right
65.276,-512,1440,right
65.400,-520,1205,right
65.500,-548,1165,right
65.610,-548,1093,right
65.701,-585,971,right
65.826,-583,820,right
65.936,-601,756,right
66.044,-610,758,right
66.146,-621,756,right
66.530,-477,1301,right
66.618,-463,1419,right
66.747,-398,1502,right
66.856,-371,1513,right
66.976,-205,1518,right
67.078,-305,1325,right
67.411,-563,632,right
67.537,-565,631,right
67.629,-562,673,right
67.746,-566,675,right
68.443,-375,1298,right
68.560,-568,1266,right
68.661,-560,1280,right
68.767,-562,1284,right
68.912,-323,1321,right
69.040,-163,1435,right
69.130,-149,1447,right
69.247,-220,1427,right
69.380,-274,1374,right
69.476,-311,1346,right
69.569,-353,1187,right
69.709,-468,938,right
69.820,-589,726,right
69.943,-590,732,right
70.038,-579,727,right
70.160,-578,728,right
70.519,-148,1361,right
70.621,-144,1368,right
70.729,-96,1538,right
70.841,-99,1539,right
71.731,-366,1285,right
71.843,-407,1266,right
71.933,-453,1139,right
72.033,-566,1024,right
72.128,-588,1009,right
72.234,-618,873,right
73.545,-341,1619,right
73.691,-372,1657,right
73.748,-372,1656,right
73.864,-383,1656,right
74.242,-206,1655,right
74.349,-222,1605,right
75.084,-1087,966,left
75.231,-1105,954,left
75.440,-661,1323,right
75.551,-728,1274,right
75.646,-728,1255,right
75.750,-760,1178,right
75.844,-762,1103,right
75.956,-765,1085,right
76.040,-757,1069,right
76.140,-898,749,right
76.643,-379,1093,right
76.770,-394,1061,right
76.875,-425,1000,right
76.979,-454,979,right
77.076,-458,977,right
77.179,-499,966,right
77.289,-592,752,right
77.409,-641,689,right
77.541,-224,1223,right
77.623,-130,1509,right
77.722,-96,1789,right
77.827,-62,1761,right
79.164,-213,1221,right
79.268,-214,1225,right
79.368,-383,1030,right
79.454,-528,924,right
79.567,-522,952,right
79.672,-524,958,right
79.769,-549,942,right
79.895,-586,927,right
79.997,-579,949,right
80.085,-538,1025,right
80.188,-385,1229,right
80.292,-378,1247,right
80.399,-210,1590,right
80.521,-221,1603,right
81.099,-633,1558,right
81.184,-598,1585,right
81.283,-455,1380,right
81.400,-537,956,right
81.478,-555,918,right
81.595,-600,916,right
81.689,-606,924,right
81.776,-545,1048,right
81.878,-439,1485,right
81.983,-456,1535,right
82.092,-421,1748,right
82.196,-358,1755,right
82.299,-292,1786,right
82.427,-333,1740,right
83.198,-0,1890,right
83.303,-40,1854,right
83.405,-72,1792,right
83.510,-416,1665,right
83.631,-370,1306,right
83.761,-416,1297,right
83.830,-464,1255,right
83.964,-574,1227,right
84.054,-634,1183,right
84.174,-690,1130,right
84.264,-715,1124,right
84.396,-806,1080,right
84.466,-807,1079,right
84.591,-818,1068,right
84.684,-781,1074,right
84.796,-781,1075,right
85.794,-449,1214,right
85.885,-423,1306,right
85.969,-391,1426,right
86.079,-393,1446,right
86.184,-347,1586,right
86.292,-402,1593,right
86.433,-428,1657,right
86.482,-450,1600,right
86.663,-413,1694,right
86.787,-445,1734,right
86.881,-525,1747,right
86.996,-607,1668,right
87.098,-633,1614,right
87.210,-683,1591,right
87.308,-701,1550,right
87.416,-738,1492,right
87.537,-733,1422,right
87.652,-722,1416,right
87.870,-455,1308,right
87.974,-436,1294,right
88.070,-425,1270,right
88.176,-443,1179,right
88.593,-754,766,right
88.676,-750,769,right
88.770,-683,843,right
88.871,-682,849,right
89.759,-375,1148,right
89.850,-354,1207,right
89.961,-319,1436,right
90.057,-313,1515,right
90.167,-349,1613,right
90.280,-393,1631,right
90.391,-399,1726,right
90.517,-403,1741,right
90.690,-655,1565,right
90.731,-810,1457,right
90.958,-716,1571,right
91.071,-756,1508,right
91.539,-578,1506,right
91.643,-584,1506,right
91.747,-555,1316,right
91.863,-580,1121,right
91.952,-608,1010,right
92.073,-648,905,right
92.166,-641,835,right
92.285,-676,728,right
92.393,-699,641,right
92.514,-705,603,right
92.837,-661,1392,right
92.942,-671,1359,right
93.036,-741,1609,right
93.141,-785,1461,right
93.239,-752,1401,right
93.366,-749,1405,right
93.509,-392,1437,right
93.629,-364,1221,right
93.731,-313,1123,right
93.853,-337,1029,right
93.986,-330,971,right
94.090,-319,968,right
94.183,-271,867,right
94.312,-288,0,right
94.667,-194,997,right
94.762,-210,977,right
94.877,-235,873,right
94.993,-269,767,right
95.098,-266,754,right
95.224,-281,728,right
95.344,-299,750,right
95.463,-385,731,right
95.587,-603,910,right
95.733,-761,821,right
95.825,-740,876,right
95.917,-715,917,right
96.007,-374,1435,right
96.135,-203,1675,right
96.231,-195,1728,right
96.365,-453,1807,right
96.480,-516,1913,right
96.611,-526,1919,right
96.731,-527,1915,right
96.866,-594,1887,right
96.964,-654,1887,right
97.085,-750,1820,right
97.340,-154,1489,right
97.454,-141,1489,right
97.561,-162,1503,right
97.688,-279,1404,right
97.856,-384,1336,right
97.909,-398,1334,right
98.084,-484,1057,right
98.197,-507,1004,right
98.294,-502,1005,right
98.411,-504,1042,right
98.559,-180,1872,right
98.670,-135,1935,right
98.766,-128,1943,right
98.899,-366,1944,right
99.372,-512,1827,right
99.484,-588,1726,right
99.572,-609,1694,right
99.690,-607,1696,right
99.911,-90,1951,right
100.032,-80,1964,right
100.167,-245,1878,right
100.286,-297,1811,right
100.377,-328,1739,right
100.500,-463,1486,right
100.607,-515,1302,right
100.740,-494,1164,right
100.807,-491,1150,right
100.961,-496,1153,right
101.783,-287,1867,right
101.877,-287,1869,right
101.991,-285,1895,right
102.101,-336,1776,right
102.232,-301,2016,right
102.337,-268,2023,right
102.434,-249,1939,right
102.568,-310,1680,right
103.086,-545,894,right
103.205,-531,881,right
103.296,-485,758,right
103.422,-483,733,right
104.219,-27,1553,right
104.313,-36,1563,right
104.455,-68,1668,right
104.547,-32,1783,right
105.496,-350,1572,right
105.605,-310,1598,right
105.700,-190,1585,right
105.827,-163,1599,right
107.116,-18,1835,right
107.225,-108,1774,right
107.333,-199,1688,right
107.403,-309,1485,right
107.549,-349,1348,right
107.689,-359,1292,right
107.764,-409,1257,right
107.946,-415,1226,right
108.024,-413,1220,right
108.164,-414,1222,right
108.277,-414,1222,right
108.393,-414,1224,right
108.491,-414,1224,right
108.599,-415,1227,right
109.658,-354,1303,right
109.752,-381,1290,right
109.857,-391,1247,right
109.962,-403,1259,right
110.053,-425,1266,right
110.174,-432,1264,right
110.244,-435,1263,right
110.367,-462,1265,right
110.462,-461,1267,right
110.575,-463,1272,right
110.664,-476,1283,right
110.773,-485,1290,right
110.865,-492,1296,right
110.983,-498,1307,right
111.087,-502,1314,right
111.199,-495,1332,right
111.327,-438,1528,right
111.439,-588,1520,right
111.546,-593,1696,right
111.660,-592,1696,right
111.765,-591,1696,right
111.887,-605,1704,right
112.006,-618,1725,right
112.111,-625,1613,right
112.354,-314,1923,right
112.449,-311,1922,right
112.542,-273,1930,right
112.638,-292,1861,right
113.647,-1086,780,left
113.726,-1086,780,left
113.914,-644,1414,right
114.015,-590,1492,right
114.099,-511,1555,right
114.193,-566,1582,right
114.292,-564,1590,right
114.416,-578,1607,right
114.526,-551,1599,right
114.620,-555,1586,right
114.723,-551,1580,right
114.830,-551,1579,right
114.929,-523,1554,right
115.056,-578,1558,right
115.140,-655,1577,right
115.260,-715,1564,right
115.353,-741,1647,right
115.484,-759,1602,right
115.558,-737,1475,right
115.692,-751,1423,right
115.771,-743,1363,right
115.878,-796,1243,right
116.268,-778,903,right
116.371,-831,921,right
116.464,-900,1111,right
116.582,-883,1055,right
116.690,-861,1014,right
116.810,-879,1033,right
116.996,-883,1073,right
117.080,-809,1075,right
117.177,-810,1020,right
117.309,-830,1000,right
117.419,-857,901,right
117.529,-861,897,right
117.633,-871,710,right
117.669,-1039,148,right
117.872,-648,742,right
117.992,-648,788,right
118.107,-640,788,right
118.211,-622,787,right
118.296,-597,782,right
118.449,-1013,0,right
119.083,-346,1073,right
119.167,-345,1074,right
119.269,-286,1083,right
119.361,-418,1188,right
119.490,-314,1295,right
119.777,-334,1574,right
119.869,-195,1579,right
119.985,-157,1339,right
120.064,-89,1229,right
120.210,-134,1204,right
120.306,-165,1135,right
120.446,-254,1138,right
120.543,-284,1129,right
120.665,-351,1090,right
120.761,-380,1087,right
120.870,-428,1004,right
120.970,-448,927,right
121.068,-450,923,right
121.167,-448,949,right
121.272,-543,880,right
121.354,-657,752,right
121.491,-795,585,right
121.561,-792,581,right
121.674,-792,583,right
121.770,-402,1245,right
121.865,-255,1507,right
121.958,-128,1557,right
122.077,-136,1568,right
122.169,-142,1572,right
122.299,-166,1629,right
122.407,-136,1713,right
122.533,-123,1712,right
122.695,-35,1747,right
122.824,-34,1749,right
123.146,-240,1613,right
123.252,-263,1580,right
123.358,-269,1638,right
123.454,-289,1615,right
123.573,-411,915,right
123.712,-679,633,right
123.768,-678,634,right
123.900,-728,690,right
124.013,-574,1158,right
124.127,-431,1643,right
124.228,-383,1796,right
124.349,-483,1802,right
124.464,-533,1823,right
124.592,-539,1826,right
124.689,-526,1911,right
124.822,-645,1830,right
124.930,-632,1788,right
125.053,-665,1785,right
125.187,-641,1723,right
125.283,-649,1666,right
125.409,-622,1569,right
125.515,-640,1457,right
125.638,-612,1247,right
125.758,-610,1182,right
125.825,-617,1065,right
125.925,-635,1112,right
126.008,-641,1116,right
126.118,-641,1116,right
126.207,-640,1125,right
126.328,-641,1136,right
126.478,-386,1786,right
126.585,-364,1851,right
126.699,-297,1866,right
126.824,-306,1864,right
126.972,-271,1767,right
127.082,-269,1770,right
127.196,-229,1832,right
127.308,-224,1831,right
127.459,-0,2047,right
127.581,-151,1947,right
127.817,-462,1263,right
127.950,-538,1205,right
128.044,-605,1101,right
128.160,-610,1100,right
128.246,-609,1085,right
128.379,-630,1058,right
128.472,-624,1057,right
128.602,-627,1070,right
128.976,-669,1058,right
129.085,-707,995,right
129.377,-486,1487,right
129.496,-561,1404,right
129.598,-564,1371,right
129.725,-631,1192,right
129.816,-651,1089,right
129.932,-636,1113,right
130.014,-633,1134,right
130.112,-633,1140,right
130.222,-632,1172,right
130.307,-632,1174,right
130.444,-273,1636,right
130.569,-251,1660,right
130.679,-152,1820,right
130.796,-34,2006,right
131.951,-304,1447,right
132.064,-302,1450,right
133.706,-438,1782,right
133.806,-442,1789,right
133.925,-330,1736,right
134.041,-324,1731,right
134.121,-278,1786,right
134.234,-273,1837,right
134.854,-345,1530,right
134.952,-343,1552,right
135.065,-346,1548,right
135.161,-339,1344,right
135.277,-315,1280,right
135.381,-358,1193,right
135.501,-351,1179,right
135.611,-351,1177,right
135.731,-360,1135,right
135.847,-428,1005,right
135.946,-439,1005,right
136.061,-533,931,right
136.165,-624,834,right
136.290,-679,782,right
136.403,-699,790,right
136.473,-698,789,right
136.607,-343,1434,right
136.709,-355,1621,right
136.807,-374,1777,right
136.921,-376,1766,right
138.496,-508,647,right
138.630,-555,643,right
138.737,-632,660,right
138.838,-662,656,right
138.938,-690,681,right
139.025,-702,634,right
139.116,-700,627,right
139.208,-697,627,right
139.298,-671,637,right
139.399,-672,635,right
139.488,-656,622,right
139.600,-660,602,right
139.855,-297,1143,right
139.950,-308,1183,right
140.059,-281,1361,right
140.168,-290,1379,right
141.488,-403,1173,right
141.583,-416,1178,right
141.681,-368,1200,right
141.812,-408,1138,right
142.059,-461,1051,right
142.168,-487,1007,right
142.272,-527,941,right
142.392,-525,822,right
142.496,-512,806,right
142.605,-511,806,right
142.813,-415,895,right
142.954,-386,1119,right
143.081,-410,1164,right
143.178,-407,1156,right
143.766,-316,1360,right
143.829,-316,1361,right
143.997,-316,1362,right
144.075,-322,1347,right
145.166,-981,1865,left
145.265,-980,1865,left
147.102,-589,1164,right
147.181,-599,1211,right
147.285,-653,1242,right
147.407,-723,1241,right
147.476,-733,1147,right
147.605,-841,904,right
148.112,-747,1481,right
148.200,-742,1484,right
148.305,-695,1514,right
148.384,-655,1499,right
148.953,-602,1348,right
149.071,-600,1348,right
149.165,-605,1344,right
149.266,-750,1198,right
149.906,-298,1337,right
150.020,-401,1388,right
150.118,-445,1371,right
150.230,-513,1235,right
150.330,-542,1217,right
150.439,-555,1174,right
150.549,-569,1292,right
150.666,-590,1289,right
150.794,-591,1289,right
150.915,-590,1288,right
151.089,-430,1540,right
151.190,-424,1560,right
151.284,-433,1626,right
151.410,-464,1557,right
151.606,-468,1555,right
151.657,-468,1555,right
151.836,-414,1664,right
151.943,-413,1664,right
152.086,-360,1639,right
152.198,-332,1612,right
152.332,-316,1614,right
152.452,-315,1613,right
152.605,-315,1613,right
152.706,-315,1613,right
152.827,-341,1507,right
152.947,-363,1359,right
153.051,-388,1372,right
153.158,-473,1253,right
153.536,-750,874,right
153.645,-788,927,right
153.762,-782,1231,right
153.853,-779,1231,right
154.138,-593,1281,right
154.248,-594,1267,right
154.393,-567,1300,right
154.494,-566,1302,right
154.632,-558,1491,right
154.732,-524,1539,right
154.831,-472,1704,right
154.947,-470,1704,right
155.061,-443,1733,right
155.182,-434,1727,right
155.289,-419,1743,right
155.406,-419,1743,right
155.623,-399,1641,right
155.756,-406,1527,right
155.862,-490,1377,right
155.968,-583,1214,right
156.074,-591,1219,right
156.186,-609,1214,right
156.747,-851,923,right
156.834,-850,922,right
156.949,-862,872,right
157.050,-864,877,right
157.518,-694,1054,right
157.615,-707,970,right
157.715,-694,932,right
157.817,-708,876,right
157.906,-705,815,right
158.005,-715,706,right
158.112,-740,644,right
158.213,-801,529,right
158.472,-342,1297,right
158.572,-352,1309,right
159.723,-535,1399,right
159.797,-534,1398,right
159.907,-479,1395,right
160.009,-482,1370,right
160.115,-519,1253,right
160.222,-516,1174,right
160.294,-526,1133,right
160.410,-580,1074,right
160.500,-608,1059,right
160.609,-660,923,right
160.701,-691,713,right
160.842,-710,617,right
160.934,-708,627,right
161.059,-710,638,right
161.290,-323,1332,right
161.390,-317,1377,right
161.508,-246,1569,right
161.643,-249,1574,right
162.111,-75,1504,right
162.221,-176,1399,right
162.339,-298,1301,right
162.428,-323,1155,right
162.529,-296,1104,right
162.646,-385,930,right
162.754,-548,815,right
162.867,-620,738,right
162.956,-662,681,right
163.072,-697,570,right
163.270,-264,1248,right
163.378,-222,1379,right
163.470,-263,1531,right
163.577,-279,1628,right
164.705,-532,1573,right
164.760,-527,1573,right
164.865,-473,1637,right
164.954,-475,1641,right
165.066,-466,1669,right
165.176,-460,1641,right
165.267,-508,1519,right
165.396,-550,1403,right
165.490,-552,1379,right
165.605,-523,1301,right
165.705,-478,1239,right
165.832,-487,1094,right
165.916,-537,977,right
166.044,-610,801,right
166.139,-633,750,right
166.258,-650,734,right
166.365,-674,704,right
166.474,-680,698,right
166.582,-692,710,right
166.701,-698,714,right
166.876,-289,1255,right
166.979,-295,1231,right
167.076,-198,1245,right
167.193,-196,1259,right
167.592,-592,793,right
167.714,-624,749,right
167.814,-591,782,right
167.900,-543,845,right
168.036,-340,1347,right
168.144,-303,1556,right
168.249,-170,2047,right
168.373,-122,1970,right
168.991,-447,1304,right
169.099,-545,1258,right
169.183,-608,1110,right
169.312,-653,1076,right
169.421,-668,1077,right
169.516,-668,1077,right
169.617,-647,1112,right
169.730,-644,1112,right
169.827,-629,1096,right
169.949,-619,1100,right
170.088,-544,1177,right
170.173,-518,1218,right
170.329,-287,1606,right
170.441,-346,1650,right
171.319,-538,1936,right
171.368,-571,1907,right
171.764,-831,1243,right
171.846,-819,1240,right
171.949,-803,1181,right
172.039,-757,1124,right
172.138,-687,1076,right
172.239,-685,1075,right
172.320,-681,1028,right
172.438,-716,910,right
172.526,-701,933,right
172.670,-740,962,right
172.774,-748,966,right
172.871,-748,969,right
173.844,-309,1591,right
173.932,-309,1591,right
174.037,-317,1586,right
174.133,-332,1590,right
174.260,-384,1598,right
174.377,-438,1597,right
174.491,-412,1281,right
174.601,-355,1165,right
174.710,-295,987,right
174.809,-259,923,right
174.898,-246,896,right
175.002,-271,774,right
175.091,-257,645,right
175.198,-284,171,right
176.458,-753,1382,right
176.563,-757,1398,right
176.657,-761,1386,right
176.802,-769,1356,right
177.588,-532,597,right
177.692,-553,594,right
177.782,-549,582,right
177.881,-549,580,right
177.975,-540,568,right
178.105,-538,567,right
178.160,-537,570,right
178.304,-536,569,right
178.391,-536,569,right
178.503,-539,564,right
178.605,-548,554,right
178.712,-546,554,right
178.817,-545,553,right
178.945,-545,553,right
179.029,-545,553,right
179.153,-545,553,right
179.260,-545,553,right
179.395,-545,553,right
181.202,-86,138,right
181.308,-230,284,right
181.409,-245,148,right
181.544,-201,0,right
182.529,-712,610,right
182.625,-711,612,right
182.729,-710,630,right
182.844,-706,631,right
182.938,-680,635,right
183.080,-680,635,right
184.220,-576,690,right
184.320,-576,690,right
185.321,-443,588,right
185.440,-457,574,right
185.960,-804,1006,right
186.054,-795,1020,right
186.160,-774,1041,right
186.262,-774,1035,right
186.353,-774,1035,right
186.457,-774,1035,right
186.546,-774,1035,right
186.648,-774,1035,right
186.738,-774,1035,right
186.862,-773,1034,right
186.937,-773,1033,right
187.057,-772,1027,right
187.147,-772,1027,right
187.270,-773,1029,right
187.350,-773,1029,right
187.475,-773,1029,right
187.572,-781,984,right
187.686,-842,852,right
188.867,-705,990,right
188.965,-680,961,right
189.069,-689,970,right
189.166,-680,938,right
189.282,-676,931,right
189.378,-652,919,right
189.474,-649,911,right
189.582,-651,906,right
189.674,-652,905,right
189.788,-733,841,right
189.881,-771,823,right
189.992,-780,808,right
190.082,-786,807,right
190.199,-792,807,right
190.295,-799,809,right
190.415,-801,801,right
191.425,-1084,799,left
191.539,-1086,793,left
191.700,-981,793,right
191.800,-966,785,right
191.884,-977,716,right
192.008,-1000,638,right
192.100,-1019,635,right
192.220,-1146,494,right
192.685,-507,1254,right
192.786,-478,1173,right
192.855,-521,1157,right
192.995,-613,1151,right
193.050,-639,1151,right
193.173,-715,1152,right
193.589,-887,1044,right
193.710,-898,1050,right
193.817,-969,1047,right
193.927,-1279,869,right
194.363,-785,781,right
194.451,-751,767,right
194.542,-637,618,right
194.662,-747,644,right
194.781,-845,858,right
194.889,-813,717,right
194.960,-720,539,right
195.076,-741,459,right
195.210,-657,414,right
195.310,-617,409,right
195.376,-620,396,right
195.493,-752,345,right
195.554,-782,419,right
195.681,-984,536,right
195.749,-976,735,right
195.887,-986,878,right
195.981,-958,937,right
196.085,-926,909,right
196.145,-886,887,right
196.286,-853,857,right
196.351,-849,849,right
196.478,-850,834,right
196.538,-843,821,right
196.650,-860,828,right
196.712,-842,806,right
196.840,-839,798,right
196.899,-821,792,right
197.023,-831,814,right
197.123,-767,891,right
197.228,-726,934,right
197.885,-505,728,right
197.999,-513,711,right
198.091,-507,738,right
198.206,-509,742,right
198.289,-522,741,right
198.386,-525,742,right
198.480,-490,743,right
198.586,-498,700,right
198.672,-516,526,right
198.706,-465,529,right
198.801,-381,604,right
198.910,-383,600,right
198.991,-387,622,right
199.118,-392,616,right
199.191,-402,619,right
199.314,-420,596,right
199.396,-419,594,right
199.500,-418,595,right
199.592,-394,617,right
199.711,-395,622,right
199.775,-396,627,right
199.907,-420,643,right
199.969,-418,656,right
200.096,-420,656,right
200.168,-421,656,right
200.281,-434,665,right
200.366,-440,666,right
200.466,-448,676,right
200.572,-498,863,right
200.685,-523,893,right
200.822,-536,1051,right
200.909,-539,1083,right
200.996,-537,1297,right
201.101,-528,1264,right
201.204,-517,1276,right
201.306,-526,1289,right
201.405,-497,1276,right
201.530,-490,1263,right
201.655,-483,1258,right
201.768,-483,1257,right
201.896,-474,1326,right
202.035,-591,1640,right
202.108,-563,1679,right
202.245,-594,1771,right
202.645,-867,1234,right
202.789,-896,1248,right
202.904,-901,1260,right
203.059,-1165,1548,right
203.646,-591,1431,right
203.761,-596,1454,right
203.876,-596,1454,right
203.978,-595,1454,right
204.716,-1064,1924,left
204.825,-1065,1924,left
209.779,-1121,1914,left
209.874,-1118,1917,left
210.978,-277,1450,right
211.063,-256,1436,right
211.148,-181,1379,right
211.260,-181,1314,right
211.348,-173,1292,right
211.465,-172,1281,right
211.596,-64,1316,right
211.686,-120,1308,right
211.962,-529,898,right
212.049,-533,903,right
212.155,-471,791,right
212.253,-482,715,right
212.354,-489,714,right
212.453,-518,645,right
212.987,-534,997,right
213.093,-561,962,right
213.200,-576,916,right
213.302,-591,889,right
213.427,-596,837,right
213.518,-614,797,right
213.656,-248,998,right
213.766,-218,984,right
213.914,-378,931,right
214.196,-691,1205,right
214.300,-683,1161,right
214.412,-695,1054,right
214.496,-726,932,right
214.603,-797,816,right
214.709,-843,659,right
214.827,-920,522,right
214.903,-944,494,right
215.025,-991,437,right
215.091,-993,429,right
215.220,-1033,434,right
215.314,-1029,439,right
215.415,-1032,455,right
215.566,-623,1334,right
215.672,-632,1416,right
215.772,-645,1428,right
215.902,-711,1379,right
216.857,-226,967,right
216.946,-296,843,right
217.052,-333,810,right
217.136,-353,791,right
217.234,-345,798,right
217.330,-385,730,right
217.443,-434,619,right
217.567,-462,560,right
217.649,-470,534,right
217.769,-461,534,right
217.877,-324,948,right
217.979,-193,1115,right
218.082,-0,1346,right
218.192,-28,1600,right
218.770,-112,1461,right
218.892,-112,1465,right
218.989,-115,1475,right
219.110,-117,1486,right
219.963,-211,1659,right
220.069,-217,1661,right
220.320,-398,1201,right
220.405,-445,1200,right
220.523,-494,1201,right
220.626,-494,1199,right
220.743,-502,1128,right
220.868,-648,980,right
220.975,-662,1013,right
221.067,-667,1012,right
221.189,-774,898,right
221.358,-862,688,right
221.436,-910,688,right
221.546,-950,605,right
221.692,-625,986,right
221.812,-430,1237,right
221.900,-397,1583,right
222.020,-520,1498,right
222.117,-590,1478,right
222.223,-961,1470,right
222.309,-964,1245,right
222.422,-974,1222,right
222.521,-836,1350,right
222.640,-841,1370,right
222.739,-790,1476,right
222.846,-751,1540,right
222.951,-533,1718,right
223.074,-493,1745,right
223.147,-397,1765,right
223.278,-396,1772,right
223.356,-358,1779,right
223.480,-357,1784,right
223.586,-257,1809,right
223.715,-238,1812,right
223.808,-134,1834,right
223.937,-67,1897,right
224.285,-113,1832,right
224.378,-126,1835,right
224.485,-145,2047,right
224.609,-200,2047,right
224.686,-218,2047,right
224.809,-387,1988,right
224.902,-382,1608,right
225.038,-514,1594,right
225.113,-581,1635,right
225.248,-613,1629,right
225.363,-534,1419,right
225.488,-643,580,right
225.580,-658,601,right
225.697,-683,575,right
225.779,-756,483,right
225.909,-929,18,right
226.331,-792,710,right
226.423,-793,705,right
226.539,-693,674,right
226.634,-720,654,right
226.730,-720,649,right
226.837,-725,644,right
226.961,-642,665,right
227.075,-655,619,right
227.161,-637,610,right
227.282,-636,618,right
227.472,-400,1048,right
227.612,-390,1055,right
227.717,-320,987,right
227.835,-297,997,right
227.967,-297,1004,right
228.068,-322,1016,right
228.167,-267,979,right
228.297,-391,917,right
228.388,-491,817,right
228.506,-619,732,right
228.613,-607,712,right
228.730,-613,645,right
228.815,-664,527,right
228.925,-687,510,right
229.028,-714,545,right
229.136,-745,472,right
229.222,-716,398,right
229.314,-717,408,right
229.403,-716,410,right
229.495,-689,471,right
229.591,-257,942,right
229.686,-255,884,right
229.769,-98,932,right
229.900,-95,1004,right
230.003,-65,1097,right
230.149,-228,1300,right
230.240,-185,1370,right
230.361,-190,1378,right
230.508,-0,1512,right
230.622,-188,1445,right
230.706,-231,1445,right
230.828,-321,1392,right
230.917,-275,1412,right
231.032,-276,1412,right
231.106,-265,1394,right
231.256,-242,1392,right
231.346,-239,1390,right
231.444,-239,1390,right
231.521,-239,1390,right
231.625,-239,1390,right
231.727,-229,1416,right
231.836,-232,1423,right
233.879,-1259,1307,left
233.992,-1260,1307,left
235.578,-366,1021,right
235.695,-366,1020,right
235.942,-366,1008,right
236.051,-365,1007,right
237.281,-366,1331,right
237.389,-366,1331,right
242.144,-1043,303,left
242.220,-1042,303,left
243.053,-1077,467,left
243.155,-1077,466,left
243.791,-1020,220,left
243.867,-1021,220,left
244.919,-174,1166,right
245.053,-174,1165,right
247.630,-1084,1909,right
247.753,-1087,1909,right
247.902,-1101,1906,right
248.031,-1114,1898,right
248.129,-1114,1894,right
248.224,-1114,1894,right
248.740,-1113,1892,left
248.832,-1113,1892,left
250.319,-996,1880,left
250.407,-995,1880,left
252.633,-1110,1918,left
252.724,-1110,1918,left
253.884,-408,790,left
254.231,-640,1024,left
259.171,-515,1339,right
259.286,-515,1337,right
259.368,-517,1268,right
259.486,-516,1232,right
259.567,-534,1214,right
259.694,-560,1208,right
259.774,-579,1196,right
259.885,-585,1178,right
259.992,-581,1183,right
260.095,-580,1183,right
260.186,-571,1187,right
260.300,-571,1191,right
260.396,-560,1201,right
260.525,-560,1206,right
260.618,-559,1205,right
260.768,-559,1205,right
264.409,-0,0,right
264.529,-0,0,right
268.295,-447,1366,right
268.382,-444,1364,right
268.475,-411,1352,right
268.558,-409,1350,right
269.629,-839,706,right
269.737,-839,703,right
269.824,-808,699,right
269.926,-807,699,right
270.018,-757,699,right
270.128,-756,701,right
277.267,-698,564,right
277.350,-697,564,right
277.453,-657,654,right
277.564,-607,674,right
277.658,-546,735,right
277.760,-536,735,right
277.852,-491,744,right
277.960,-486,744,right
278.053,-452,808,right
278.172,-449,811,right
278.256,-426,852,right
278.389,-425,855,right
278.490,-426,855,right
278.594,-438,868,right
278.700,-478,912,right
278.816,-481,919,right
278.896,-476,913,right
279.018,-475,913,right
279.126,-469,906,right
279.247,-456,906,right
279.349,-427,883,right
279.485,-425,847,right
279.571,-435,791,right
279.688,-453,698,right
279.772,-454,689,right
279.898,-469,662,right
279.987,-476,636,right
280.100,-478,612,right
280.202,-475,592,right
280.322,-480,558,right
280.434,-479,554,right
280.523,-482,556,right
280.850,-446,682,right
280.942,-445,682,right
281.052,-432,701,right
281.167,-445,598,right
281.260,-454,567,right
281.350,-467,516,right
281.456,-424,633,right
281.566,-416,580,right
281.656,-399,568,right
281.758,-394,530,right
281.850,-385,527,right
281.971,-384,531,right
282.036,-384,531,right
282.170,-479,506,right
282.263,-452,477,right
282.375,-447,471,right
282.443,-425,460,right
282.557,-441,471,right
282.649,-450,467,right
282.767,-516,399,right
282.847,-484,383,right
282.958,-496,396,right
283.043,-479,413,right
283.152,-471,425,right
283.234,-429,524,right
283.345,-448,556,right
283.428,-430,894,right
283.536,-586,958,right
283.625,-683,1117,right
283.732,-738,1177,right
283.805,-793,1408,right
283.919,-890,1430,right
283.995,-895,1429,right
284.110,-926,1453,right
284.200,-939,1462,right
284.311,-941,1470,right
284.397,-930,1593,right
284.523,-889,1594,right
284.602,-830,1647,right
284.711,-848,1656,right
284.801,-838,1766,right
284.910,-855,1799,right
285.088,-731,2047,right
285.259,-760,1771,right
285.366,-737,1658,right
285.467,-766,1645,right
285.660,-794,598,right
285.781,-832,525,right
285.848,-840,825,right
285.950,-924,712,right
286.032,-863,1096,right
286.154,-795,1694,right
286.232,-705,1668,right
286.339,-791,1735,right
286.431,-732,1749,right
286.523,-763,1685,right
286.595,-797,1421,right
286.710,-897,1227,right
286.791,-872,1219,right
286.899,-877,1190,right
286.979,-893,1184,right
287.091,-855,1204,right
287.186,-849,1218,right
287.296,-857,1233,right
289.779,-1245,1358,left
289.860,-1245,1357,left
292.395,-460,333,left
292.475,-459,333,left
293.825,-456,1275,right
293.962,-457,1278,right
295.226,-1229,1976,left
295.326,-1222,1975,left
300.085,-1107,1908,left
300.224,-1106,1908,left
301.306,-994,1882,left
301.410,-996,1883,left
305.147,-590,1001,right
305.235,-589,985,right
305.320,-587,961,right
305.439,-573,917,right
305.529,-572,917,right
305.636,-573,923,right
305.740,-568,943,right
305.846,-566,945,right
305.942,-550,942,right
306.065,-550,934,right
306.169,-555,960,right
306.269,-558,951,right
306.365,-549,956,right
306.457,-549,967,right
306.603,-503,1202,right
306.698,-473,1407,right
306.804,-451,1521,right
306.900,-441,1566,right
306.991,-434,2019,right
307.101,-462,1920,right
307.169,-461,1912,right
307.278,-478,1912,right
307.374,-467,1892,right
307.481,-482,1753,right
307.591,-501,1819,right
307.699,-492,1841,right
307.782,-458,1926,right
307.916,-438,1837,right
308.004,-435,1834,right
308.126,-436,1836,right
308.211,-437,1858,right
308.331,-437,1861,right
308.415,-432,1875,right
308.539,-433,1875,right
311.093,-1096,1040,left
311.187,-1096,1039,left
320.059,-1235,1363,left
320.166,-1236,1364,left
321.198,-460,1273,right
321.293,-459,1273,right
322.348,-988,1934,right
322.462,-987,1935,right
323.038,-985,1940,right
323.165,-985,1940,right
330.904,-434,1111,right
330.987,-433,1110,right
331.077,-437,1085,right
331.151,-438,1077,right
331.256,-438,1077,right
331.333,-434,1074,right
331.568,-613,1545,right
331.664,-677,1538,right
331.759,-658,1525,right
331.873,-640,1505,right
331.980,-624,1486,right
332.074,-619,1460,right
332.192,-527,1361,right
332.303,-487,1116,right
332.380,-491,1094,right
332.501,-499,1060,right
333.357,-433,875,right
333.452,-482,866,right
333.559,-550,867,right
333.647,-571,863,right
333.754,-609,850,right
333.870,-624,818,right
333.968,-633,823,right
334.083,-680,805,right
334.186,-695,717,right
334.296,-831,289,right
334.731,-802,1026,right
334.823,-809,929,right
334.917,-790,842,right
335.013,-792,779,right
335.127,-781,705,right
335.248,-779,692,right
335.460,-880,1174,right
335.561,-857,1144,right
335.658,-849,1092,right
335.770,-857,1051,right
336.110,-757,581,right
336.231,-709,288,right
336.330,-694,265,right
336.452,-578,263,right
336.528,-595,289,right
336.622,-633,444,right
336.716,-626,796,right
336.812,-624,975,right
336.891,-547,1371,right
337.017,-478,1480,right
337.088,-412,1590,right
337.208,-431,1706,right
337.271,-430,1729,right
337.380,-435,1683,right
337.472,-420,1641,right
337.571,-422,1640,right
337.669,-400,1604,right
337.769,-392,1530,right
337.849,-350,1456,right
337.952,-430,1198,right
338.032,-514,989,right
338.132,-747,678,right
338.224,-704,686,right
338.322,-700,665,right
338.422,-630,603,right
338.635,-566,616,right
338.717,-541,639,right
338.821,-537,648,right
338.915,-447,833,right
339.021,-435,863,right
339.102,-420,877,right
339.206,-404,963,right
339.330,-375,1274,right
339.437,-375,1401,right
339.555,-306,1725,right
339.657,-307,1727,right
339.746,-303,1785,right
339.850,-357,1805,right
339.954,-446,1706,right
340.066,-503,1642,right
340.162,-477,1658,right
340.273,-466,1653,right
340.371,-294,1404,right
340.496,-380,1188,right
340.578,-407,1019,right
340.687,-445,921,right
340.797,-485,795,right
340.888,-506,765,right
340.965,-466,696,right
341.091,-510,639,right
341.172,-489,663,right
341.262,-492,673,right
341.379,-413,1059,right
341.489,-562,1281,right
341.584,-661,1531,right
341.699,-683,1522,right
341.775,-736,1719,right
341.899,-800,1680,right
341.986,-759,1688,right
342.117,-769,1700,right
342.214,-764,1622,right
342.327,-805,1253,right
342.421,-778,1203,right
342.528,-807,1159,right
342.639,-818,1152,right
342.749,-834,1166,right
342.854,-808,1186,right
342.954,-817,1119,right
343.044,-642,953,right
343.176,-632,853,right
343.272,-609,778,right
343.374,-521,754,right
343.460,-471,703,right
343.570,-479,686,right
343.672,-447,667,right
343.777,-444,647,right
343.876,-434,646,right
343.980,-428,606,right
344.071,-415,611,right
344.187,-419,611,right
344.287,-418,605,right
344.384,-419,609,right
344.473,-411,701,right
344.574,-474,705,right
344.676,-467,781,right
344.771,-466,778,right
344.853,-412,747,right
344.953,-435,764,right
345.069,-398,959,right
345.165,-357,1098,right
345.251,-261,1495,right
345.344,-295,1588,right
345.425,-273,1621,right
345.539,-308,1677,right
345.597,-307,1712,right
345.717,-345,1790,right
345.800,-326,1789,right
345.925,-358,1768,right
348.982,-1249,1333,left
349.058,-1249,1333,left
350.225,-376,1254,right
350.338,-375,1257,right
355.922,-1099,1908,left
356.012,-1100,1907,left
359.168,-1260,1299,left
359.268,-1261,1299,left
361.007,-1126,2020,right
361.108,-1125,2020,right
361.413,-1139,2005,left
361.510,-1139,2005,left
364.088,-316,1255,right
364.190,-316,1255,right
364.315,-316,1255,right
364.434,-316,1255,right
367.226,-160,1251,right
367.337,-160,1242,right
367.435,-217,1187,right
367.528,-232,1146,right
367.608,-237,1150,right
367.712,-239,1155,right
376.845,-591,1343,right
376.937,-589,1355,right
377.028,-545,1494,right
377.145,-549,1463,right
377.228,-580,1397,right
377.330,-584,1369,right
377.608,-674,1295,left
377.915,-640,1024,left
378.177,-456,1185,right
378.275,-417,1183,right
378.365,-438,1174,right
378.485,-532,1155,right
378.710,-748,1153,right
378.833,-806,1167,right
378.919,-787,1157,right
379.040,-795,1156,right
379.305,-522,1410,right
379.391,-382,1420,right
379.485,-272,1384,right
379.600,-306,1315,right
379.737,-347,1264,right
379.858,-312,1245,right
379.970,-315,1201,right
380.090,-311,1164,right
380.205,-410,1036,right
380.363,-526,994,right
380.455,-533,1049,right
380.565,-533,1046,right
380.660,-526,1050,right
380.790,-525,1063,right
380.890,-520,1092,right
381.027,-515,1093,right
381.349,-342,1320,right
381.459,-277,1369,right
381.544,-167,1276,right
381.653,-77,1198,right
381.727,-3,1094,right
381.850,-16,1083,right
382.786,-1089,793,left
382.878,-1089,793,left
383.121,-188,808,right
383.230,-181,821,right
383.329,-134,635,right
383.472,-95,0,right
383.959,-0,55,right
384.061,-14,72,right
384.159,-67,365,right
384.199,-73,378,right
385.158,-442,642,right
385.257,-443,642,right
385.692,-427,365,right
385.780,-426,365,right
395.084,-316,1015,right
395.174,-323,1049,right
395.262,-340,1142,right
395.365,-339,1121,right
395.461,-341,1143,right
395.575,-358,1161,right
395.671,-398,1252,right
395.769,-419,1259,right
395.862,-480,1398,right
395.960,-558,1364,right
396.047,-587,1359,right
396.133,-696,1145,right
396.222,-779,1094,right
396.322,-885,1065,right
396.413,-914,1011,right
396.510,-917,851,right
396.585,-888,847,right
396.706,-889,854,right
396.875,-667,1104,right
396.979,-571,1154,right
397.063,-400,1382,right
397.179,-349,1436,right
397.267,-317,1547,right
397.387,-292,1591,right
397.493,-191,1673,right
397.615,-177,1680,right
397.993,-51,1719,right
398.098,-77,1712,right
398.392,-130,1443,right
398.489,-137,1432,right
398.627,-92,1479,right
398.738,-79,1484,right
398.828,-64,1476,right
398.952,-67,1456,right
399.200,-92,1274,right
399.318,-94,1250,right
399.806,-232,1592,right
399.917,-236,1600,right
400.013,-301,1746,right
400.138,-315,1696,right
400.260,-308,1695,right
400.355,-303,1700,right
400.908,-196,1547,right
401.004,-191,1564,right
401.118,-178,1539,right
401.248,-155,1422,right
401.667,-266,1141,right
401.765,-267,1142,right
401.885,-285,1351,right
401.996,-289,1349,right
402.097,-318,1379,right
402.205,-343,1381,right
402.312,-360,1405,right
402.422,-380,1403,right
402.544,-406,1325,right
402.667,-497,1132,right
402.759,-545,1098,right
402.866,-634,1045,right
402.959,-687,1034,right
403.071,-777,971,right
403.172,-818,933,right
403.272,-856,920,right
403.371,-907,840,right
403.451,-1279,462,right
403.811,-789,678,right
403.915,-923,632,right
404.030,-905,700,right
404.134,-863,707,right
404.224,-660,985,right
404.322,-467,1126,right
404.409,-200,1253,right
404.505,-157,1315,right
404.603,-33,1429,right
404.711,-13,1459,right
404.812,-0,1484,right
404.924,-31,1471,right
405.074,-313,1345,right
405.133,-344,1288,right
405.254,-323,1255,right
405.353,-313,1213,right
406.683,-166,1177,right
406.783,-275,1046,right
406.875,-340,1011,right
406.991,-398,851,right
407.074,-415,855,right
407.195,-417,864,right
407.382,-315,1039,right
407.497,-292,1102,right
407.594,-321,1348,right
407.695,-305,1349,right
407.798,-236,1368,right
407.914,-229,1368,right
408.040,-188,1429,right
408.146,-184,1430,right
408.268,-184,1440,right
408.380,-190,1452,right
408.502,-167,1499,right
408.611,-72,1554,right
409.024,-272,1513,right
409.139,-269,1514,right
409.253,-264,1522,right
409.369,-266,1524,right
409.481,-265,1577,right
409.590,-261,1581,right
409.693,-207,1543,right
409.820,-228,1269,right
409.923,-233,1256,right
410.035,-233,1256,right
410.156,-236,1212,right
410.275,-241,1154,right
410.357,-248,1134,right
410.486,-273,1092,right
410.700,-244,1392,right
410.808,-243,1388,right
410.929,-135,1156,right
411.037,-124,1175,right
411.135,-129,1280,right
411.260,-297,1155,right
411.365,-331,1129,right
411.470,-337,1127,right
411.578,-340,1128,right
411.691,-354,1135,right
411.794,-374,1295,right
411.911,-368,1304,right
412.004,-325,1430,right
412.120,-316,1435,right
412.236,-282,1478,right
412.363,-281,1436,right
414.230,-177,1443,right
414.334,-176,1443,right
414.520,-17,1532,right
414.580,-19,1528,right
414.727,-76,1503,right
414.829,-0,1618,right
415.264,-324,1468,right
415.392,-367,1419,right
415.493,-377,1393,right
415.604,-385,1363,right
416.277,-340,1517,right
416.359,-346,1543,right
416.466,-370,1558,right
416.558,-405,1502,right
416.672,-406,1480,right
416.789,-439,1432,right
416.919,-440,1418,right
417.032,-462,1355,right
417.184,-475,1321,right
417.230,-475,1321,right
417.402,-332,1469,right
417.509,-334,1474,right
417.630,-336,1416,right
417.728,-330,1410,right
418.336,-175,1441,right
418.449,-174,1443,right
418.558,-177,1457,right
418.659,-178,1462,right
419.459,-398,1644,right
419.625,-507,1603,right
419.713,-500,1592,right
419.823,-499,1591,right
420.069,-492,1576,right
420.204,-491,1576,right
421.551,-383,1937,right
421.621,-382,1937,right
421.728,-247,1955,right
421.847,-158,2046,right
422.834,-187,1348,right
422.942,-407,1539,right
423.035,-423,1574,right
423.145,-423,1575,right
424.904,-799,1916,right
424.994,-750,1899,right
425.082,-573,1950,right
425.178,-626,2025,right
425.920,-791,1472,right
426.024,-824,1512,right
426.114,-851,1566,right
426.220,-915,1576,right
426.313,-910,1591,right
426.421,-913,1603,right
426.515,-917,1625,right
426.620,-942,1650,right
426.721,-925,1678,right
426.822,-926,1684,right
426.933,-887,1744,right
427.038,-886,1747,right
427.143,-848,1761,right
427.257,-847,1764,right
427.355,-847,1766,right
427.450,-848,1771,right
427.579,-824,1775,right
427.678,-822,1776,right
427.940,-640,1738,right
428.033,-601,1706,right
428.133,-478,1704,right
428.239,-361,1644,right
428.314,-192,1642,right
428.432,-202,1527,right
428.521,-190,1398,right
428.643,-83,1310,right
428.801,-29,1208,right
428.889,-479,1029,right
428.997,-320,855,right
429.098,-318,785,right
429.190,-276,799,right
429.299,-274,803,right
429.385,-260,874,right
429.492,-273,752,right
429.563,-251,648,right
429.680,-248,638,right
429.752,-246,639,right
429.854,-264,651,right
429.947,-244,647,right
430.045,-246,647,right
430.126,-252,686,right
430.246,-284,727,right
430.350,-303,1241,right
430.448,-368,1292,right
430.544,-308,1445,right
430.636,-291,1545,right
430.711,-249,1588,right
430.833,-299,1849,right
430.893,-273,1864,right
431.011,-315,1923,right
431.112,-459,1497,right
431.214,-500,1447,right
431.318,-419,1549,right
431.429,-454,1512,right
435.673,-1233,1311,left
435.793,-1232,1311,left
436.064,-1254,1316,left
436.166,-1254,1317,left
437.241,-373,1065,right
437.344,-373,1057,right
437.642,-373,1057,right
437.770,-373,1057,right
448.099,-985,1971,right
448.217,-983,1976,right
448.523,-990,2006,right
448.632,-990,2006,right
448.935,-990,2004,right
449.050,-989,2003,right
449.275,-990,1997,right
449.328,-989,1996,right
450.482,-491,857,right
450.592,-497,856,right
450.682,-503,843,right
450.783,-533,771,right
450.871,-535,763,right
450.971,-540,745,right
451.053,-540,738,right
451.157,-544,713,right
451.245,-545,709,right
451.359,-545,708,right
451.438,-545,707,right
451.562,-550,683,right
451.656,-554,671,right
451.781,-554,672,right
451.881,-554,672,right
452.004,-554,672,right
452.169,-555,676,right
452.279,-554,676,right
452.436,-555,676,right
452.554,-555,678,right
452.737,-591,703,right
452.813,-611,711,right
452.944,-627,714,right
453.066,-692,723,right
453.173,-761,742,right
453.275,-812,737,right
453.388,-853,762,right
453.497,-884,769,right
453.628,-900,783,right
453.709,-901,790,right
453.840,-931,889,right
453.969,-910,827,right
454.075,-916,839,right
454.148,-957,803,right
454.252,-913,736,right
454.350,-952,745,right
454.430,-946,744,right
454.540,-949,750,right
454.623,-940,738,right
454.737,-942,744,right
454.815,-948,746,right
454.926,-974,752,right
455.021,-971,742,right
455.152,-971,742,right
455.438,-641,1256,right
455.525,-601,1425,right
455.611,-525,1696,right
455.734,-497,1614,right
455.835,-493,1610,right
455.961,-492,1461,right
456.058,-531,1357,right
456.167,-572,1232,right
456.269,-583,1155,right
456.381,-620,1037,right
456.477,-643,1009,right
456.605,-662,949,right
456.736,-658,921,right
456.893,-637,726,right
456.994,-635,712,right
457.089,-635,713,right
457.198,-568,1211,right
457.308,-539,1290,right
457.402,-544,1337,right
457.513,-587,1372,right
457.609,-640,1455,right
457.711,-723,1497,right
457.809,-731,1591,right
457.939,-746,1608,right
458.626,-669,1564,right
458.723,-707,1593,right
458.827,-728,1706,right
458.959,-731,1660,right
459.233,-731,1662,right
459.371,-743,1663,right
459.852,-718,1644,right
459.959,-736,1577,right
460.065,-724,1374,right
460.183,-728,1278,right
460.283,-754,1278,right
460.389,-756,1152,right
460.493,-717,1150,right
460.617,-718,1127,right
461.048,-636,1086,right
461.152,-657,1066,right
461.266,-559,1036,right
461.382,-538,1034,right
461.472,-472,1034,right
461.575,-447,1020,right
461.676,-391,1014,right
461.796,-269,974,right
462.062,-409,774,right
462.159,-438,740,right
462.236,-405,730,right
462.348,-452,710,right
462.468,-366,710,right
462.580,-356,731,right
462.650,-354,731,right
462.771,-371,735,right
462.819,-374,731,right
462.951,-380,751,right
463.029,-480,1106,right
463.121,-593,1284,right
463.190,-563,1515,right
463.305,-678,1594,right
463.382,-652,1559,right
463.487,-679,1585,right
463.577,-682,1662,right
463.686,-738,1669,right
463.748,-716,1714,right
463.918,-700,1728,right
464.006,-659,1717,right
464.131,-650,1722,right
464.207,-604,1770,right
464.332,-586,1779,right
464.406,-542,1873,right
464.530,-553,1890,right
464.601,-562,1886,right
464.707,-574,1890,right
464.790,-570,1895,right
464.913,-578,1903,right
464.997,-592,1924,right
465.102,-611,1959,right
465.166,-523,2047,right
465.270,-529,2047,right
465.366,-504,2043,right
465.476,-563,1723,right
465.570,-535,1536,right
465.694,-579,1228,right
465.788,-481,1321,right
465.917,-551,1366,right
465.997,-589,1331,right
466.113,-749,1260,right
466.194,-778,1236,right
466.322,-799,1194,right
466.406,-798,1186,right
466.527,-799,1197,right
466.680,-441,1568,right
466.805,-392,1617,right
466.902,-286,1640,right
467.024,-234,1723,right
467.108,-27,2047,right
467.256,-0,2047,right
467.614,-284,1611,right
467.714,-318,1579,right
467.819,-416,1465,right
467.919,-429,1465,right
468.013,-435,1465,right
468.115,-438,1461,right
468.202,-443,1452,right
468.329,-442,1452,right
468.708,-453,1379,right
468.809,-453,1379,right
469.380,-407,1238,right
469.480,-406,1238,right
469.608,-406,1239,right
469.753,-407,1246,right
470.008,-383,1376,right
470.120,-388,1390,right
470.227,-396,1404,right
470.329,-400,1406,right
471.796,-350,1468,right
471.893,-350,1469,right
472.532,-322,1619,right
472.634,-324,1627,right
472.742,-309,1663,right
472.868,-321,1657,right
473.162,-395,1545,right
473.260,-446,1441,right
473.369,-430,1401,right
473.475,-427,1374,right
473.590,-431,1369,right
473.715,-431,1366,right
474.044,-320,1713,right
474.180,-340,1731,right
474.328,-345,1723,right
474.417,-372,1674,right
474.786,-371,1504,right
474.870,-388,1435,right
474.980,-400,1411,right
475.075,-427,1299,right
475.174,-440,1272,right
475.269,-439,1275,right
475.455,-412,1320,right
475.507,-418,1270,right
475.578,-429,1259,right
475.621,-465,1220,right
475.721,-466,1219,right
475.780,-466,1219,right
475.926,-383,1512,right
476.031,-385,1521,right
476.142,-432,1555,right
476.262,-465,1538,right
476.366,-498,1364,right
476.480,-517,1249,right
476.572,-549,1204,right
476.668,-640,1002,right
476.764,-665,992,right
476.856,-695,932,right
476.959,-846,615,right
477.060,-1279,0,right
477.683,-445,733,right
477.801,-463,750,right
477.896,-307,995,right
478.002,-325,930,right
478.077,-328,903,right
478.197,-381,849,right
478.298,-368,845,right
478.404,-390,846,right
478.514,-407,801,right
478.628,-407,801,right
478.696,-401,800,right
478.817,-418,776,right
478.913,-414,756,right
479.031,-395,733,right
479.126,-325,778,right
479.230,-321,787,right
479.330,-277,900,right
479.444,-281,918,right
479.538,-272,884,right
479.644,-300,802,right
479.725,-280,838,right
479.833,-283,850,right
479.930,-191,1091,right
480.045,-164,1257,right
480.104,-167,1527,right
480.231,-197,1632,right
480.305,-204,1720,right
480.442,-206,1726,right
480.509,-137,1760,right
480.647,-118,1765,right
480.720,-157,1745,right
480.832,-156,1745,right
480.926,-110,1804,right
481.052,-40,1871,right
490.052,-1098,888,left
490.142,-1097,888,left
490.836,-1244,1288,left
490.918,-1244,1291,left
491.932,-286,1175,right
492.067,-285,1175,right
496.936,-1001,1979,right
497.078,-1001,1979,right
497.353,-999,1981,right
497.450,-999,1981,right
497.579,-999,1981,right
497.672,-999,1981,right
497.800,-999,1981,right
497.907,-999,1981,right
499.732,-682,549,right
499.826,-765,595,right
499.934,-790,620,right
500.007,-790,619,right
500.149,-668,558,right
500.255,-670,565,right
500.365,-683,607,right
500.472,-682,609,right
500.564,-673,608,right
500.662,-673,608,right
500.761,-666,601,right
500.871,-665,600,right
500.958,-660,590,right
501.067,-659,590,right
501.172,-656,587,right
501.290,-655,587,right
502.193,-621,4,right
502.310,-621,299,right
502.412,-610,559,right
502.542,-611,566,right
502.651,-578,573,right
502.744,-578,573,right
502.854,-571,562,right
502.959,-567,553,right
503.073,-563,548,right
503.164,-562,548,right
503.288,-560,541,right
503.383,-563,499,right
503.473,-561,480,right
503.574,-563,462,right
503.669,-563,458,right
503.767,-563,456,right
503.866,-559,470,right
503.975,-563,480,right
504.059,-561,510,right
504.181,-564,485,right
504.267,-565,483,right
504.382,-565,484,right
504.484,-565,482,right
504.581,-565,484,right
504.678,-561,498,right
504.787,-560,501,right
504.875,-533,491,right
504.977,-536,475,right
505.075,-513,406,right
505.201,-508,386,right
505.402,-475,951,right
505.487,-460,1118,right
505.583,-369,1468,right
505.698,-349,1507,right
505.822,-254,1592,right
505.942,-246,1598,right
506.039,-148,1659,right
506.173,-171,1687,right
506.828,-126,1310,right
506.941,-291,1139,right
507.041,-391,1042,right
507.150,-423,939,right
507.248,-531,747,right
507.351,-612,644,right
507.438,-645,585,right
507.558,-740,232,right
507.649,-800,262,right
507.761,-856,209,right
507.883,-706,174,right
507.993,-674,192,right
508.078,-655,212,right
508.180,-690,216,right
508.254,-684,214,right
508.378,-690,219,right
508.457,-673,225,right
508.566,-678,221,right
508.640,-673,214,right
508.764,-673,212,right
508.829,-666,207,right
508.950,-664,207,right
509.064,-643,227,right
509.202,-647,230,right
509.240,-647,230,right
509.391,-651,237,right
509.483,-651,237,right
509.597,-651,238,right
509.677,-646,239,right
509.792,-646,244,right
509.968,-560,670,right
510.057,-509,932,right
510.148,-410,1201,right
510.257,-416,1279,right
510.339,-372,1430,right
510.447,-380,1483,right
510.528,-328,1777,right
510.649,-324,1826,right
510.752,-184,2047,right
510.815,-194,2046,right
512.015,-438,1525,right
512.119,-449,1457,right
512.213,-450,1418,right
512.311,-448,1472,right
512.401,-436,1580,right
512.538,-637,1192,right
512.601,-653,1135,right
512.716,-657,1143,right
513.244,-693,908,right
513.326,-692,911,right
513.411,-679,922,right
513.524,-678,922,right
514.130,-636,1209,right
514.228,-672,1213,right
514.320,-679,1231,right
514.441,-684,1223,right
515.439,-615,1054,right
515.529,-648,921,right
515.620,-655,787,right
515.737,-660,788,right
515.826,-671,748,right
515.926,-701,668,right
516.030,-661,614,right
516.133,-574,552,right
516.205,-499,571,right
516.317,-498,542,right
516.363,-482,534,right
516.486,-479,511,right
516.551,-447,418,right
516.675,-434,420,right
516.720,-413,408,right
516.900,-412,407,right
516.943,-412,406,right
517.100,-403,383,right
517.183,-391,361,right
517.317,-391,360,right
517.404,-384,375,right
517.513,-385,367,right
517.600,-383,315,right
517.727,-382,312,right
517.795,-343,259,right
517.921,-348,214,right
517.997,-330,202,right
518.102,-327,201,right
518.363,-0,779,right
518.487,-327,940,right
518.576,-146,1094,right
518.695,-225,1025,right
518.782,-89,932,right
518.907,-137,915,right
518.990,-155,806,right
519.106,-186,808,right
519.202,-255,575,right
519.355,-516,0,right
519.582,-464,1514,right
519.687,-641,1351,right
519.787,-608,1597,right
519.894,-601,1596,right
519.980,-589,1534,right
520.091,-600,1504,right
520.184,-594,1476,right
520.283,-589,1479,right
520.374,-574,1514,right
520.487,-571,1524,right
520.600,-571,1492,right
520.720,-641,1343,right
520.806,-673,1315,right
520.908,-672,1323,right
522.044,-1080,887,left
522.146,-1080,886,left
522.334,-924,1080,right
522.416,-845,1128,right
522.519,-711,1001,right
522.620,-647,970,right
522.692,-545,1060,right
522.803,-628,1006,right
522.909,-551,880,right
523.021,-540,792,right
523.104,-527,779,right
523.224,-520,735,right
523.302,-500,740,right
523.427,-492,704,right
523.534,-481,684,right
523.632,-490,700,right
523.725,-391,1049,right
523.836,-423,1205,right
523.922,-439,1260,right
524.030,-492,1417,right
524.110,-506,1580,right
524.230,-573,1711,right
524.302,-638,1760,right
524.426,-744,1812,right
524.503,-744,1915,right
524.633,-760,1933,right
524.712,-762,1925,right
524.839,-765,1933,right
524.934,-754,1950,right
525.065,-761,1957,right
525.181,-692,2026,right
525.298,-677,2047,right
525.558,-557,1690,right
525.658,-549,1711,right
525.746,-530,1761,right
525.884,-526,1765,right
525.969,-451,1841,right
526.096,-452,1846,right
526.210,-419,1911,right
526.312,-408,1947,right
526.423,-420,1910,right
526.736,-714,1145,right
526.826,-645,1159,right
526.925,-679,963,right
527.003,-635,994,right
527.132,-682,953,right
527.197,-670,935,right
527.308,-665,936,right
527.384,-657,933,right
527.487,-680,854,right
527.575,-647,858,right
527.691,-626,875,right
527.801,-608,876,right
527.913,-545,1169,right
527.999,-438,1678,right
528.104,-414,1713,right
528.194,-335,1848,right
528.319,-298,2047,right
528.389,-268,2047,right
528.510,-276,2047,right
528.765,-301,1475,right
528.878,-336,1473,right
528.970,-322,1529,right
529.081,-326,1525,right
529.169,-309,1481,right
529.282,-309,1497,right
529.379,-262,1567,right
529.500,-267,1571,right
529.581,-258,1580,right
529.714,-258,1586,right
529.855,-260,1587,right
529.995,-334,1689,right
530.082,-308,1711,right
530.193,-207,1813,right
530.547,-275,1422,right
530.650,-278,1433,right
530.747,-286,1441,right
530.853,-285,1442,right
530.950,-272,1467,right
531.090,-270,1467,right
531.780,-364,1551,right
531.885,-367,1557,right
532.353,-352,1654,right
532.456,-366,1651,right
533.472,-558,1185,right
533.560,-601,1142,right
533.652,-621,1195,right
533.752,-783,935,right
533.843,-791,896,right
533.960,-826,896,right
534.050,-804,914,right
534.178,-849,759,right
534.250,-838,755,right
534.368,-872,714,right
534.442,-885,631,right
534.572,-909,594,right
534.650,-904,584,right
534.768,-915,572,right
535.168,-807,827,right
535.278,-915,684,right
535.394,-855,651,right
535.487,-801,555,right
535.600,-623,606,right
535.711,-628,552,right
535.817,-543,447,right
535.934,-549,373,right
536.049,-525,300,right
536.153,-540,316,right
536.236,-530,294,right
536.338,-543,298,right
536.432,-511,316,right
536.540,-497,340,right
536.621,-443,337,right
536.807,-344,264,right
536.839,-344,264,right
536.920,-344,265,right
537.010,-311,289,right
537.133,-315,305,right
537.242,-316,306,right
537.368,-370,327,right
537.468,-363,311,right
537.587,-355,285,right
537.692,-340,292,right
537.798,-380,462,right
537.893,-362,1037,right
537.980,-403,1160,right
538.086,-385,1558,right
538.201,-386,1585,right
538.335,-374,1632,right
538.452,-504,1773,right
538.535,-479,1966,right
538.658,-484,1948,right
538.752,-435,1974,right
538.888,-434,1984,right
539.013,-458,2023,right
539.130,-607,1964,right
539.237,-595,1974,right
539.365,-576,1995,right
539.466,-503,2040,right
539.605,-509,2047,right
539.905,-404,1163,right
540.046,-454,784,right
540.174,-476,845,right
540.277,-518,845,right
540.903,-568,912,right
540.953,-568,910,right
541.088,-911,0,right
541.129,-997,0,right
541.387,-791,1325,right
541.506,-773,1325,right
541.596,-751,1028,right
541.891,-1214,0,right
542.233,-732,632,right
542.321,-695,647,right
542.442,-500,478,right
542.565,-404,506,right
542.665,-405,506,right
542.780,-540,442,right
542.908,-485,417,right
543.023,-467,319,right
543.447,-512,462,right
543.559,-534,445,right
543.656,-506,429,right
543.750,-493,326,right
543.814,-397,228,right
543.914,-485,214,right
544.021,-479,260,right
544.107,-507,282,right
544.186,-425,491,right
544.293,-420,544,right
544.405,-329,851,right
544.507,-342,1071,right
544.598,-238,1443,right
544.698,-223,1514,right
544.770,-160,2047,right
544.895,-237,1938,right
544.971,-192,1926,right
545.079,-228,1899,right
545.175,-222,1732,right
545.311,-242,1743,right
547.659,-1245,1342,left
547.770,-1244,1343,left
549.787,-742,273,left
549.884,-738,273,left
550.214,-713,196,left
550.281,-712,196,left
551.275,-592,206,left
551.378,-591,206,left
552.143,-376,1279,right
552.242,-371,1284,right
552.390,-362,1319,right
552.490,-362,1319,right
555.022,-691,1244,right
555.127,-691,1244,right
562.566,-422,1249,right
562.657,-422,1248,right
562.751,-450,1207,right
562.847,-448,1207,right
562.947,-439,1207,right
563.056,-437,1208,right
563.160,-427,1223,right
563.263,-415,1212,right
563.360,-396,1208,right
563.471,-390,1198,right
563.560,-389,1201,right
563.684,-388,1183,right
563.766,-389,1183,right
563.876,-404,1153,right
563.969,-406,1151,right
564.074,-408,1139,right
564.168,-407,1135,right
564.279,-406,1125,right
564.375,-402,1119,right
564.486,-404,1083,right
564.574,-400,1075,right
564.698,-397,1073,right
564.795,-389,1089,right
564.911,-389,1090,right
565.400,-390,1091,right
565.489,-395,1082,right
565.567,-404,1075,right
565.837,-444,1001,right
565.896,-444,999,right
566.035,-443,998,right
566.122,-443,998,right
566.240,-443,998,right
566.912,-619,1258,right
566.983,-618,1257,right
567.084,-570,1209,right
567.191,-573,1222,right
567.285,-547,1243,right
567.397,-560,1212,right
567.477,-543,1206,right
567.589,-546,1199,right
567.666,-510,1189,right
567.785,-506,1187,right
567.869,-486,1218,right
567.962,-486,1224,right
568.049,-482,1222,right
568.164,-478,1227,right
568.275,-399,1467,right
568.394,-280,1800,right
568.473,-75,2047,right
568.609,-32,2047,right
568.698,-45,2032,right
568.811,-145,1756,right
568.890,-94,1812,right
568.993,-148,1735,right
569.072,-131,1618,right
569.219,-297,950,right
569.279,-299,950,right
569.392,-351,937,right
569.467,-331,948,right
569.604,-344,908,right
569.670,-329,905,right
569.757,-318,944,right
569.860,-201,1296,right
569.955,-159,1446,right
570.045,-65,1592,right
570.158,-0,1724,right
570.289,-104,1672,right
570.405,-276,1494,right
570.490,-276,1564,right
570.599,-306,1573,right
572.473,-62,1024,left
572.568,-62,1024,left
573.852,-59,1012,left
573.957,-58,1012,left
583.555,-1256,1240,left
583.647,-1256,1240,left
584.430,-381,994,right
584.545,-380,994,right
588.052,-990,1984,right
588.141,-989,1985,right
588.239,-990,1985,right
588.340,-992,1989,right
590.637,-604,1446,right
590.735,-602,1446,right
590.835,-585,1417,right
590.902,-585,1386,right
591.000,-582,1360,right
591.090,-598,1219,right
592.248,-846,1165,right
592.346,-846,1174,right
592.467,-849,1184,right
592.560,-882,1207,right
592.880,-936,1216,right
592.979,-935,1219,right
593.092,-927,1238,right
593.201,-938,1265,right
595.309,-269,1137,right
595.463,-251,1175,right
595.568,-257,1148,right
595.676,-281,1101,right
596.015,-248,1480,right
596.115,-262,1491,right
596.244,-260,1415,right
596.348,-262,1391,right
596.543,-241,1216,right
596.647,-267,995,right
596.740,-284,970,right
596.865,-293,836,right
596.975,-373,689,right
597.045,-404,647,right
597.163,-337,562,right
597.276,-368,380,right
597.376,-375,297,right
597.456,-398,183,right
597.571,-337,115,right
597.679,-337,121,right
597.758,-332,135,right
597.842,-348,129,right
597.970,-403,221,right
598.052,-413,232,right
598.145,-309,291,right
598.290,-249,240,right
598.392,-283,201,right
598.527,-195,253,right
598.991,-204,1106,right
599.096,-206,1114,right
599.190,-69,1303,right
599.315,-0,1426,right
599.647,-441,617,right
599.749,-497,536,right
599.876,-399,671,right
599.971,-409,676,right
600.060,-381,644,right
600.154,-480,421,right
600.245,-455,406,right
600.347,-462,405,right
600.426,-456,402,right
600.542,-466,407,right
600.616,-460,358,right
600.737,-484,363,right
600.809,-475,386,right
600.925,-512,380,right
600.999,-483,384,right
601.133,-473,381,right
601.189,-470,370,right
601.306,-470,372,right
601.374,-465,362,right
601.507,-477,345,right
601.579,-474,344,right
601.687,-475,352,right
601.759,-468,353,right
601.884,-473,358,right
601.953,-470,362,right
602.057,-472,378,right
602.177,-403,767,right
602.279,-418,1218,right
602.355,-359,1487,right
602.459,-445,1535,right
602.537,-410,1578,right
602.648,-414,1588,right
602.741,-403,1681,right
602.851,-424,1678,right
602.941,-416,1681,right
603.083,-428,1665,right
603.161,-428,1665,right
603.297,-427,1665,right
603.362,-428,1666,right
603.483,-429,1669,right
603.568,-430,1668,right
603.694,-429,1670,right
603.789,-431,1702,right
603.911,-442,1712,right
603.987,-448,1714,right
604.100,-448,1717,right
604.181,-448,1720,right
604.287,-448,1723,right
604.375,-431,1804,right
604.477,-442,1829,right
604.564,-455,1882,right
604.676,-459,1889,right
604.767,-459,1887,right
604.887,-475,1889,right
604.968,-508,1943,right
605.079,-511,1953,right
605.169,-468,1930,right
605.290,-478,1941,right
605.395,-436,2009,right
605.517,-450,2006,right
605.650,-295,2047,right
605.765,-407,1834,right
605.871,-429,1709,right
605.983,-436,1741,right
606.107,-352,1881,right
606.238,-353,1885,right
606.354,-345,1881,right
606.483,-360,1849,right
606.589,-361,1849,right
606.718,-360,1848,right
606.840,-371,1848,right
606.945,-376,1849,right
607.040,-415,1879,right
607.127,-450,1855,right
608.365,-1107,814,left
608.447,-1107,814,left
611.462,-519,1483,right
611.561,-518,1469,right
611.662,-522,1458,right
611.743,-532,1432,right
611.868,-532,1427,right
611.965,-505,1394,right
612.116,-271,1822,right
612.198,-256,1865,right
612.329,-231,1862,right
612.428,-257,1768,right
612.541,-266,1662,right
612.620,-282,1568,right
612.724,-283,1540,right
612.823,-293,1421,right
612.908,-293,1408,right
613.006,-320,1297,right
613.598,-543,934,right
613.710,-568,908,right
613.806,-589,908,right
613.911,-633,909,right
614.053,-636,885,right
614.194,-823,169,right
614.872,-1110,358,right
614.903,-1238,386,right
615.163,-850,822,right
615.263,-848,809,right
615.354,-845,803,right
615.457,-852,797,right
616.114,-1003,770,right
616.189,-1279,686,right
616.384,-851,814,right
616.480,-912,821,right
616.583,-960,945,right
616.684,-990,971,right
617.050,-742,1299,right
617.138,-751,1315,right
617.228,-775,1291,right
617.336,-831,1226,right
617.432,-825,1263,right
617.554,-831,1280,right
617.666,-762,1419,right
617.761,-717,1395,right
617.869,-445,1169,right
617.993,-378,952,right
618.073,-339,905,right
618.166,-299,915,right
618.226,-217,976,right
618.345,-224,985,right
618.427,-214,1087,right
618.514,-215,1091,right
618.616,-174,1060,right
618.717,-179,1062,right
618.815,-181,1063,right
618.931,-172,1115,right
619.025,-73,1621,right
619.134,-54,1672,right
619.785,-356,1604,right
619.915,-365,1593,right
620.167,-458,1682,right
620.277,-472,1695,right
620.379,-488,1692,right
620.503,-515,1630,right
620.597,-563,1393,right
620.707,-595,1355,right
620.813,-622,1354,right
620.944,-670,983,right
621.036,-837,147,right
621.096,-985,0,right
621.290,-595,919,right
621.407,-596,978,right
621.506,-626,926,right
621.604,-654,940,right
621.707,-687,968,right
621.807,-677,927,right
621.920,-489,795,right
622.019,-467,694,right
622.105,-437,668,right
622.210,-458,699,right
622.312,-446,755,right
622.416,-534,988,right
622.511,-397,1402,right
622.616,-320,1695,right
622.716,-283,1841,right
622.830,-301,1924,right
622.933,-214,2047,right
623.066,-206,2047,right
623.200,-171,1950,right
623.227,-208,1835,right
623.406,-282,1466,right
623.522,-325,1393,right
624.436,-561,1760,right
624.540,-540,1819,right
624.636,-494,1825,right
624.732,-496,1840,right
624.849,-474,1917,right
624.945,-445,1964,right
625.305,-403,1657,right
625.396,-481,1660,right
625.525,-471,1660,right
625.617,-259,1621,right
625.698,-196,1609,right
625.827,-221,1603,right
625.928,-241,1524,right
626.044,-246,1494,right
626.187,-230,1655,right
626.309,-258,1699,right
626.430,-206,1728,right
626.546,-191,1733,right
626.988,-327,1517,right
627.087,-329,1515,right
627.199,-277,1477,right
627.315,-317,1248,right
627.411,-371,1171,right
627.512,-453,1073,right
627.601,-488,938,right
627.722,-558,756,right
627.811,-529,744,right
627.903,-519,663,right
627.955,-415,593,right
628.078,-419,610,right
628.174,-343,818,right
628.284,-337,919,right
628.372,-195,1316,right
628.480,-248,1555,right
628.566,-209,1988,right
628.671,-250,2047,right
628.749,-206,2047,right
628.863,-258,2027,right
628.945,-258,1616,right
629.058,-266,1482,right
629.143,-186,1682,right
629.259,-205,1686,right
629.333,-191,1714,right
629.452,-225,1743,right
629.530,-225,1744,right
629.649,-304,1739,right
629.723,-419,1691,right
629.826,-529,1647,right
629.951,-438,1237,right
630.002,-436,987,right
632.154,-1265,1261,left
632.241,-1265,1262,left
638.826,-237,1696,right
638.951,-237,1696,right
653.977,-120,1635,right
654.063,-160,1630,right
654.153,-15,1634,right
654.247,-132,1513,right
654.322,-64,1550,right
654.441,-84,1542,right
654.523,-63,1569,right
654.656,-61,1573,right
663.065,-742,1003,left
663.157,-741,1003,left