z,y,x,button
2.873,-911,1224,right
2.959,-916,1198,right
3.059,-838,1243,right
3.167,-804,1197,right
3.265,-708,1035,right
3.375,-697,964,right
3.849,-514,576,right
3.939,-534,620,right
4.041,-555,746,right
4.143,-554,767,right
4.249,-506,954,right
4.359,-498,937,right
4.460,-498,926,right
4.571,-496,912,right
4.655,-471,872,right
4.767,-470,862,right
4.870,-442,888,right
4.976,-443,884,right
5.085,-445,883,right
5.171,-448,883,right
5.287,-442,972,right
5.401,-447,966,right
5.513,-448,984,right
5.623,-455,956,right
5.729,-454,948,right
5.830,-459,907,right
5.941,-451,903,right
6.062,-451,899,right
6.157,-449,903,right
6.270,-487,781,right
6.371,-481,771,right
6.477,-481,772,right
7.339,-612,1016,right
7.422,-612,1014,right
7.521,-644,996,right
7.628,-691,969,right
7.739,-693,967,right
7.852,-692,966,right
7.973,-693,966,right
8.086,-692,966,right
9.973,-931,2015,right
10.065,-930,2015,right
10.731,-1136,1901,right
10.847,-1135,1900,right
11.420,-1107,1884,right
11.534,-1107,1884,right
11.779,-1107,1885,left
11.898,-1107,1885,left
22.777,-465,972,right
22.886,-469,982,right
22.955,-509,997,right
23.067,-520,1001,right
23.167,-523,1001,right
23.266,-542,1009,right
23.353,-548,1014,right
23.461,-564,1020,right
23.546,-582,1062,right
23.670,-598,1057,right
23.925,-595,1073,right
23.950,-595,1073,right
24.055,-588,1098,right
24.157,-591,1113,right
24.261,-591,1114,right
24.374,-592,1114,right
24.478,-587,1150,right
24.595,-589,1157,right
24.715,-588,1169,right
24.814,-589,1172,right
24.927,-583,1190,right
25.031,-585,1195,right
25.153,-585,1203,right
25.258,-597,1165,right
25.370,-562,1139,right
25.483,-588,1046,right
25.568,-635,973,right
25.694,-734,899,right
25.757,-734,895,right
25.878,-736,891,right
25.979,-728,880,right
26.089,-730,888,right
26.308,-591,1100,right
26.351,-591,1101,right
26.464,-583,1175,right
26.564,-587,1184,right
26.666,-582,1239,right
26.791,-580,1207,right
26.878,-577,1200,right
26.992,-590,1176,right
27.104,-593,1190,right
27.207,-605,1147,right
27.306,-617,1159,right
27.412,-634,1174,right
27.517,-659,1226,right
27.615,-693,1145,right
27.714,-718,1048,right
27.842,-751,962,right
27.930,-765,895,right
28.058,-772,889,right
28.157,-775,888,right
28.292,-778,896,right
28.580,-669,951,right
28.672,-610,963,right
28.769,-541,1027,right
28.885,-514,1118,right
28.962,-512,1252,right
29.086,-518,1250,right
29.183,-463,1340,right
29.309,-467,1338,right
29.433,-467,1342,right
29.533,-497,1337,right
29.653,-525,1277,right
29.749,-521,1260,right
30.818,-1088,1032,left
30.894,-1088,1028,left
31.484,-516,1242,right
31.556,-514,1231,right
31.656,-500,1190,right
31.767,-501,1183,right
31.841,-505,1173,right
31.961,-506,1175,right
32.056,-531,1186,right
32.167,-546,1176,right
32.255,-550,1173,right
32.361,-566,1160,right
32.467,-570,1153,right
32.577,-583,1099,right
32.685,-575,1079,right
32.784,-579,1067,right
32.884,-598,954,right
32.996,-605,942,right
33.100,-633,843,right
33.197,-634,827,right
33.321,-633,828,right
33.408,-633,828,right
33.502,-606,764,right
33.614,-621,758,right
33.718,-628,762,right
33.830,-629,768,right
33.980,-629,767,right
34.055,-628,767,right
35.739,-446,1089,right
35.798,-462,1041,right
35.898,-467,1027,right
36.001,-512,903,right
36.267,-1011,44,right
36.376,-980,82,right
37.392,-542,1050,right
37.490,-558,1079,right
37.609,-561,1319,right
37.707,-528,1381,right
37.807,-438,1502,right
37.913,-427,1503,right
38.034,-371,1473,right
38.137,-372,1477,right
38.592,-262,1519,right
38.711,-260,1519,right
39.335,-184,1386,right
39.434,-258,1263,right
39.551,-262,1207,right
39.657,-265,1166,right
39.767,-246,1120,right
39.902,-299,1006,right
40.026,-358,853,right
40.096,-368,799,right
40.202,-349,742,right
40.342,-368,694,right
40.421,-323,688,right
40.565,-358,619,right
40.625,-408,599,right
40.756,-409,606,right
40.832,-415,623,right
40.948,-462,716,right
41.065,-285,1200,right
41.176,-175,1451,right
41.264,-149,1645,right
41.375,-182,1614,right
41.494,-197,1649,right
41.607,-203,1644,right
41.955,-377,1545,right
42.060,-407,1546,right
42.164,-430,1578,right
42.274,-466,1537,right
42.392,-516,1425,right
42.476,-528,1407,right
42.599,-502,1371,right
42.697,-481,1211,right
42.796,-431,1057,right
42.922,-477,909,right
43.020,-478,836,right
43.143,-481,710,right
43.241,-464,671,right
43.327,-464,671,right
43.424,-399,634,right
43.544,-378,634,right
43.611,-375,634,right
43.744,-391,637,right
43.831,-394,643,right
43.959,-413,645,right
44.039,-412,645,right
44.176,-411,647,right
44.251,-396,672,right
44.337,-395,672,right
44.412,-390,703,right
44.519,-390,701,right
44.626,-388,706,right
44.746,-386,730,right
44.836,-352,804,right
44.948,-350,821,right
45.040,-338,980,right
45.167,-371,1167,right
45.279,-156,1472,right
45.383,-145,1619,right
46.095,-203,1617,right
46.214,-148,1721,right
46.569,-264,1735,right
46.703,-263,1735,right
47.035,-166,1855,right
47.132,-91,1960,right
47.388,-259,1755,right
47.478,-261,1763,right
47.595,-262,1772,right
47.714,-275,1768,right
48.274,-652,925,right
48.418,-795,947,right
48.488,-783,966,right
48.612,-819,954,right
48.715,-792,943,right
48.841,-832,847,right
48.904,-821,826,right
49.030,-819,843,right
49.109,-831,873,right
49.212,-833,891,right
49.303,-745,894,right
49.406,-715,892,right
49.492,-683,872,right
49.595,-693,856,right
49.682,-666,814,right
49.780,-660,707,right
49.884,-590,685,right
50.009,-545,712,right
50.038,-510,706,right
50.177,-509,707,right
50.252,-480,774,right
50.371,-481,788,right
50.469,-453,1119,right
50.572,-436,1170,right
50.673,-299,1383,right
50.777,-272,1421,right
50.857,-152,1568,right
50.990,-162,1590,right
51.076,-150,1639,right
51.195,-148,1640,right
51.292,-114,1656,right
51.410,-115,1667,right
51.504,-90,1690,right
51.635,-92,1718,right
52.871,-270,1074,right
52.970,-277,998,right
53.067,-354,964,right
53.185,-643,680,right
53.267,-715,729,right
53.374,-753,675,right
53.452,-669,650,right
53.554,-684,648,right
53.627,-677,590,right
53.737,-680,584,right
53.922,-512,1025,right
54.046,-448,1340,right
54.143,-442,1620,right
54.249,-464,1580,right
54.339,-463,1580,right
54.441,-469,1568,right
54.594,-437,1544,right
54.711,-430,1519,right
54.834,-389,1584,right
54.937,-391,1585,right
55.035,-383,1604,right
55.171,-281,1661,right
55.546,-241,1791,right
55.636,-240,1790,right
55.766,-204,1789,right
55.881,-191,1786,right
56.321,-187,1299,right
56.409,-232,1239,right
56.507,-330,1238,right
56.607,-385,1219,right
56.709,-383,1226,right
56.828,-388,1220,right
57.570,-415,1327,right
57.654,-414,1327,right
57.756,-394,1295,right
57.859,-404,1303,right
58.612,-370,1372,right
58.719,-369,1372,right
58.839,-344,1448,right
58.956,-344,1473,right
59.070,-332,1573,right
59.191,-332,1573,right
59.362,-332,1583,right
59.477,-345,1574,right
59.625,-346,1563,right
59.723,-348,1543,right
59.862,-242,1569,right
59.969,-245,1484,right
60.074,-254,1275,right
60.173,-285,1153,right
60.273,-326,959,right
60.372,-367,879,right
60.466,-382,779,right
60.568,-419,709,right
60.675,-434,683,right
60.781,-467,595,right
60.881,-482,564,right
60.993,-492,576,right
61.156,-612,658,right
61.303,-620,664,right
61.399,-660,654,right
61.506,-708,662,right
61.632,-791,754,right
61.752,-878,787,right
61.835,-873,765,right
61.943,-879,736,right
62.033,-860,695,right
62.141,-828,559,right
62.207,-828,559,right
62.321,-833,589,right
62.516,-394,1435,right
62.626,-437,1405,right
62.726,-315,1449,right
62.843,-273,1504,right
62.951,-7,1705,right
63.091,-0,1824,right
64.205,-245,1733,right
64.305,-242,1811,right
64.416,-155,1826,right
64.514,-134,1846,right
65.662,-573,753,right
65.768,-495,1154,right
65.848,-403,1591,right
65.951,-392,1643,right
66.044,-294,1716,right
66.149,-305,1719,right
67.575,-451,1235,right
67.659,-462,1264,right
67.758,-382,1553,right
67.877,-326,1687,right
67.979,-324,1583,right
68.087,-436,1261,right
68.177,-446,1115,right
68.264,-494,937,right
68.339,-485,1000,right
68.436,-497,992,right
68.934,-628,791,right
69.079,-679,763,right
69.195,-751,793,right
69.353,-763,653,right
69.436,-763,629,right
69.534,-765,631,right
69.624,-742,680,right
69.729,-768,667,right
69.785,-793,669,right
69.903,-910,680,right
69.983,-894,674,right
70.098,-928,660,right
70.775,-308,1318,right
70.867,-305,1318,right
70.959,-315,1326,right
71.066,-397,1334,right
71.159,-375,1333,right
71.279,-376,1334,right
71.435,-523,1276,right
71.527,-638,1192,right
71.643,-620,1212,right
71.730,-612,1220,right
71.854,-400,1374,right
71.975,-399,1374,right
72.088,-371,1365,right
72.231,-333,1332,right
72.394,-301,1081,right
72.502,-314,1070,right
73.535,-770,404,right
73.637,-770,438,right
73.733,-774,545,right
73.848,-803,561,right
73.960,-810,588,right
74.059,-812,570,right
74.165,-724,572,right
74.266,-723,574,right
74.373,-724,608,right
74.486,-717,611,right
74.571,-689,659,right
74.687,-674,650,right
74.755,-648,608,right
74.869,-674,579,right
74.949,-682,589,right
75.058,-700,537,right
75.128,-703,533,right
75.237,-731,470,right
75.301,-731,443,right
75.428,-740,426,right
75.495,-744,419,right
75.611,-777,342,right
75.678,-778,329,right
75.797,-784,312,right
75.875,-785,321,right
75.987,-779,307,right
76.072,-768,287,right
76.211,-769,284,right
76.445,-638,557,right
76.590,-714,468,right
76.741,-421,975,right
76.893,-404,1079,right
76.986,-267,1394,right
77.106,-258,1432,right
77.886,-161,1712,right
77.991,-172,1708,right
78.091,-155,1720,right
78.235,-161,1692,right
78.936,-461,1409,right
79.029,-450,1520,right
79.122,-392,1656,right
79.220,-393,1665,right
80.365,-513,1561,right
80.459,-516,1590,right
80.566,-519,1583,right
80.672,-522,1564,right
80.811,-452,1510,right
80.901,-413,1505,right
81.000,-361,1563,right
81.105,-484,1458,right
81.234,-406,1499,right
81.319,-314,1574,right
81.415,-221,1796,right
81.532,-216,1816,right
81.652,-191,1802,right
81.759,-193,1764,right
81.875,-175,1740,right
81.992,-161,1649,right
82.107,-138,1606,right
82.208,-145,1564,right
82.338,-145,1550,right
82.467,-146,1549,right
82.577,-175,1568,right
82.686,-259,1596,right
82.814,-295,1692,right
82.910,-299,1733,right
83.028,-99,1942,right
83.154,-32,1972,right
83.250,-36,1956,right
83.375,-0,1932,right
83.634,-201,1671,right
83.734,-273,1488,right
83.839,-273,1477,right
83.953,-273,1472,right
84.062,-278,1433,right
84.172,-306,1346,right
84.290,-316,1339,right
84.397,-347,1269,right
84.531,-356,1233,right
84.633,-357,1222,right
84.738,-384,1111,right
84.853,-466,957,right
84.967,-522,968,right
85.085,-661,957,right
85.184,-703,945,right
85.298,-712,940,right
85.409,-739,926,right
85.517,-741,907,right
85.603,-729,874,right
85.725,-732,840,right
85.799,-734,835,right
85.893,-741,768,right
85.954,-699,699,right
86.095,-703,676,right
86.187,-711,672,right
86.312,-756,582,right
86.373,-744,605,right
86.920,-726,653,right
87.172,-385,1381,right
87.265,-389,1384,right
87.362,-370,1546,right
87.477,-361,1554,right
87.561,-356,1765,right
87.682,-363,1768,right
87.815,-363,1768,right
87.937,-509,1737,right
88.041,-580,1768,right
88.140,-579,1768,right
88.259,-414,1858,right
88.378,-379,1884,right
88.839,-284,1717,right
88.968,-265,1742,right
89.074,-241,1768,right
89.210,-333,1759,right
89.325,-377,1753,right
89.468,-377,1754,right
89.623,-327,1800,right
89.722,-292,1797,right
89.815,-228,1840,right
89.934,-100,1925,right
90.261,-269,1648,right
90.356,-274,1636,right
90.455,-280,1664,right
90.560,-280,1663,right
92.053,-492,1515,right
92.149,-451,1537,right
92.257,-276,1580,right
92.357,-238,1491,right
92.462,-219,1395,right
92.572,-276,1253,right
92.672,-285,1217,right
92.788,-405,1076,right
92.898,-502,1049,right
93.017,-623,1066,right
93.085,-629,1075,right
93.203,-660,1082,right
93.288,-684,1130,right
93.392,-726,1165,right
93.464,-720,1194,right
93.577,-751,1166,right
93.661,-749,1161,right
93.803,-840,1180,right
93.900,-831,1188,right
94.003,-829,1235,right
94.075,-815,1373,right
94.189,-805,1331,right
94.253,-758,1312,right
94.356,-755,1330,right
94.435,-733,1323,right
94.561,-720,1336,right
94.620,-729,1360,right
94.744,-731,1355,right
94.806,-729,1348,right
94.931,-731,1351,right
95.069,-598,1489,right
95.186,-360,1544,right
95.281,-90,1617,right
95.380,-88,1688,right
95.449,-0,1745,right
95.584,-86,1879,right
95.655,-140,1941,right
95.769,-223,1976,right
95.842,-198,2047,right
95.982,-111,1987,right
96.082,-20,2011,right
96.217,-71,1991,right
96.299,-132,1960,right
96.431,-308,1875,right
96.510,-235,1948,right
96.620,-253,1910,right
96.697,-228,1905,right
96.830,-228,1901,right
96.903,-228,1901,right
97.035,-228,1901,right
97.117,-220,1911,right
97.237,-214,1908,right
97.317,-174,1911,right
97.429,-174,1913,right
97.509,-170,1957,right
97.647,-176,1966,right
97.792,-172,1979,right
97.899,-172,1979,right
98.023,-173,1980,right
98.138,-183,1987,right
98.664,-817,1365,right
98.803,-778,1311,right
98.907,-706,1295,right
99.031,-1279,1239,right
100.001,-365,757,right
100.094,-397,755,right
100.195,-443,778,right
100.318,-524,715,right
100.520,-269,997,right
100.635,-301,1231,right
100.718,-409,1436,right
100.841,-493,1396,right
100.951,-501,1561,right
101.052,-500,1561,right
101.145,-485,1626,right
101.312,-483,1641,right
101.457,-489,1655,right
101.576,-539,1650,right
101.817,-570,1663,right
101.911,-569,1655,right
102.006,-472,1666,right
102.145,-474,1657,right
106.669,-1248,1311,left
106.788,-1248,1315,left
107.814,-282,1147,right
107.926,-282,1147,right
113.076,-1260,1256,left
113.160,-1260,1256,left
114.410,-600,212,left
114.478,-600,212,left
115.385,-380,1025,right
115.467,-379,1025,right
115.864,-379,1023,right
115.998,-378,1019,right
116.384,-378,1003,right
116.488,-378,1003,right
118.064,-1198,2000,left
118.180,-1199,2003,left
122.061,-425,1507,right
122.185,-425,1507,right
126.604,-656,1118,right
126.716,-707,1132,right
126.817,-729,1153,right
126.902,-750,1135,right
126.990,-745,1154,right
127.103,-775,1116,right
127.181,-779,1102,right
127.299,-802,1038,right
127.388,-793,1028,right
127.498,-794,1030,right
127.573,-799,1030,right
127.693,-864,981,right
127.769,-864,980,right
127.897,-875,992,right
127.971,-881,972,right
128.085,-897,972,right
128.164,-894,962,right
128.281,-898,962,right
128.374,-897,955,right
128.520,-908,956,right
128.635,-1109,842,right
128.685,-1279,505,right
128.921,-692,892,right
129.030,-731,879,right
129.135,-743,870,right
129.245,-733,874,right
129.325,-723,897,right
129.459,-793,809,right
129.525,-789,807,right
129.635,-801,791,right
129.715,-796,811,right
129.840,-810,794,right
129.921,-805,801,right
130.032,-811,818,right
130.117,-813,809,right
130.232,-958,633,right
130.301,-952,699,right
130.401,-980,639,right
130.530,-656,1142,right
130.674,-568,1321,right
130.753,-572,1326,right
130.855,-690,1398,right
130.932,-698,1435,right
131.046,-717,1421,right
131.735,-1094,795,left
131.836,-1094,794,left
132.115,-829,712,right
132.216,-800,729,right
132.292,-804,721,right
132.411,-842,680,right
132.926,-211,1270,right
133.030,-219,1272,right
133.298,-241,1520,right
133.472,-303,1521,right
133.548,-245,1535,right
133.672,-275,1485,right
133.743,-274,1468,right
133.851,-312,1422,right
133.922,-222,1456,right
134.032,-324,1370,right
134.119,-319,1378,right
134.222,-323,1386,right
134.307,-313,1388,right
134.400,-313,1381,right
134.496,-310,1420,right
134.605,-334,1451,right
134.686,-388,1506,right
134.800,-429,1516,right
134.869,-424,1502,right
134.982,-407,1501,right
135.127,-0,1562,right
135.238,-0,1597,right
135.319,-0,1629,right
135.409,-103,1696,right
135.508,-103,1746,right
135.607,-103,1752,right
135.718,-94,1762,right
135.808,-119,1731,right
135.895,-107,1725,right
136.012,-105,1727,right
136.095,-92,1703,right
136.202,-105,1664,right
136.288,-99,1645,right
136.408,-99,1645,right
136.485,-74,1653,right
136.595,-111,1616,right
136.681,-112,1618,right
136.813,-111,1634,right
136.882,-86,1664,right
137.003,-85,1664,right
137.112,-81,1669,right
137.238,-133,1613,right
137.334,-140,1577,right
137.434,-170,1464,right
137.909,-267,1544,right
138.011,-266,1544,right
138.111,-241,1589,right
138.226,-195,1641,right
138.311,-150,1688,right
138.434,-149,1688,right
138.544,-27,1858,right
138.644,-0,2025,right
139.299,-370,1852,right
139.404,-380,1839,right
139.565,-301,1608,right
139.690,-196,1508,right
139.841,-89,1407,right
139.936,-85,1390,right
140.084,-87,1339,right
140.194,-87,1331,right
140.369,-0,1198,right
140.473,-0,1189,right
140.780,-392,1235,right
140.894,-667,1176,right
140.979,-700,1155,right
141.103,-868,1015,right
141.635,-671,1391,right
141.740,-772,1428,right
141.836,-791,1483,right
141.943,-780,1486,right
142.191,-575,1603,right
142.296,-564,1599,right
142.389,-516,1584,right
142.512,-517,1578,right
143.368,-618,1399,right
143.477,-812,1361,right
143.560,-811,1340,right
143.658,-898,1280,right
144.699,-461,894,right
144.816,-451,920,right
144.905,-480,956,right
145.027,-591,1017,right
145.191,-537,1059,right
145.378,-1177,0,right
146.256,-1263,0,right
146.336,-1277,16,right
146.711,-489,1169,right
146.774,-391,1234,right
146.855,-352,1253,right
146.971,-285,1270,right
147.069,-210,1305,right
147.214,-171,1323,right
147.713,-337,1139,right
147.847,-343,1105,right
147.959,-367,943,right
148.090,-409,866,right
148.226,-472,849,right
148.281,-480,858,right
148.427,-417,987,right
148.538,-411,1002,right
148.611,-411,1002,right
148.731,-411,1000,right
148.840,-412,1000,right
148.957,-416,987,right
149.351,-565,849,right
149.468,-574,877,right
149.539,-579,878,right
149.655,-586,875,right
150.431,-639,957,right
150.527,-638,955,right
150.639,-639,955,right
150.755,-642,922,right
150.863,-642,916,right
150.999,-642,885,right
151.335,-572,680,right
151.470,-594,661,right
151.566,-617,696,right
151.683,-632,693,right
151.880,-314,1231,right
151.987,-269,1265,right
152.081,-251,1358,right
152.196,-296,1336,right
153.135,-464,828,right
153.233,-463,829,right
153.380,-447,872,right
153.475,-441,876,right
153.595,-441,870,right
153.738,-441,869,right
155.183,-809,883,right
155.281,-851,880,right
155.372,-951,811,right
155.501,-1204,311,right
156.883,-510,968,right
156.985,-521,958,right
157.070,-603,873,right
157.172,-631,861,right
157.275,-666,855,right
157.390,-756,654,right
157.797,-826,582,right
157.899,-825,575,right
159.204,-676,948,right
159.307,-660,968,right
160.453,-751,944,right
160.538,-751,944,right
160.642,-751,943,right
160.740,-751,943,right
161.658,-672,878,right
161.749,-671,878,right
162.815,-651,779,right
162.913,-646,785,right
163.011,-646,785,right
163.132,-646,787,right
164.285,-670,1369,right
164.369,-708,1378,right
164.468,-719,1381,right
164.579,-724,1374,right
164.679,-728,1177,right
164.814,-718,1050,right
164.873,-698,883,right
165.008,-767,753,right
165.114,-762,748,right
165.214,-762,742,right
165.335,-726,733,right
165.434,-719,733,right
165.534,-658,734,right
165.671,-648,729,right
165.775,-642,725,right
165.897,-647,715,right
165.979,-647,715,right
166.094,-647,715,right
166.187,-641,724,right
166.507,-642,733,right
166.604,-641,729,right
166.731,-640,720,right
166.811,-616,723,right
166.954,-616,724,right
167.044,-616,724,right
167.181,-616,728,right
167.265,-616,729,right
167.402,-616,729,right
167.570,-616,729,right
167.649,-616,729,right
168.329,-613,722,right
168.441,-612,711,right
171.389,-1088,868,left
171.467,-1088,867,left
171.873,-805,758,right
171.972,-762,844,right
172.061,-722,801,right
172.156,-697,750,right
172.979,-400,779,right
173.078,-395,779,right
173.183,-358,742,right
173.283,-342,644,right
173.384,-349,644,right
173.492,-348,640,right
173.628,-314,648,right
173.733,-304,650,right
173.830,-289,660,right
173.935,-287,660,right
174.037,-287,660,right
174.135,-287,660,right
174.272,-279,671,right
174.379,-278,671,right
174.515,-274,689,right
174.638,-274,689,right
174.781,-270,689,right
174.955,-264,686,right
175.684,-641,692,right
175.787,-641,679,right
185.488,-491,581,right
185.583,-483,598,right
185.692,-451,740,right
185.845,-463,694,right
185.935,-464,692,right
186.033,-464,692,right
186.128,-469,690,right
186.245,-479,679,right
186.349,-482,678,right
186.474,-482,678,right
187.973,-519,429,right
188.089,-528,432,right
188.176,-529,440,right
188.297,-534,459,right
188.377,-539,549,right
188.653,-535,541,right
188.732,-499,583,right
188.856,-501,574,right
188.933,-501,574,right
189.042,-498,587,right
189.257,-420,1094,right
189.360,-425,1149,right
189.441,-398,1291,right
189.550,-448,1291,right
189.636,-447,1316,right
189.751,-520,1439,right
189.828,-531,1537,right
189.952,-527,1616,right
190.036,-508,1764,right
190.152,-527,1786,right
190.257,-530,1799,right
190.372,-533,1818,right
190.461,-553,1886,right
190.579,-582,1900,right
191.125,-589,1212,right
191.237,-598,1196,right
191.321,-547,1017,right
191.427,-545,1019,right
191.515,-545,1061,right
191.617,-547,1071,right
195.106,-1269,1329,left
195.194,-1265,1320,left
196.641,-399,1296,right
196.755,-390,1297,right
204.659,-1250,1334,left
204.751,-1250,1334,left
207.447,-374,1326,right
207.581,-374,1326,right
208.900,-1100,1912,left
208.990,-1100,1912,left
213.527,-375,1483,right
213.615,-366,1485,right
213.699,-362,1490,right
213.794,-360,1491,right
213.890,-339,1501,right
214.003,-335,1503,right
214.090,-303,1523,right
214.207,-299,1522,right
214.280,-292,1524,right
214.404,-291,1524,right
214.489,-279,1550,right
214.631,-280,1549,right
214.685,-278,1550,right
214.811,-278,1547,right
214.941,-277,1536,right
215.046,-289,1490,right
215.132,-289,1487,right
215.258,-290,1487,right
215.339,-289,1487,right
215.463,-289,1485,right
215.552,-284,1483,right
215.677,-284,1482,right
215.756,-284,1482,right
215.877,-285,1475,right
215.959,-285,1475,right
216.080,-285,1475,right
216.177,-272,1500,right
216.288,-274,1500,right
216.380,-277,1492,right
216.480,-398,1304,right
216.851,-214,1607,right
216.956,-212,1608,right
217.053,-217,1631,right
217.178,-220,1640,right
217.264,-225,1665,right
217.398,-278,1630,right
217.731,-427,1306,right
217.819,-424,1300,right
217.913,-400,1193,right
218.034,-459,1073,right
218.115,-504,953,right
218.264,-599,866,right
218.336,-660,785,right
218.475,-690,744,right
218.550,-707,741,right
218.650,-753,708,right
218.725,-753,698,right
218.837,-763,690,right
218.965,-577,1059,right
219.082,-506,1277,right
219.152,-378,1447,right
219.275,-293,1554,right
219.340,-249,1596,right
219.465,-249,1596,right
219.546,-247,1604,right
219.672,-251,1618,right
219.766,-251,1621,right
219.889,-272,1457,right
219.950,-221,1307,right
220.101,-308,1090,right
220.170,-346,994,right
220.308,-441,960,right
220.393,-497,934,right
220.515,-548,914,right
220.607,-651,856,right
220.709,-721,790,right
220.818,-726,782,right
220.934,-737,760,right
221.048,-753,738,right
221.145,-760,723,right
221.223,-781,703,right
221.332,-786,697,right
221.399,-787,695,right
221.526,-832,583,right
221.599,-868,484,right
221.722,-884,460,right
221.804,-892,423,right
221.899,-892,423,right
221.989,-893,452,right
222.061,-898,462,right
222.199,-411,1125,right
222.301,-289,1354,right
222.377,-82,1402,right
222.498,-84,1392,right
222.574,-84,1433,right
222.686,-104,1453,right
222.778,-113,1475,right
222.888,-130,1494,right
222.984,-166,1489,right
223.101,-220,1347,right
223.203,-216,1346,right
223.311,-226,1349,right
223.418,-234,1492,right
223.523,-254,1499,right
223.618,-285,1525,right
223.730,-284,1524,right
223.825,-287,1546,right
223.945,-282,1559,right
224.027,-279,1574,right
224.150,-279,1575,right
224.250,-277,1610,right
224.369,-277,1613,right
224.464,-277,1665,right
224.567,-283,1654,right
224.649,-325,1512,right
224.758,-497,1162,right
224.845,-632,833,right
224.936,-669,834,right
225.020,-654,838,right
225.119,-654,839,right
225.248,-602,856,right
225.333,-591,866,right
225.382,-578,872,right
225.496,-582,894,right
225.570,-583,900,right
225.652,-600,910,right
225.747,-597,927,right
225.851,-597,928,right
225.921,-585,919,right
226.024,-600,927,right
226.118,-588,938,right
226.218,-586,940,right
226.312,-576,965,right
226.401,-578,977,right
226.496,-589,1006,right
226.594,-587,1011,right
226.674,-582,1030,right
226.796,-582,1040,right
226.878,-570,1061,right
226.997,-571,1042,right
227.066,-564,1019,right
227.177,-563,1019,right
227.258,-542,1120,right
227.345,-544,1093,right
227.473,-455,1166,right
227.629,-450,1222,right
227.681,-450,1222,right
227.792,-514,1207,right
227.892,-623,1480,right
227.993,-687,1634,right
228.111,-639,1687,right
228.221,-610,1703,right
228.308,-362,1930,right
228.428,-391,1960,right
228.509,-373,1976,right
228.633,-396,2005,right
228.703,-385,2030,right
228.825,-398,2043,right
228.895,-415,2047,right
229.012,-416,2046,right
229.107,-425,1874,right
229.217,-476,1763,right
229.319,-469,1755,right
229.423,-468,1757,right
229.499,-464,1782,right
229.627,-463,1782,right
229.716,-440,1810,right
229.750,-432,1805,right
233.691,-1252,1374,left
233.776,-1252,1375,left
236.694,-397,1144,right
236.777,-397,1144,right
238.412,-1019,1788,left
238.536,-1019,1788,left
249.894,-1141,1857,right
250.019,-1141,1857,right
250.395,-1140,1855,left
250.484,-1139,1855,left
253.265,-336,1289,right
253.359,-336,1288,right
253.469,-342,1297,right
253.572,-345,1291,right
253.681,-356,1294,right
253.782,-369,1291,right
253.866,-373,1292,right
253.981,-373,1292,right
254.078,-373,1292,right
254.185,-377,1295,right
254.271,-377,1296,right
254.388,-377,1299,right
257.675,-515,1118,right
257.737,-515,1118,right
259.919,-374,1342,right
260.019,-375,1348,right
260.123,-376,1348,right
260.278,-375,1348,right
262.087,-1017,1798,left
262.155,-1017,1798,left
268.141,-1185,2017,left
268.247,-1182,2015,left
268.496,-1182,2010,right
268.611,-1181,2010,right
269.301,-530,1089,right
269.628,-533,1081,right
269.704,-533,1087,right
269.820,-543,1078,right
269.905,-549,1085,right
270.042,-549,1085,right
273.398,-368,1060,right
273.478,-368,1060,right
273.587,-362,1082,right
273.678,-361,1084,right
273.814,-356,1137,right
273.950,-356,1139,right
275.167,-326,443,right
275.273,-335,447,right
275.352,-338,443,right
275.472,-338,442,right
275.540,-339,442,right
275.644,-339,444,right
275.747,-353,461,right
275.857,-356,475,right
275.986,-359,476,right
276.049,-359,476,right
276.892,-359,476,right
277.008,-359,476,right
282.882,-507,1101,right
282.948,-549,1134,right
283.059,-572,1150,right
283.152,-584,1158,right
283.312,-624,1210,right
283.413,-644,1249,right
283.516,-651,1285,right
283.607,-662,1292,right
284.089,-706,1495,right
284.196,-707,1500,right
284.304,-703,1507,right
284.410,-704,1513,right
284.490,-704,1512,right
284.600,-705,1513,right
284.743,-703,1507,right
284.858,-703,1507,right
284.960,-698,1509,right
285.053,-698,1509,right
285.129,-696,1505,right
285.234,-698,1496,right
285.298,-690,1484,right
285.435,-696,1502,right
285.518,-689,1521,right
285.621,-727,1539,right
286.132,-637,1700,right
286.251,-672,1731,right
286.337,-708,1723,right
286.443,-721,1733,right
286.516,-746,1752,right
286.648,-747,1732,right
286.719,-744,1733,right
286.829,-771,1721,right
287.035,-441,1340,right
287.146,-337,1162,right
287.243,-339,1159,right
287.365,-320,1149,right
287.451,-280,1108,right
287.594,-263,1105,right
287.950,-220,1168,right
288.075,-238,1186,right
288.171,-328,1206,right
288.304,-486,1231,right
288.414,-518,1230,right
288.504,-525,1229,right
288.658,-340,1329,right
288.777,-265,1346,right
288.852,-326,1385,right
288.965,-447,1403,right
289.714,-624,1294,right
289.816,-550,1297,right
289.913,-470,1212,right
290.037,-499,1166,right
290.133,-551,1158,right
290.261,-657,1096,right
290.406,-719,1087,right
290.496,-726,1069,right
290.662,-621,984,right
290.761,-594,937,right
290.854,-595,933,right
290.974,-650,949,right
291.650,-499,1409,right
291.749,-494,1410,right
291.842,-454,1446,right
291.960,-445,1466,right
292.043,-418,1569,right
292.164,-511,1546,right
293.008,-1096,791,left
293.091,-1096,791,left
293.245,-427,1105,right
293.356,-243,1324,right
293.413,-187,1398,right
293.547,-239,1428,right
293.908,-776,1321,right
294.042,-888,1256,right
294.132,-887,1233,right
294.246,-892,1234,right
294.989,-1019,1380,right
295.115,-1040,1391,right
295.206,-1012,1451,right
295.322,-1016,1447,right
295.809,-685,1429,right
295.890,-682,1432,right
296.017,-638,1461,right
296.116,-644,1470,right
296.200,-609,1462,right
296.334,-631,1456,right
296.538,-631,1456,right
296.615,-631,1456,right
296.725,-378,1263,right
296.834,-495,1219,right
296.937,-563,1232,right
297.048,-711,1175,right
297.132,-740,1213,right
297.244,-778,1214,right
297.581,-832,960,right
297.671,-829,967,right
297.774,-818,1034,right
297.870,-810,1056,right
297.942,-789,1053,right
298.056,-852,1052,right
298.299,-656,926,right
298.395,-659,921,right
298.486,-688,888,right
298.600,-803,761,right
298.965,-723,346,right
299.067,-731,359,right
299.170,-734,363,right
299.278,-747,379,right
299.375,-800,376,right
299.490,-882,353,right
299.578,-910,323,right
299.691,-914,331,right
299.775,-902,339,right
299.887,-903,350,right
299.978,-922,346,right
300.090,-1216,239,right
300.183,-1139,238,right
300.331,-1279,256,right
300.866,-780,1388,right
300.965,-745,1396,right
301.050,-849,1361,right
301.178,-941,1149,right
301.277,-938,1160,right
301.376,-949,1141,right
301.458,-950,1138,right
301.580,-987,1119,right
301.639,-1005,1117,right
301.751,-1279,1039,right
302.015,-907,1180,right
302.113,-916,1177,right
302.239,-893,1161,right
302.341,-867,1085,right
302.396,-811,1047,right
302.518,-813,933,right
302.591,-821,907,right
302.697,-811,977,right
302.826,-779,964,right
302.951,-764,1022,right
303.015,-717,1026,right
303.095,-708,1001,right
303.171,-638,1019,right
303.326,-637,1030,right
303.396,-603,1035,right
303.526,-598,1034,right
303.658,-583,1031,right
303.730,-567,1031,right
303.822,-542,1034,right
303.902,-550,1043,right
303.982,-533,1075,right
304.093,-573,1044,right
304.185,-545,1033,right
304.295,-549,1033,right
304.382,-544,1056,right
304.494,-534,1093,right
304.574,-517,1144,right
304.685,-527,1153,right
304.813,-156,1513,right
304.925,-109,1600,right
305.200,-187,1490,right
305.313,-96,1532,right
305.394,-3,1696,right
305.481,-7,1758,right
306.211,-466,1353,right
306.300,-422,1430,right
306.390,-330,1553,right
306.520,-257,1593,right
306.609,-152,1658,right
306.731,-107,1696,right
306.797,-65,1726,right
306.930,-68,1742,right
307.024,-69,1745,right
307.139,-82,1734,right
307.229,-59,1733,right
307.342,-62,1733,right
307.435,-66,1725,right
307.567,-82,1706,right
307.630,-83,1695,right
307.749,-89,1692,right
307.826,-91,1685,right
307.935,-91,1682,right
308.015,-87,1664,right
308.118,-87,1666,right
310.528,-1239,1376,left
310.634,-1239,1376,left
326.110,-1091,856,left
326.227,-1091,856,left
327.380,-1127,1903,left
327.471,-1127,1903,left
331.992,-587,944,right
332.111,-588,933,right
332.197,-604,917,right
332.317,-623,858,right
332.384,-629,848,right
332.494,-634,827,right
332.584,-635,817,right
332.683,-636,813,right
332.773,-637,812,right
332.885,-663,777,right
332.967,-669,774,right
333.084,-678,741,right
333.160,-679,741,right
333.281,-679,742,right
333.346,-679,743,right
333.485,-679,743,right
333.555,-679,743,right
333.678,-681,734,right
333.762,-682,734,right
333.883,-694,704,right
333.980,-694,700,right
334.098,-698,687,right
334.200,-703,681,right
334.301,-709,654,right
334.420,-706,644,right
334.532,-706,644,right
334.667,-706,644,right
334.764,-706,644,right
335.327,-955,296,right
335.454,-901,408,right
336.481,-524,688,right
336.573,-514,706,right
337.107,-809,743,right
337.220,-798,806,right
338.482,-526,1204,right
338.579,-535,1194,right
338.689,-536,1192,right
338.804,-537,1177,right
339.215,-599,1097,right
339.320,-615,1062,right
339.413,-615,1061,right
339.526,-615,1061,right
339.655,-615,1062,right
339.778,-620,1038,right
340.039,-485,985,right
340.161,-479,966,right
340.253,-476,941,right
340.333,-476,941,right
340.433,-476,942,right
340.522,-476,942,right
340.629,-445,965,right
340.776,-455,911,right
340.874,-460,898,right
340.985,-496,821,right
341.076,-497,819,right
341.183,-517,798,right
341.272,-563,788,right
341.377,-635,680,right
341.473,-641,671,right
341.590,-642,668,right
341.676,-642,668,right
341.791,-642,668,right
341.887,-641,669,right
342.002,-642,666,right
342.100,-642,666,right
342.207,-645,673,right
342.338,-606,741,right
342.442,-597,748,right
342.536,-538,844,right
342.646,-535,825,right
342.751,-539,803,right
342.858,-569,728,right
342.955,-568,729,right
343.086,-568,730,right
343.177,-562,759,right
343.285,-559,767,right
343.378,-553,811,right
343.489,-553,816,right
343.578,-553,821,right
343.684,-553,823,right
343.783,-552,823,right
343.899,-552,824,right
343.994,-553,822,right
344.110,-553,824,right
344.198,-555,822,right
344.311,-562,813,right
344.396,-571,810,right
344.523,-609,765,right
344.613,-621,761,right
344.730,-655,729,right
344.830,-656,730,right
344.963,-655,730,right
345.045,-678,710,right
345.176,-691,694,right
345.532,-671,757,right
345.657,-671,757,right
345.981,-642,776,right
346.110,-647,788,right
346.201,-647,787,right
346.326,-647,787,right
346.429,-647,786,right
346.572,-647,786,right
347.457,-390,1140,right
347.574,-383,1153,right
347.711,-410,1081,right
347.827,-365,968,right
347.911,-359,957,right
348.036,-359,956,right
348.147,-374,959,right
348.258,-497,973,right
348.363,-514,965,right
348.477,-655,739,right
348.552,-704,659,right
348.664,-810,582,right
348.867,-550,1044,right
348.973,-518,1072,right
349.083,-414,1289,right
349.194,-406,1299,right
349.294,-361,1374,right
349.438,-364,1382,right
350.379,-231,1300,right
350.479,-228,1302,right
350.975,-229,1128,right
351.059,-244,1073,right
351.226,-128,1313,right
351.320,-75,1435,right
351.402,-0,1727,right
351.512,-0,1737,right
354.048,-156,1556,right
354.135,-139,1561,right
354.253,-62,1850,right
354.381,-256,1812,right
354.846,-431,2047,right
354.947,-445,1978,right
355.036,-250,1873,right
355.146,-220,1868,right
355.223,-185,1836,right
355.332,-167,1857,right
355.394,-134,1901,right
355.531,-166,1897,right
355.626,-81,1947,right
355.739,-71,1979,right
355.825,-0,2047,right
355.975,-1,2047,right
356.137,-86,1883,right
356.278,-165,1780,right
356.367,-112,1819,right
356.478,-111,1817,right
356.563,-103,1817,right
356.695,-95,1824,right
357.093,-335,1596,right
357.216,-348,1538,right
357.335,-290,1696,right
357.455,-289,1700,right
357.750,-139,1848,right
357.926,-125,1863,right
358.451,-96,1756,right
358.557,-96,1756,right
358.667,-113,1727,right
358.776,-163,1606,right
358.890,-177,1583,right
359.001,-185,1518,right
359.141,-209,1429,right
359.243,-209,1429,right
359.936,-183,1316,right
360.036,-260,1138,right
360.126,-399,970,right
360.216,-542,720,right
360.296,-661,589,right
360.392,-916,219,right
360.449,-1181,0,right
360.608,-1279,0,right
360.678,-1279,0,right
360.817,-1251,18,right
360.911,-977,463,right
361.012,-981,458,right
361.426,-613,646,right
361.549,-777,708,right
361.627,-803,696,right
361.786,-1279,0,right
362.543,-771,791,right
362.640,-809,800,right
362.745,-807,810,right
362.841,-822,799,right
362.928,-852,798,right
363.053,-869,798,right
363.142,-844,795,right
363.245,-848,773,right
363.362,-833,762,right
363.464,-833,758,right
363.579,-816,750,right
363.691,-818,731,right
363.815,-798,681,right
363.906,-821,619,right
364.023,-817,541,right
364.139,-864,430,right
364.245,-870,403,right
364.337,-885,372,right
365.932,-463,843,right
366.027,-439,831,right
366.103,-416,851,right
366.208,-490,827,right
366.296,-531,910,right
366.411,-555,915,right
366.485,-604,1066,right
366.589,-628,1122,right
366.701,-458,1366,right
366.806,-277,1576,right
367.004,-111,1921,right
367.092,-121,1883,right
367.211,-0,2047,right
367.332,-19,2041,right
367.527,-334,1355,right
367.642,-371,1320,right
367.725,-397,1392,right
367.845,-455,1405,right
367.942,-476,1489,right
368.062,-485,1490,right
368.217,-571,1455,right
368.323,-585,1390,right
368.826,-591,1248,right
368.925,-595,1249,right
369.015,-595,1249,right
369.115,-570,1232,right
369.210,-478,1146,right
369.324,-533,1060,right
369.386,-643,985,right
369.504,-751,850,right
369.581,-794,779,right
369.722,-864,691,right
369.793,-850,644,right
369.904,-897,587,right
370.002,-869,575,right
370.107,-868,572,right
370.227,-806,569,right
370.329,-804,569,right
370.434,-779,592,right
370.542,-779,578,right
370.644,-675,611,right
370.761,-728,594,right
370.850,-760,607,right
370.954,-758,613,right
371.043,-678,732,right
371.152,-679,745,right
371.274,-661,767,right
371.372,-636,794,right
371.501,-466,1284,right
371.610,-347,1586,right
371.697,-297,1630,right
371.810,-237,1634,right
371.886,-163,1723,right
372.000,-132,1731,right
372.084,-37,1798,right
372.199,-0,1959,right
372.494,-179,1757,right
372.609,-245,1604,right
372.704,-249,1629,right
372.823,-459,1200,right
372.973,-760,720,right
373.117,-849,650,right
373.176,-835,696,right
373.272,-853,714,right
373.353,-772,743,right
373.476,-782,766,right
373.559,-730,987,right
373.673,-706,1032,right
373.747,-674,1062,right
373.866,-661,1076,right
373.925,-662,1075,right
374.053,-679,1028,right
374.130,-679,1016,right
374.233,-678,1015,right
374.317,-675,1001,right
374.413,-675,1004,right
374.496,-656,1067,right
374.602,-656,1068,right
374.682,-656,1064,right
374.792,-656,1064,right
374.905,-636,1045,right
374.986,-571,1109,right
375.083,-371,1398,right
375.187,-330,1430,right
375.382,-150,1663,right
375.429,-176,1655,right
375.553,-331,1591,right
375.667,-331,1590,right
375.894,-582,814,right
375.994,-596,793,right
376.773,-1105,1028,left
376.851,-1098,1030,left
377.208,-602,785,right
377.317,-593,829,right
377.411,-623,717,right
377.536,-625,654,right
377.581,-621,650,right
377.635,-620,650,right
377.675,-620,651,right
377.768,-619,655,right
378.122,-620,655,right
378.224,-619,655,right
379.100,-1225,295,right
379.215,-1200,350,right
379.312,-1204,349,right
379.425,-1233,303,right
379.928,-384,1028,right
380.019,-394,1049,right
380.103,-358,1123,right
380.228,-372,1127,right
380.861,-561,885,right
381.009,-645,822,right
381.476,-318,1053,right
381.587,-270,1068,right
381.663,-241,1075,right
381.786,-254,1062,right
381.895,-267,1063,right
382.010,-286,1067,right
382.373,-405,930,right
382.505,-435,899,right
382.662,-554,768,right
382.772,-561,761,right
382.863,-590,742,right
383.014,-738,569,right
383.872,-244,1094,right
383.991,-111,1308,right
384.075,-0,1334,right
384.191,-1,1349,right
384.335,-222,1077,right
384.460,-221,992,right
384.558,-172,986,right
384.688,-184,934,right
384.806,-158,944,right
384.918,-174,904,right
385.011,-177,899,right
385.124,-176,898,right
385.231,-73,919,right
385.334,-21,920,right
385.430,-16,921,right
385.537,-24,920,right
385.645,-0,910,right
385.752,-0,910,right
385.911,-171,930,right
386.018,-261,897,right
386.105,-183,823,right
386.223,-194,802,right
386.316,-190,983,right
386.438,-194,981,right
386.541,-129,1113,right
386.660,-133,1107,right
386.747,-117,1096,right
386.862,-117,1095,right
386.965,-61,1050,right
387.077,-54,1031,right
387.167,-38,1027,right
387.291,-37,966,right
387.567,-3,980,right
387.652,-15,998,right
387.764,-0,1071,right
387.881,-2,1080,right
387.981,-135,1293,right
388.103,-383,1283,right
388.185,-339,1303,right
388.300,-338,1307,right
388.965,-355,1618,right
389.080,-300,1645,right
389.164,-277,1712,right
389.266,-269,1733,right
389.344,-185,1788,right
389.470,-206,1795,right
389.560,-212,1807,right
389.687,-229,1838,right
390.158,-162,1633,right
390.271,-162,1639,right
390.418,-0,2047,right
390.483,-6,2036,right
390.638,-180,1739,right
390.734,-179,1740,right
390.835,-160,1789,right
391.000,-160,1790,right
391.768,-232,1624,right
391.870,-232,1622,right
392.216,-189,1144,right
392.337,-169,1136,right
392.478,-130,1138,right
392.603,-129,1137,right
395.175,-149,1082,right
395.271,-150,1122,right
395.354,-85,1171,right
395.459,-190,1132,right
395.528,-190,1132,right
395.629,-188,1143,right
395.714,-139,1176,right
395.830,-139,1174,right
395.936,-133,1174,right
396.065,-136,1162,right
396.204,-137,1161,right
396.318,-137,1161,right
396.797,-0,1248,right
396.911,-21,1281,right
397.007,-68,1430,right
397.123,-70,1429,right
397.232,-23,1434,right
397.354,-5,1444,right
397.826,-248,1570,right
397.939,-267,1607,right
398.044,-276,1653,right
398.152,-322,1660,right
398.269,-347,1663,right
398.393,-352,1666,right
398.501,-353,1666,right
398.619,-353,1666,right
398.736,-351,1662,right
398.858,-351,1662,right
398.965,-348,1663,right
399.073,-350,1663,right
399.197,-350,1664,right
399.314,-350,1664,right
399.428,-349,1663,right
399.553,-348,1663,right
409.454,-1259,1331,left
409.558,-1259,1331,left
410.935,-291,1163,right
411.038,-290,1163,right
412.171,-608,360,left
412.247,-607,359,left
413.066,-382,1263,right
413.207,-385,1272,right
415.070,-1004,1793,right
415.205,-1004,1793,right
415.554,-992,1808,left
415.665,-991,1808,left
422.884,-138,1143,right
422.969,-137,1143,right
423.056,-133,1144,right
423.163,-132,1144,right
423.254,-132,1142,right
423.385,-132,1138,right
423.474,-132,1138,right
423.597,-132,1138,right
423.698,-132,1135,right
423.827,-132,1121,right
423.943,-132,1121,right
424.057,-132,1121,right
425.639,-91,1033,right
425.727,-91,1034,right
425.833,-93,1084,right
425.952,-96,1088,right
426.446,-234,791,right
426.573,-254,748,right
426.659,-276,724,right
426.768,-311,688,right
426.853,-315,683,right
426.971,-323,668,right
427.109,-347,635,right
427.236,-363,598,right
427.332,-366,587,right
427.463,-366,584,right
428.662,-150,1460,right
428.773,-150,1459,right
429.074,-105,1438,right
429.174,-105,1435,right
429.608,-744,1565,right
429.712,-737,1589,right
429.791,-740,1591,right
429.938,-739,1595,right
429.983,-732,1592,right
430.122,-790,1573,right
430.199,-790,1573,right
430.306,-790,1572,right
430.382,-786,1567,right
430.497,-786,1567,right
430.581,-783,1553,right
430.693,-783,1552,right
430.786,-781,1552,right
430.897,-781,1552,right
431.005,-775,1548,right
431.123,-775,1548,right
431.262,-774,1549,right
431.380,-774,1548,right
431.452,-769,1539,right
431.571,-769,1539,right
431.653,-769,1539,right
431.772,-771,1545,right
431.838,-770,1545,right
431.962,-770,1545,right
432.038,-771,1545,right
432.173,-771,1544,right
432.240,-772,1542,right
432.376,-779,1518,right
432.458,-778,1511,right
432.566,-779,1507,right
432.647,-779,1508,right
432.760,-772,1506,right
433.004,-356,1762,right
433.111,-350,1781,right
433.202,-406,1876,right
433.323,-566,1826,right
433.407,-535,1823,right
433.513,-536,1831,right
434.296,-402,1291,right
434.416,-511,1262,right
434.502,-510,1273,right
434.633,-536,1264,right
434.703,-578,1232,right
434.826,-792,1054,right
434.895,-830,996,right
435.156,-970,944,right
435.232,-887,924,right
435.378,-940,824,right
435.446,-937,824,right
435.556,-939,826,right
435.963,-438,1558,right
436.068,-412,1573,right
436.180,-199,1673,right
436.286,-145,1680,right
436.355,-100,1671,right
436.480,-178,1534,right
437.587,-229,1344,right
437.680,-228,1345,right
437.787,-228,1352,right
437.881,-270,1343,right
438.485,-202,1352,right
438.580,-260,1279,right
438.706,-454,1051,right
438.801,-506,1047,right
438.882,-594,1053,right
438.961,-686,985,right
439.043,-699,992,right
439.150,-809,955,right
439.773,-919,916,right
439.859,-918,926,right
439.990,-874,948,right
440.089,-873,948,right
440.769,-513,938,right
440.889,-564,915,right
441.003,-595,938,right
441.094,-636,967,right
441.229,-689,1141,right
441.308,-692,1156,right
441.402,-687,1333,right
441.519,-689,1338,right
441.601,-688,1365,right
441.711,-715,1367,right
441.800,-714,1365,right
441.905,-719,1374,right
442.009,-728,1402,right
442.112,-736,1403,right
442.227,-739,1415,right
442.313,-741,1416,right
442.426,-745,1485,right
442.529,-756,1494,right
442.652,-763,1564,right
442.741,-763,1569,right
442.857,-737,1677,right
442.960,-736,1678,right
443.072,-723,1688,right
443.169,-723,1688,right
443.280,-706,1691,right
443.410,-706,1682,right
444.085,-685,1529,right
444.181,-594,1169,right
444.268,-559,1138,right
444.384,-594,1107,right
444.464,-594,1099,right
444.592,-659,922,right
444.666,-694,860,right
444.769,-690,845,right
444.862,-651,844,right
444.975,-651,845,right
445.067,-649,857,right
445.172,-649,859,right
445.269,-650,859,right
445.380,-649,859,right
445.462,-649,859,right
445.607,-701,793,right
445.685,-713,809,right
445.794,-714,814,right
445.948,-472,1028,right
446.047,-424,1063,right
446.153,-288,1138,right
446.255,-291,1145,right
446.346,-244,1200,right
446.463,-244,1205,right
446.556,-145,1232,right
446.670,-144,1232,right
446.797,-125,1230,right
446.916,-156,1203,right
447.047,-194,1096,right
447.174,-280,966,right
447.278,-516,873,right
447.383,-647,835,right
447.659,-575,913,right
447.773,-574,923,right
447.876,-583,923,right
447.986,-627,882,right
448.081,-677,825,right
448.198,-736,689,right
448.289,-746,675,right
448.399,-748,664,right
448.478,-745,662,right
448.584,-745,662,right
448.680,-755,739,right
448.798,-765,759,right
449.039,-452,1094,right
449.133,-449,1102,right
449.264,-354,1144,right
449.362,-349,1140,right
449.474,-276,1150,right
449.574,-248,1147,right
449.678,-199,1157,right
449.793,-210,1151,right
449.932,-317,1033,right
450.068,-579,871,right
450.149,-616,857,right
450.255,-820,745,right
450.696,-743,926,right
450.797,-751,926,right
450.923,-689,942,right
451.046,-691,928,right
451.124,-722,931,right
451.270,-824,809,right
451.330,-846,795,right
451.433,-908,781,right
451.509,-929,768,right
451.621,-955,743,right
451.937,-939,787,right
452.030,-868,793,right
452.103,-746,774,right
452.212,-754,775,right
452.296,-716,774,right
452.409,-744,686,right
452.491,-782,559,right
452.603,-789,574,right
452.685,-770,629,right
452.793,-809,622,right
452.887,-810,623,right
452.993,-809,624,right
453.088,-685,692,right
453.194,-687,680,right
453.279,-673,701,right
453.399,-683,688,right
453.488,-682,692,right
453.585,-682,692,right
453.671,-648,665,right
453.770,-682,789,right
453.858,-624,800,right
453.959,-624,798,right
454.050,-615,800,right
454.148,-624,822,right
454.226,-623,833,right
454.329,-663,823,right
454.408,-645,841,right
454.509,-650,837,right
454.622,-564,909,right
454.731,-472,988,right
454.833,-161,1029,right
454.951,-239,1065,right
455.090,-51,1095,right
455.204,-0,1099,right
455.282,-0,1124,right
455.380,-2,1143,right
455.535,-240,1052,right
455.638,-285,909,right
455.737,-296,922,right
455.856,-308,960,right
455.966,-329,1003,right
456.096,-329,1002,right
456.187,-327,996,right
456.287,-392,980,right
456.838,-899,879,right
456.959,-937,872,right
457.058,-832,890,right
457.168,-808,936,right
457.261,-659,973,right
457.361,-620,979,right
457.756,-20,1227,right
457.838,-93,1233,right
457.926,-156,1207,right
458.025,-230,1149,right
458.117,-124,1161,right
458.223,-136,1120,right
458.332,-164,996,right
458.450,-180,928,right
460.278,-1083,862,left
460.363,-1084,861,left
460.703,-347,989,right
460.799,-254,888,right
460.880,-207,792,right
461.011,-243,681,right
461.082,-242,676,right
461.213,-225,623,right
461.337,-194,590,right
461.447,-156,592,right
461.803,-112,801,right
461.898,-116,790,right
462.005,-128,723,right
462.126,-128,722,right
462.268,-0,788,right
462.406,-74,831,right
462.608,-152,705,right
462.694,-171,647,right
462.827,-169,630,right
462.970,-166,632,right
463.077,-146,638,right
463.240,-133,641,right
463.627,-1,708,right
463.746,-30,704,right
464.082,-330,685,right
464.189,-327,681,right
464.313,-313,676,right
464.434,-313,676,right
475.400,-1237,1399,left
475.507,-1242,1401,left
479.487,-1131,1854,right
479.613,-1130,1860,right
480.004,-1130,1860,left
480.119,-1130,1860,left
484.407,-1037,1778,left
484.549,-1035,1778,left
490.427,-737,1451,right
490.517,-737,1456,right
490.597,-645,1650,right
490.705,-722,1696,right
490.791,-678,1716,right
490.910,-645,1715,right
490.981,-594,1733,right
491.107,-584,1741,right
491.208,-552,1775,right
491.329,-552,1776,right
491.415,-547,1785,right
491.532,-546,1785,right
491.636,-541,1787,right
491.740,-541,1787,right
491.861,-537,1790,right
491.978,-537,1792,right
492.098,-531,1790,right
492.227,-528,1789,right
492.316,-528,1789,right
492.459,-527,1789,right
492.646,-494,1795,right
492.776,-494,1794,right
492.906,-494,1794,right
493.050,-494,1794,right
493.820,-459,1436,right
493.990,-458,1435,right
494.106,-411,1438,right
494.218,-418,1429,right
494.723,-223,945,right
494.825,-259,946,right
494.914,-188,833,right
495.023,-33,577,right
495.599,-1176,2047,right
495.714,-981,1887,right
495.825,-822,1844,right
495.932,-830,1814,right
496.038,-801,1797,right
496.159,-793,1767,right
497.157,-639,1682,right
497.250,-626,1663,right
497.366,-594,1629,right
497.464,-558,1528,right
497.587,-485,1365,right
497.704,-462,1272,right
497.814,-428,1165,right
497.918,-425,1115,right
498.018,-424,1094,right
498.117,-423,1030,right
498.228,-365,922,right
498.351,-235,775,right
499.131,-574,512,right
499.231,-585,513,right
499.321,-597,513,right
499.422,-609,514,right
499.505,-609,514,right
499.607,-614,514,right
499.707,-626,516,right
499.830,-639,511,right
499.936,-636,517,right
500.064,-636,515,right
500.156,-636,516,right
500.275,-637,516,right
500.353,-637,517,right
500.480,-656,514,right
500.560,-655,513,right
500.663,-680,507,right
500.812,-668,514,right
500.898,-653,519,right
500.996,-618,548,right
501.096,-629,535,right
501.181,-608,560,right
501.279,-619,552,right
501.359,-618,554,right
501.476,-619,563,right
501.555,-619,563,right
501.655,-623,573,right
501.742,-621,581,right
501.851,-622,585,right
501.920,-606,622,right
502.034,-609,629,right
502.107,-598,662,right
502.220,-609,667,right
502.297,-609,672,right
502.401,-643,677,right
502.511,-657,686,right
502.621,-665,686,right
502.708,-666,686,right
502.815,-666,688,right
502.893,-675,717,right
503.007,-676,719,right
503.068,-677,720,right
503.194,-691,716,right
503.271,-688,707,right
503.388,-690,694,right
503.468,-686,706,right
503.577,-686,708,right
503.655,-690,707,right
503.770,-696,721,right
503.903,-583,1536,right
504.020,-612,1597,right
504.094,-592,1606,right
504.215,-600,1633,right
504.297,-612,1640,right
504.420,-624,1662,right
504.488,-653,1736,right
504.607,-676,1767,right
504.678,-673,1808,right
504.794,-687,1826,right
504.943,-722,1482,right
505.031,-720,1513,right
505.384,-731,957,right
505.489,-735,972,right
505.588,-771,1009,right
505.702,-759,994,right
505.760,-746,1024,right
505.894,-766,1041,right
505.954,-786,1033,right
506.065,-836,1068,right
506.146,-816,1095,right
506.253,-773,1028,right
506.321,-728,1007,right
506.439,-730,1007,right
506.493,-730,1005,right
506.620,-735,1018,right
506.711,-738,1060,right
506.817,-742,1070,right
506.960,-664,1396,right
507.057,-605,1548,right
507.179,-580,1566,right
507.277,-576,1580,right
507.403,-555,1658,right
507.505,-498,1749,right
507.595,-359,1733,right
507.725,-392,1580,right
507.800,-402,1512,right
507.934,-434,1466,right
508.013,-432,1512,right
508.142,-529,1341,right
508.209,-543,1292,right
508.340,-624,1238,right
508.412,-679,1250,right
508.522,-735,1192,right
508.608,-743,1185,right
508.715,-824,1192,right
508.819,-784,1159,right
508.954,-794,1069,right
509.409,-1111,1683,right
509.519,-1101,1701,right
509.598,-1009,1756,right
509.715,-986,1764,right
509.840,-903,1737,right
509.933,-893,1757,right
510.062,-846,1788,right
510.172,-857,1819,right
510.256,-859,1849,right
510.378,-880,1862,right
510.764,-804,1739,right
510.833,-815,1742,right
511.177,-771,1514,right
511.277,-770,1512,right
511.374,-665,1462,right
511.533,-712,1388,right
511.619,-693,1405,right
511.728,-711,1411,right
511.838,-707,1412,right
511.965,-710,1408,right
512.055,-711,1408,right
512.167,-723,1415,right
512.275,-744,1421,right
512.419,-759,1422,right
512.538,-759,1425,right
512.649,-784,1410,right
512.757,-801,1387,right
512.873,-823,1302,right
512.950,-873,1242,right
513.085,-922,1188,right
513.144,-926,1185,right
513.264,-968,1163,right
513.342,-983,1139,right
513.452,-992,1130,right
513.585,-717,1588,right
513.712,-665,1583,right
513.753,-638,1598,right
513.867,-630,1614,right
513.948,-632,1658,right
514.036,-598,1661,right
514.086,-562,1697,right
514.220,-566,1661,right
514.281,-562,1651,right
514.379,-561,1651,right
514.432,-542,1640,right
514.535,-541,1645,right
516.820,-1251,1339,left
516.915,-1251,1339,left
523.709,-1245,1270,left
523.789,-1245,1270,left
525.243,-1251,1352,left
525.332,-1251,1352,left
537.546,-1246,1338,left
537.671,-1246,1338,left
538.519,-365,1035,right
538.675,-370,1022,right
543.343,-545,966,right
543.440,-542,967,right
543.532,-543,967,right
543.620,-543,967,right
543.726,-540,1032,right
543.825,-538,1030,right
543.936,-538,1031,right
544.016,-538,1036,right
544.131,-463,1574,right
544.229,-464,1591,right
544.315,-459,1693,right
544.425,-459,1700,right
544.523,-462,1679,right
544.636,-471,1634,right
544.723,-474,1624,right
544.826,-474,1623,right
544.920,-468,1638,right
545.033,-467,1641,right
545.157,-467,1642,right
545.272,-467,1635,right
545.780,-437,1638,right
545.894,-437,1638,right
546.018,-437,1638,right
546.136,-437,1637,right
546.652,-499,1450,right
546.763,-507,1438,right
546.877,-539,1403,right
547.009,-585,1334,right
548.880,-474,1528,right
548.994,-477,1518,right
549.576,-532,1323,right
549.660,-526,1282,right
549.780,-520,1294,right
549.903,-518,1300,right
551.061,-355,1478,right
551.162,-362,1489,right
551.253,-391,1511,right
551.544,-440,1503,right
551.642,-474,1507,right
551.748,-476,1511,right
554.518,-353,1784,right
554.605,-351,1780,right
554.702,-352,1780,right
554.793,-357,1759,right
554.891,-384,1696,right
554.983,-401,1632,right
555.083,-401,1618,right
555.198,-412,1525,right
555.280,-414,1464,right
555.406,-452,1216,right
555.476,-465,1029,right
555.632,-505,919,right
555.697,-518,906,right
555.824,-631,846,right
555.912,-649,850,right
556.037,-653,829,right
556.111,-662,812,right
556.241,-675,815,right
556.302,-678,815,right
556.438,-689,831,right
556.506,-691,839,right
556.629,-716,843,right
556.720,-719,838,right
556.830,-719,838,right
556.946,-580,1407,right
557.054,-510,1488,right
557.131,-425,1600,right
557.249,-400,1612,right
557.325,-394,1624,right
557.462,-447,1600,right
557.588,-486,1614,right
557.717,-502,1661,right
557.826,-507,1709,right
557.957,-510,1718,right
558.047,-545,1861,right
558.174,-570,1885,right
558.739,-615,1296,right
558.847,-620,1311,right
558.951,-629,1454,right
559.071,-624,1452,right
559.190,-479,1371,right
559.316,-473,1137,right
559.402,-493,1052,right
559.523,-506,909,right
559.641,-492,902,right
559.762,-493,897,right
560.637,-459,1513,right
560.715,-459,1516,right
560.826,-457,1527,right
560.945,-466,1541,right
561.057,-528,1625,right
561.195,-574,1649,right
561.607,-496,1432,right
561.713,-486,1406,right
561.813,-455,1266,right
561.927,-440,1063,right
562.052,-417,728,right
562.250,-498,0,right
562.964,-438,531,right
563.097,-446,493,right
563.183,-457,497,right
563.294,-464,489,right
563.398,-487,504,right
563.514,-494,490,right
563.635,-494,495,right
563.748,-497,506,right
566.024,-557,458,right
566.126,-557,458,right
566.236,-560,430,right
566.350,-563,417,right
567.463,-391,868,right
567.543,-395,855,right
567.665,-494,342,right
567.762,-507,289,right
567.852,-522,289,right
567.966,-521,283,right
568.451,-816,1050,right
568.559,-994,933,right
569.082,-650,744,right
569.188,-651,744,right
570.030,-772,1216,right
570.124,-772,1216,right
570.229,-770,1214,right
570.340,-770,1214,right
570.713,-770,1214,right
570.810,-771,1220,right
571.708,-479,1238,right
571.785,-479,1241,right
572.662,-719,1178,right
572.744,-719,1175,right
572.855,-433,989,right
572.951,-298,883,right
573.028,-288,889,right
573.149,-268,933,right
573.233,-211,1051,right
573.363,-393,1138,right
573.469,-606,1167,right
573.604,-643,1200,right
573.665,-773,1203,right
573.806,-827,1224,right
573.882,-831,1253,right
573.970,-875,1280,right
574.053,-870,1299,right
574.164,-922,1310,right
574.250,-943,1292,right
574.377,-1040,1248,right
574.563,-343,1026,right
574.671,-249,1105,right
574.746,-244,1160,right
574.870,-284,1165,right
574.940,-267,1098,right
575.068,-346,889,right
575.151,-350,777,right
575.283,-367,750,right
575.379,-377,779,right
575.484,-419,804,right
575.606,-442,996,right
575.724,-513,1111,right
575.794,-564,1186,right
575.921,-724,1285,right
575.979,-750,1285,right
576.103,-817,1265,right
576.500,-866,1404,right
576.599,-867,1405,right
576.659,-869,1394,right
576.788,-1065,1450,right
577.157,-704,1632,right
577.248,-713,1646,right
577.332,-704,1629,right
577.436,-741,1642,right
577.494,-791,1683,right
577.614,-863,1702,right
577.684,-855,1688,right
577.800,-888,1751,right
577.885,-1000,1935,right
578.018,-1279,2047,right
578.316,-798,1467,right
578.411,-851,1430,right
578.498,-847,1425,right
578.603,-857,1414,right
578.647,-857,1414,right
578.912,-817,1423,right
578.972,-772,1471,right
579.068,-823,1437,right
579.132,-823,1437,right
579.268,-866,1467,right
579.318,-878,1480,right
579.433,-892,1511,right
579.504,-939,1586,right
579.635,-959,1596,right
579.682,-950,1592,right
579.801,-955,1591,right
579.865,-933,1565,right
579.986,-940,1554,right
580.151,-738,1431,right
580.251,-504,1210,right
580.351,-376,1066,right
580.455,-320,942,right
580.553,-253,902,right
580.666,-306,963,right
580.764,-305,1003,right
580.866,-305,1009,right
580.982,-274,1021,right
581.094,-283,1014,right
581.197,-267,1032,right
581.299,-266,1035,right
581.444,-217,1091,right
581.562,-210,1121,right
581.666,-137,1139,right
581.781,-129,1173,right
581.883,-52,1407,right
582.013,-173,1714,right
582.638,-626,1588,right
582.749,-685,1594,right
582.850,-670,1408,right
582.955,-670,1436,right
583.040,-621,1466,right
583.152,-662,1486,right
583.227,-699,1478,right
583.360,-829,1306,right
583.449,-800,1361,right
583.556,-802,1375,right
583.662,-788,1381,right
583.785,-784,1384,right
583.890,-775,1413,right
584.014,-776,1413,right
584.109,-779,1413,right
584.230,-789,1416,right
584.536,-425,900,right
584.622,-390,712,right
584.707,-345,636,right
585.025,-590,406,right
585.117,-614,464,right
585.230,-666,433,right
585.293,-651,366,right
585.382,-642,361,right
585.473,-579,335,right
585.575,-577,333,right
585.654,-553,327,right
585.757,-555,314,right
585.858,-530,285,right
585.977,-534,276,right
586.058,-486,246,right
586.191,-501,217,right
586.300,-504,0,right
586.428,-580,0,right
586.636,-609,472,right
586.722,-610,480,right
586.824,-547,462,right
586.937,-548,413,right
587.046,-518,356,right
587.157,-562,368,right
587.250,-562,366,right
587.366,-595,315,right
587.457,-579,263,right
587.593,-600,277,right
587.725,-542,578,right
587.851,-502,623,right
587.933,-412,629,right
588.065,-411,644,right
588.131,-417,644,right
588.256,-417,648,right
588.309,-417,647,right
588.436,-434,664,right
588.513,-434,662,right
588.621,-433,664,right
588.697,-414,645,right
588.822,-418,676,right
588.928,-317,1247,right
589.035,-287,1421,right
589.108,-242,1454,right
589.225,-259,1448,right
589.322,-230,1492,right
589.425,-232,1510,right
609.664,-1103,973,left
609.741,-1103,973,left
610.774,-1259,1332,left
610.872,-1259,1332,left
613.989,-1240,1879,left
614.096,-1240,1879,left
624.117,-607,1017,right
624.215,-616,1044,right
624.312,-596,1040,right
624.425,-582,1019,right
624.522,-575,1004,right
624.645,-581,1006,right
624.722,-581,1005,right
624.830,-592,988,right
624.915,-592,981,right
625.032,-592,981,right
625.192,-588,988,right
625.311,-595,1000,right
625.409,-595,1000,right
625.519,-611,973,right
625.608,-610,971,right
625.732,-611,976,right
625.821,-613,976,right
625.925,-613,976,right
626.025,-613,976,right
626.140,-613,977,right
626.571,-669,992,right
626.689,-685,992,right
626.794,-685,992,right
626.890,-688,983,right
627.040,-689,978,right
627.086,-698,931,right
627.197,-680,695,right
627.301,-707,588,right
627.385,-708,493,right
627.512,-777,0,right
628.072,-592,1036,right
628.185,-593,1042,right
628.326,-616,962,right
628.416,-635,901,right
628.525,-638,953,right
628.627,-639,954,right
628.718,-639,954,right
628.824,-638,956,right
628.922,-638,952,right
629.033,-637,952,right
629.122,-637,953,right
629.243,-637,953,right
629.341,-637,951,right
629.441,-636,951,right
629.544,-636,951,right
629.666,-636,953,right
629.803,-636,953,right
629.931,-636,953,right
631.524,-459,1584,right
631.628,-476,1707,right
631.692,-513,1888,right
631.815,-517,1847,right
631.889,-526,1921,right
632.033,-535,1939,right
632.154,-677,1954,right
632.283,-688,1988,right
632.589,-644,1773,right
632.693,-640,1776,right
632.794,-612,1820,right
632.884,-607,1836,right
632.975,-583,1977,right
633.100,-578,1952,right
633.981,-393,1716,right
634.084,-377,1701,right
634.187,-391,1566,right
634.282,-393,1511,right
634.391,-392,1511,right
634.491,-417,1387,right
634.595,-422,1176,right
634.740,-462,833,right
634.821,-545,653,right
634.973,-554,654,right
635.037,-623,622,right
635.165,-632,623,right
635.235,-620,609,right
635.362,-620,596,right
635.433,-634,628,right
635.569,-698,915,right
635.650,-565,1350,right
635.750,-532,1690,right
635.834,-424,1886,right
635.968,-416,1908,right
636.040,-379,2047,right
636.175,-393,2047,right
636.529,-518,1536,right
636.643,-530,1456,right
637.040,-423,1212,right
637.136,-488,1444,right
637.230,-485,1654,right
637.320,-488,1795,right
637.397,-473,1878,right
637.526,-489,1951,right
638.785,-652,1973,right
638.888,-647,2047,right
638.984,-544,2047,right
639.090,-557,2007,right
639.421,-564,1565,right
639.525,-664,1483,right
639.602,-683,1482,right
639.721,-771,1427,right
640.894,-621,1280,right
640.969,-636,1314,right
641.085,-556,1737,right
641.166,-559,1748,right
642.222,-552,1633,right
642.291,-549,1649,right
642.398,-557,1663,right
642.503,-586,1672,right
642.581,-594,1661,right
642.676,-609,1631,right
642.877,-649,1352,right
642.976,-647,1354,right
643.076,-653,1404,right
643.185,-677,1279,right
643.533,-638,676,right
643.648,-639,681,right
643.802,-584,1163,right
643.891,-597,1487,right
644.028,-628,1913,right
644.124,-630,1936,right
644.222,-664,1913,right
644.354,-716,1839,right
644.962,-571,1609,right
645.065,-575,1629,right
645.174,-596,1651,right
645.287,-637,1536,right
645.440,-633,963,right
645.593,-729,904,right
645.676,-740,886,right
645.788,-809,615,right
645.900,-730,462,right
646.010,-733,406,right
646.516,-945,889,right
646.593,-949,902,right
646.725,-941,1039,right
646.844,-929,1206,right
646.919,-958,1317,right
647.037,-983,1326,right
647.156,-995,1355,right
647.256,-996,1369,right
647.372,-993,1399,right
647.491,-993,1402,right
647.631,-989,1352,right
647.750,-976,1216,right
647.851,-970,840,right
647.937,-963,608,right
648.059,-937,599,right
648.183,-1018,454,right
648.299,-996,24,right
648.412,-1030,0,right
649.098,-734,850,right
649.190,-726,795,right
649.307,-723,753,right
649.403,-710,699,right
649.964,-672,691,right
650.095,-676,670,right
650.210,-680,660,right
650.330,-728,532,right
651.357,-726,783,right
651.467,-737,787,right
651.985,-787,770,right
652.094,-787,769,right
652.274,-792,748,right
652.387,-790,741,right
652.625,-738,603,right
652.742,-738,600,right
652.896,-739,598,right
653.007,-738,589,right
653.177,-735,581,right
653.302,-731,578,right
653.436,-727,558,right
653.560,-728,526,right
653.718,-643,390,right
653.822,-616,312,right
653.934,-627,311,right
654.013,-626,311,right
654.115,-627,311,right
654.183,-626,311,right
654.279,-630,332,right
654.366,-632,320,right
654.457,-633,319,right
654.577,-637,305,right
661.375,-533,720,right
661.472,-536,715,right
661.696,-535,1440,right
661.806,-644,1466,right
661.907,-799,1649,right
662.011,-790,1659,right
662.099,-772,1674,right
662.212,-694,1715,right
662.623,-170,1352,right
662.707,-165,1242,right
662.804,-188,1193,right
662.913,-201,1164,right
663.461,-281,1234,right
663.574,-281,1234,right
664.293,-752,1529,right
664.381,-795,1541,right
664.473,-809,1579,right
664.575,-828,1579,right
665.048,-766,1106,right
665.159,-739,1138,right
665.238,-750,1031,right
665.365,-790,597,right
665.722,-875,1741,right
665.810,-873,1741,right
665.906,-745,1814,right
666.004,-701,1908,right
666.088,-620,2047,right
666.185,-621,2015,right
666.321,-434,1498,right
666.441,-402,1355,right
666.490,-370,1273,right
666.612,-422,1329,right
666.704,-414,1341,right
666.806,-407,1328,right
666.865,-393,1313,right
667.297,-377,1321,right
667.355,-377,1329,right
667.484,-413,1305,right
667.547,-426,1275,right
667.648,-472,1178,right
667.721,-464,1161,right
667.836,-424,1300,right
667.939,-428,1276,right
668.042,-543,999,right
668.120,-529,1012,right
668.236,-529,1013,right
668.303,-530,1056,right
668.434,-550,1034,right
668.493,-556,1020,right
668.612,-604,1007,right
668.664,-606,1007,right
668.791,-698,1020,right
668.857,-696,1011,right
668.952,-696,1011,right
669.017,-696,1011,right
669.129,-693,1015,right
669.199,-693,1014,right
669.314,-693,1015,right
669.404,-691,1032,right
669.514,-691,1049,right
669.678,-570,1192,right
669.741,-556,1181,right
669.853,-479,1180,right
669.986,-471,1173,right
670.061,-427,1234,right
670.158,-426,1234,right
670.228,-423,1233,right
670.344,-425,1243,right
670.430,-424,1244,right
670.541,-440,1273,right
670.617,-465,1307,right
670.746,-489,1324,right
670.817,-492,1314,right
670.937,-558,1196,right
700.582,-1185,1773,left
700.698,-1198,1771,left
705.464,-1213,1835,left
705.584,-1213,1837,left
711.985,-405,1870,right
712.087,-405,1879,right
712.176,-407,1881,right
712.271,-408,1890,right
712.355,-402,1928,right
712.465,-399,1916,right
712.543,-399,1917,right
712.652,-387,1936,right
712.753,-387,1938,right
712.822,-387,1938,right
712.966,-507,1965,right
713.051,-625,1961,right
713.134,-623,2036,right
713.253,-732,2047,right
713.586,-861,1583,right
713.683,-862,1586,right
713.778,-858,1613,right
713.899,-859,1627,right
714.370,-735,1649,right
714.482,-738,1654,right
715.157,-648,1493,right
715.291,-724,1463,right
715.405,-740,1158,right
715.559,-739,954,right
715.673,-719,869,right
715.807,-715,760,right
715.935,-662,654,right
716.068,-644,580,right
716.196,-642,561,right
716.292,-641,560,right
716.393,-625,528,right
716.512,-616,321,right
716.898,-353,622,right
716.990,-352,621,right
717.107,-318,561,right
717.204,-294,551,right
717.310,-246,482,right
717.431,-248,484,right
717.528,-249,483,right
717.626,-251,483,right
717.722,-254,486,right
717.817,-289,472,right
717.916,-293,484,right
718.021,-313,503,right
718.107,-319,531,right
718.204,-329,542,right
718.303,-330,537,right
718.394,-331,540,right
718.505,-347,588,right
718.604,-363,601,right
718.713,-400,654,right
718.799,-414,661,right
718.891,-407,671,right
719.007,-440,663,right
719.088,-441,656,right
719.206,-469,665,right
719.300,-468,689,right
719.414,-487,702,right
719.509,-487,738,right
719.615,-493,742,right
719.711,-490,738,right
719.828,-542,779,right
719.917,-605,892,right
720.015,-645,916,right
720.099,-675,1200,right
720.221,-662,1239,right
720.286,-659,1289,right
720.402,-730,1477,right
720.472,-752,1525,right
720.586,-793,1532,right
720.684,-848,1777,right
720.787,-859,1772,right
720.916,-666,1145,right
721.042,-637,936,right
721.116,-638,936,right
721.214,-676,891,right
721.292,-666,873,right
721.404,-679,890,right
721.501,-676,938,right
721.600,-676,930,right
721.692,-656,927,right
721.805,-658,902,right
721.888,-588,857,right
722.000,-589,860,right
722.085,-576,987,right
722.208,-584,998,right
724.042,-1247,1382,left
724.134,-1247,1382,left
743.629,-1101,932,left
743.730,-1101,933,left
746.578,-1243,1356,left
746.673,-1243,1356,left
747.908,-281,1184,right
748.018,-280,1184,right
748.345,-277,1172,right
748.452,-277,1172,right
755.158,-1190,1810,left
755.255,-1189,1810,left
758.937,-245,891,right
759.030,-247,884,right
759.124,-247,873,right
759.225,-257,838,right
759.347,-257,836,right
759.431,-257,835,right
762.437,-875,1064,left
762.850,-640,1024,left
765.596,-1063,1776,left
765.696,-1061,1776,left
766.830,-552,428,right
766.923,-552,428,right
767.036,-551,422,right
767.122,-551,422,right
777.896,-711,920,right
778.006,-750,921,right
778.117,-748,953,right
778.207,-736,957,right
778.301,-614,971,right
778.406,-503,1018,right
778.481,-377,1029,right
778.597,-356,1030,right
778.678,-253,1039,right
778.806,-173,1031,right
780.123,-606,825,right
780.239,-488,838,right
780.351,-399,818,right
780.468,-302,838,right
780.535,-199,752,right
780.674,-329,614,right
780.784,-654,896,right
780.915,-863,733,right
781.004,-866,722,right
781.138,-939,789,right
781.223,-982,821,right
781.340,-965,797,right
781.412,-956,805,right
781.516,-974,829,right
781.613,-991,877,right
781.727,-876,867,right
781.915,-361,841,right
782.012,-341,832,right
782.090,-196,833,right
782.200,-191,836,right
782.281,-175,836,right
782.396,-233,848,right
782.505,-209,846,right
782.616,-132,863,right
782.911,-221,1006,right
783.009,-220,1006,right
783.107,-100,986,right
783.211,-102,986,right
783.679,-751,962,right
783.904,-992,924,right
783.964,-974,912,right
784.075,-971,938,right
784.157,-946,929,right
784.259,-961,919,right
784.335,-956,913,right
784.448,-966,938,right
784.544,-944,980,right
784.675,-951,999,right
784.731,-940,914,right
784.845,-944,933,right
784.912,-949,963,right
785.049,-966,1029,right
785.124,-953,981,right
785.243,-949,1002,right
785.305,-949,1001,right
785.389,-955,996,right
785.477,-941,966,right
785.576,-940,966,right
785.672,-937,969,right
785.790,-940,980,right
785.858,-939,969,right
786.161,-938,967,right
786.248,-926,976,right
786.346,-908,970,right
786.466,-579,992,right
786.578,-376,958,right
789.346,-1233,1339,left
789.445,-1233,1340,left
821.499,-1192,1805,left
821.637,-1191,1805,left
822.806,-1153,1784,left
822.928,-1153,1784,left
823.292,-1053,1775,left
823.397,-1053,1775,left
825.233,-1212,1827,left
825.331,-1211,1826,left
827.763,-356,1332,right
827.841,-356,1332,right
827.972,-357,1332,right
828.039,-356,1332,right
830.811,-354,1331,right
830.889,-354,1331,right
832.567,-358,1237,right
832.642,-358,1237,right
832.780,-361,1239,right
832.891,-359,1238,right
838.123,-389,1531,right
838.210,-389,1532,right
838.305,-384,1590,right
838.435,-385,1598,right
838.908,-360,1545,right
838.998,-363,1541,right
839.114,-373,1548,right
839.240,-374,1552,right
843.422,-92,1572,right
843.495,-92,1571,right
843.608,-92,1572,right
843.660,-90,1572,right
843.747,-42,1644,right
843.846,-41,1655,right
844.245,-99,1913,right
844.351,-256,1786,right
844.453,-234,1612,right
844.558,-181,1266,right
844.626,-178,1245,right
844.774,-178,1245,right
845.026,-157,1105,right
845.146,-142,1017,right
845.235,-142,1002,right
845.348,-173,1002,right
845.440,-432,1422,right
845.551,-540,1474,right
845.637,-583,1481,right
845.765,-586,1481,right
846.239,-598,1369,right
846.350,-685,1349,right
846.469,-706,1321,right
846.569,-725,1218,right
847.333,-546,1627,right
847.447,-689,1565,right
847.535,-682,1571,right
847.654,-899,1695,right
848.714,-622,1400,right
848.809,-532,1412,right
849.210,-309,1364,right
849.296,-235,1386,right
849.389,-143,1471,right
849.503,-235,1473,right
849.601,-253,1475,right
849.719,-215,1454,right
849.851,-131,1375,right
849.936,-102,1316,right
850.043,-25,1235,right
850.158,-21,1233,right
850.252,-77,1259,right
850.398,-323,1390,right
850.483,-344,1409,right
850.605,-357,1415,right
850.692,-424,1443,right
850.824,-502,1475,right
850.906,-506,1476,right
851.044,-506,1475,right
851.215,-0,1323,right
851.325,-0,1313,right
851.407,-0,1315,right
851.521,-123,1405,right
851.609,-145,1481,right
851.724,-126,1514,right
851.805,-93,1571,right
851.910,-91,1571,right
852.021,-59,1579,right
852.138,-59,1582,right
852.286,-46,1599,right
852.423,-45,1597,right
854.157,-338,1629,right
854.238,-322,1625,right
854.349,-241,1339,right
854.477,-254,1255,right
854.561,-239,1229,right
854.684,-236,1159,right
854.789,-217,1086,right
854.894,-205,1048,right
855.019,-172,1002,right
855.128,-164,976,right
855.277,-108,946,right
855.371,-93,944,right
855.504,-0,928,right
855.618,-0,902,right
856.144,-137,737,right
856.268,-40,681,right
857.193,-0,86,right
857.290,-4,103,right
868.034,-550,369,right
868.137,-550,369,right
868.247,-544,360,right
868.351,-524,347,right
868.445,-497,329,right
868.546,-497,332,right
868.647,-501,338,right
868.777,-505,344,right
868.936,-520,287,right
869.047,-518,287,right
869.423,-266,495,right
869.533,-263,496,right
869.829,-41,599,right
869.925,-1,629,right
870.014,-0,639,right
870.107,-31,666,right
870.212,-92,667,right
870.309,-100,664,right
870.410,-57,622,right
870.527,-48,614,right
870.617,-35,606,right
870.736,-34,606,right
870.841,-29,601,right
870.959,-24,600,right
871.090,-6,598,right
871.267,-5,598,right
871.488,-24,670,right
871.605,-41,675,right
873.409,-98,740,right
873.551,-98,747,right
874.208,-106,974,right
874.345,-102,1010,right
874.484,-102,1010,right
874.610,-102,1010,right
875.982,-87,1089,right
876.088,-92,1082,right
876.212,-98,1028,right
876.335,-112,979,right
876.441,-168,902,right
876.568,-377,560,right
876.649,-581,491,right
876.768,-993,545,right
876.851,-991,536,right
876.961,-1034,420,right
877.025,-1125,280,right
877.170,-1279,89,right
877.319,-1093,267,right
877.441,-1072,286,right
877.526,-1071,281,right
877.646,-1071,281,right
877.739,-1072,275,right
877.857,-1086,262,right
877.957,-1086,261,right
878.070,-1085,263,right
878.163,-1085,263,right
878.283,-1087,268,right
878.375,-1089,273,right
878.514,-1091,284,right
879.164,-741,380,right
879.277,-767,416,right
879.391,-790,429,right
879.511,-810,443,right
879.648,-871,412,right
879.778,-926,387,right
879.919,-941,441,right
880.059,-941,444,right
881.494,-899,769,right
881.606,-898,768,right
881.728,-655,675,right
881.824,-423,602,right
881.919,-119,659,right
882.036,-87,675,right
882.104,-9,713,right
882.227,-2,712,right
882.310,-2,735,right
882.439,-103,771,right
882.528,-112,784,right
882.639,-123,791,right
882.729,-101,790,right
882.835,-99,790,right
882.920,-97,797,right
883.056,-95,802,right
883.124,-92,810,right
883.246,-92,820,right
883.358,-92,821,right
883.504,-92,828,right
883.599,-90,831,right
883.723,-90,831,right
883.819,-90,831,right
883.940,-91,836,right
884.106,-0,982,right
884.236,-31,1009,right
884.315,-60,989,right
884.433,-89,967,right
884.522,-94,962,right
884.634,-93,962,right
884.714,-90,961,right
884.834,-91,964,right
884.924,-89,981,right
885.029,-89,988,right
885.119,-91,990,right
885.253,-94,990,right
885.338,-94,989,right
885.443,-85,997,right
885.587,-0,1253,right
885.728,-147,1222,right
885.798,-147,1218,right
885.922,-146,1218,right
886.033,-152,1214,right
886.133,-153,1218,right
886.248,-157,1218,right
886.363,-157,1219,right
886.845,-883,961,right
886.953,-667,1042,right
887.052,-382,1206,right
887.149,-308,1247,right
887.226,-84,1326,right
887.336,-95,1348,right
887.416,-121,1353,right
887.530,-134,1403,right
887.612,-47,1477,right
887.732,-44,1490,right
887.827,-45,1490,right
887.937,-45,1490,right
888.017,-0,1562,right
888.141,-0,1741,right
888.381,-292,1875,right
888.496,-364,2020,right
888.908,-473,1176,right
889.019,-434,1291,right
889.088,-323,1462,right
889.209,-332,1482,right
889.307,-312,1531,right
889.416,-313,1535,right
889.498,-300,1532,right
889.616,-299,1535,right
889.725,-279,1542,right
889.845,-270,1557,right
889.922,-243,1631,right
890.037,-242,1641,right
890.138,-190,1734,right
890.251,-193,1747,right
890.358,-193,1748,right
890.459,-210,1702,right
890.774,-858,424,right
890.894,-867,474,right
890.991,-743,716,right
891.094,-691,1206,right
891.183,-275,1510,right
891.272,-242,1692,right
891.349,-177,1935,right
891.437,-196,1911,right
891.535,-208,1812,right
891.625,-444,1289,right
891.716,-453,1041,right
891.835,-626,864,right
891.904,-612,824,right
892.015,-616,892,right
892.073,-589,909,right
892.187,-575,922,right
892.281,-562,939,right
892.372,-557,939,right
892.451,-495,1044,right
892.565,-504,1076,right
892.660,-335,1438,right
892.768,-303,1614,right
892.838,-228,1732,right
892.943,-272,1810,right
893.021,-163,1905,right
893.117,-164,1915,right
893.198,-70,2024,right
893.318,-69,2047,right
893.407,-54,2041,right
893.517,-75,2023,right
893.630,-126,1411,right
893.752,-128,1429,right
893.832,-94,1443,right
893.950,-85,1446,right
899.422,-1086,1015,left
899.511,-1085,1015,left
901.204,-1241,1340,left
901.297,-1241,1340,left
903.615,-1256,1375,left
903.691,-1255,1375,left
908.114,-574,269,left
908.199,-574,269,left
910.552,-462,333,left
910.627,-462,333,left
911.487,-380,1293,right
911.609,-379,1293,right
913.226,-1157,1933,left
913.314,-1157,1933,left
917.430,-1102,1754,left
917.548,-1102,1754,left
920.937,-1182,1937,left
921.035,-1182,1938,left
927.077,-1084,893,left
927.170,-1084,893,left
945.781,-844,1230,right
945.881,-927,1492,right
945.993,-951,1567,right
946.079,-892,1603,right
946.187,-856,1759,right
946.281,-849,1770,right
946.380,-830,1869,right
946.500,-814,1922,right
946.596,-767,1973,right
946.708,-771,2027,right
946.802,-753,2047,right
946.913,-751,2047,right
946.992,-725,2047,right
947.104,-731,2047,right
947.372,-732,1749,right
947.486,-731,1748,right
947.759,-46,1560,right
947.876,-197,1296,right
947.995,-6,1497,right
948.110,-0,1516,right
948.869,-513,942,right
948.975,-520,943,right
949.105,-543,908,right
949.231,-547,887,right
949.327,-570,863,right
949.432,-587,833,right
949.528,-577,796,right
949.643,-578,751,right
949.732,-587,716,right
949.835,-590,616,right
949.990,-500,797,right
950.089,-462,879,right
950.196,-416,809,right
950.280,-417,791,right
950.426,-258,1136,right
950.515,-272,1092,right
950.622,-214,1200,right
950.758,-253,1129,right
950.845,-388,669,right
950.967,-470,611,right
951.067,-566,491,right
951.179,-597,367,right
951.315,-519,321,right
951.437,-441,158,right
951.511,-325,76,right
951.641,-311,0,right
951.905,-126,641,right
952.007,-124,640,right
952.103,-51,673,right
952.226,-57,666,right
952.376,-222,688,right
952.517,-304,701,right
952.612,-260,693,right
952.741,-273,714,right
952.822,-356,707,right
952.937,-323,701,right
953.022,-297,696,right
953.144,-291,685,right
953.200,-293,685,right
953.514,-439,656,right
953.571,-441,650,right
953.710,-453,650,right
953.766,-450,639,right
953.894,-451,641,right
953.950,-450,638,right
954.086,-466,627,right
954.159,-467,598,right
954.281,-498,645,right
954.356,-535,641,right
954.475,-543,657,right
954.576,-537,686,right
954.708,-536,690,right
954.821,-558,959,right
954.926,-594,1016,right
955.019,-627,1130,right
955.135,-628,1144,right
955.220,-628,1143,right
955.339,-686,1092,right
955.449,-765,903,right
955.611,-1261,301,right
955.851,-809,722,right
955.972,-809,720,right
956.066,-809,720,right
956.188,-860,737,right
956.704,-764,703,right
956.804,-764,768,right
956.901,-776,788,right
956.983,-782,800,right
957.538,-722,1003,right
957.641,-722,1002,right
957.727,-725,942,right
957.835,-758,858,right
957.941,-758,855,right
958.059,-760,851,right
958.152,-782,786,right
958.287,-807,782,right
958.391,-810,787,right
958.478,-825,778,right
958.582,-755,770,right
958.697,-760,778,right
958.811,-762,784,right
958.924,-785,785,right
959.028,-786,779,right
959.130,-803,766,right
959.227,-811,760,right
959.325,-843,763,right
959.430,-848,778,right
959.543,-847,778,right
959.658,-841,783,right
959.755,-842,785,right
959.852,-843,778,right
959.957,-851,770,right
960.680,-402,923,right
960.767,-283,959,right
960.873,-61,1005,right
960.983,-0,1060,right
961.078,-0,1139,right
961.215,-65,1185,right
961.440,-173,1573,right
961.560,-163,1640,right
962.259,-547,1465,right
962.379,-546,1465,right
962.440,-532,1440,right
962.548,-532,1440,right
962.634,-530,1426,right
962.732,-530,1429,right
962.813,-530,1428,right
962.929,-530,1434,right
962.991,-528,1425,right
963.094,-530,1434,right
963.207,-505,1422,right
963.288,-438,1432,right
963.377,-384,1456,right
963.496,-385,1461,right
963.577,-333,1478,right
963.679,-336,1479,right
963.755,-338,1476,right
963.871,-337,1479,right
963.938,-292,1480,right
964.055,-331,1499,right
964.146,-311,1486,right
964.253,-285,1482,right
964.334,-219,1475,right
964.458,-227,1457,right
964.535,-232,1434,right
964.650,-270,1370,right
964.769,-272,1350,right
964.863,-281,1303,right
964.987,-286,1282,right
965.074,-286,1284,right
965.185,-285,1276,right
965.292,-285,1276,right
965.373,-301,1260,right
965.497,-362,1206,right
965.566,-360,1193,right
965.684,-382,1198,right
965.776,-469,1076,right
965.878,-578,959,right
965.964,-585,886,right
966.075,-639,643,right
966.163,-650,602,right
966.274,-655,604,right
966.395,-659,595,right
966.495,-699,547,right
966.577,-711,534,right
966.707,-737,533,right
966.802,-735,544,right
966.921,-745,546,right
967.428,-286,1230,right
967.539,-328,1278,right
967.613,-421,1180,right
967.724,-409,1185,right
967.808,-408,1183,right
967.894,-413,1170,right
967.984,-429,1092,right
968.098,-477,1045,right
968.168,-490,1000,right
968.305,-539,946,right
968.383,-543,929,right
968.517,-545,929,right
968.614,-542,925,right
968.706,-542,925,right
968.808,-539,915,right
968.925,-539,918,right
969.021,-539,913,right
969.128,-539,913,right
969.213,-537,930,right
969.318,-562,922,right
969.425,-550,915,right
969.517,-530,936,right
969.646,-448,1142,right
969.774,-524,1263,right
969.845,-499,1382,right
969.957,-550,1377,right
970.081,-531,1433,right
970.161,-518,1459,right
970.279,-314,1394,right
970.385,-279,1332,right
970.483,-215,1222,right
970.620,-282,990,right
970.706,-321,880,right
970.836,-455,797,right
970.924,-502,799,right
971.054,-571,800,right
971.119,-557,799,right
971.262,-602,801,right
971.310,-602,798,right
971.430,-600,796,right
971.500,-595,792,right
971.613,-594,793,right
971.692,-582,804,right
971.831,-582,817,right
971.930,-582,815,right
972.066,-582,817,right
972.158,-568,804,right
972.264,-568,804,right
972.388,-430,713,right
972.506,-530,590,right
972.581,-560,564,right
972.705,-641,551,right
972.796,-686,538,right
972.925,-937,485,right
973.155,-1030,364,right
973.253,-941,453,right
974.030,-677,904,right
974.129,-709,945,right
974.220,-706,1023,right
974.344,-703,1022,right
974.849,-783,1155,right
974.996,-901,1174,right
975.082,-921,1206,right
975.202,-931,1221,right
975.295,-936,1216,right
975.434,-1222,1319,right
975.695,-981,1327,right
975.803,-985,1346,right
975.933,-987,1354,right
976.045,-987,1354,right
976.528,-765,1584,right
976.636,-777,1620,right
976.735,-793,1693,right
976.871,-850,1653,right
977.083,-841,1388,right
977.214,-882,1232,right
977.320,-888,1229,right
977.431,-947,1130,right
977.840,-857,788,right
977.945,-862,811,right
978.365,-739,498,right
978.482,-738,480,right
978.954,-757,101,right
979.076,-788,232,right
979.938,-557,558,right
980.049,-514,569,right
980.140,-473,596,right
980.227,-475,610,right
980.317,-480,646,right
980.408,-485,632,right
980.500,-486,633,right
980.617,-489,639,right
981.804,-1083,932,left
981.900,-1083,932,left
982.603,-710,536,right
982.719,-724,434,right
982.812,-701,403,right
982.909,-701,389,right
983.002,-668,331,right
983.105,-663,325,right
983.175,-665,326,right
983.299,-664,327,right
983.389,-634,360,right
983.521,-636,336,right
983.609,-606,305,right
983.746,-587,274,right
983.801,-584,263,right
983.923,-595,207,right
984.002,-595,205,right
984.136,-624,200,right
984.197,-626,201,right
984.332,-704,341,right
984.391,-704,615,right
984.513,-854,488,right
984.582,-767,507,right
984.698,-716,674,right
984.759,-642,847,right
984.889,-676,834,right
984.963,-681,866,right
985.080,-726,813,right
985.155,-696,811,right
985.286,-718,817,right
985.350,-658,861,right
985.465,-635,925,right
985.547,-502,1297,right
985.673,-501,1647,right
985.752,-497,1762,right
985.863,-530,1786,right
985.936,-524,1831,right
986.064,-525,1871,right
986.144,-522,1924,right
986.257,-542,2010,right
986.330,-507,2047,right
986.453,-508,2047,right
986.565,-399,2023,right
986.672,-562,1533,right
986.783,-428,1614,right
986.894,-497,1654,right
986.991,-495,1763,right
987.120,-489,1807,right
987.197,-450,1949,right
987.323,-467,1958,right
987.514,-448,1888,right
987.651,-467,1948,right
987.921,-442,1905,right
988.025,-463,2047,right
988.145,-494,1963,right
988.263,-614,1641,right
988.337,-633,1617,right
988.462,-695,1510,right
988.530,-696,1431,right
988.654,-726,1337,right
988.740,-725,1327,right
988.879,-746,1223,right
988.943,-764,919,right
989.051,-782,627,right
989.123,-768,488,right
989.245,-868,0,right
989.416,-703,632,right
989.525,-710,597,right
989.617,-659,662,right
989.740,-648,680,right
989.813,-645,677,right
989.903,-646,681,right
989.970,-639,698,right
990.082,-661,712,right
990.169,-614,815,right
990.278,-609,823,right
990.351,-556,991,right
990.483,-578,1032,right
990.613,-569,1100,right
990.712,-569,1103,right
990.804,-557,1138,right
990.921,-557,1146,right
990.994,-553,1173,right
991.133,-644,1119,right
991.206,-627,1111,right
991.316,-644,1122,right
991.393,-638,1172,right
991.503,-642,1161,right
991.627,-392,1520,right
991.749,-404,1541,right
991.828,-402,1551,right
991.943,-423,1581,right
992.037,-440,1580,right
992.161,-511,1561,right
992.259,-531,1523,right
992.362,-541,1512,right
992.454,-390,1337,right
992.588,-402,1290,right
992.678,-392,1264,right
992.812,-427,1094,right
992.901,-436,997,right
993.001,-458,867,right
993.099,-434,820,right
993.219,-442,575,right
993.550,-241,649,right
993.658,-247,565,right
993.754,-189,311,right
993.885,-237,291,right
993.993,-249,288,right
994.116,-255,228,right
994.545,-352,530,right
994.669,-351,533,right
995.386,-679,1325,right
995.501,-787,1281,right
995.591,-810,1234,right
995.685,-835,1229,right
995.775,-847,1223,right
995.898,-847,1227,right
996.026,-844,1226,right
996.148,-844,1226,right
996.264,-839,1226,right
996.392,-839,1226,right
996.774,-677,1695,right
996.864,-763,1584,right
996.963,-746,1664,right
997.075,-725,1696,right
997.226,-706,1754,right
997.330,-705,1755,right
998.763,-1240,1323,left
998.844,-1240,1324,left
1049.697,-210,1469,right
1049.805,-208,1465,right
1049.904,-187,1468,right
1050.007,-177,1445,right
1050.090,-150,1448,right
1050.187,-149,1444,right
1050.280,-67,1436,right
1050.393,-72,1367,right
1050.492,-73,1366,right
1050.593,-85,1291,right
1050.678,-85,1285,right
1050.779,-85,1283,right
1050.869,-20,1322,right
1050.990,-21,1327,right
1051.073,-21,1328,right
1051.195,-24,1341,right
1051.262,-20,1356,right
1051.392,-21,1374,right
1051.488,-11,1408,right
1051.617,-0,1625,right
1051.965,-538,1761,right
1052.072,-767,1734,right
1052.171,-766,1667,right
1052.296,-770,1681,right
1052.396,-783,1686,right
1052.518,-801,1681,right
1052.593,-817,1654,right
1053.063,-772,1643,right
1053.123,-756,1622,right
1053.239,-757,1624,right
1053.319,-760,1598,right
1053.422,-773,1592,right
1053.507,-786,1570,right
1053.613,-786,1569,right
1053.691,-755,1525,right
1053.801,-756,1526,right
1053.943,-737,1514,right
1054.079,-721,1526,right
1054.161,-721,1526,right
1054.260,-721,1533,right
1054.348,-693,1513,right
1054.456,-690,1493,right
1054.565,-682,1376,right
1054.670,-678,1362,right
1054.761,-660,1366,right
1054.870,-635,1366,right
1054.968,-592,1392,right
1055.082,-593,1396,right
1055.171,-536,1449,right
1055.272,-539,1450,right
1055.369,-540,1450,right
1055.482,-539,1449,right
1055.548,-540,1448,right
1055.649,-549,1436,right
1055.744,-549,1447,right
1055.848,-549,1446,right
1055.949,-538,1441,right
1056.048,-537,1441,right
1056.144,-515,1446,right
1056.258,-518,1452,right
1056.354,-518,1452,right
1056.472,-516,1451,right
1056.700,-454,1438,right
1056.799,-454,1439,right
1056.911,-453,1436,right
1056.998,-453,1438,right
1057.108,-466,1357,right
1057.204,-465,1358,right
1057.308,-449,1413,right
1057.411,-453,1418,right
1057.508,-454,1417,right
1057.596,-457,1411,right
1057.699,-456,1414,right
1057.802,-463,1413,right
1057.938,-478,1441,right
1058.033,-498,1443,right
1058.401,-567,1646,right
1058.522,-710,1708,right
1058.605,-716,1706,right
1058.726,-774,1748,right
1059.012,-830,1614,right
1059.129,-814,1614,right
1059.618,-622,1123,right
1059.721,-632,1152,right
1060.288,-724,766,right
1060.390,-747,731,right
1061.725,-920,888,right
1061.835,-1008,782,right
1062.116,-573,1206,right
1062.211,-497,1338,right
1062.293,-491,1372,right
1062.406,-637,1311,right
1062.910,-1107,938,left
1062.998,-1107,938,left
1063.264,-677,1241,right
1063.398,-1279,1191,right
1063.536,-673,1202,right
1063.652,-849,1105,right
1063.757,-857,1069,right
1063.826,-858,1064,right
1063.953,-546,946,right
1064.067,-477,777,right
1064.152,-448,677,right
1064.259,-402,605,right
1064.348,-235,450,right
1064.477,-146,0,right
1064.830,-342,478,right
1064.945,-372,492,right
1065.049,-416,611,right
1065.154,-509,573,right
1065.226,-508,562,right
1065.363,-510,556,right
1065.439,-511,554,right
1065.558,-548,429,right
1065.641,-534,409,right
1065.771,-539,413,right
1065.867,-538,410,right
1065.977,-546,381,right
1066.545,-764,390,right
1066.681,-837,346,right
1066.780,-851,352,right
1066.893,-849,349,right
1067.041,-823,348,right
1067.168,-828,354,right
1067.616,-1062,0,right
1067.755,-1130,32,right
1068.443,-758,997,right
1068.483,-757,994,right
1068.557,-710,1008,right
1068.631,-720,989,right
1070.246,-996,991,right
1070.343,-995,992,right
1070.435,-942,1117,right
1070.558,-938,1047,right
1070.672,-937,1017,right
1070.691,-937,1017,right
1070.911,-379,1240,right
1071.016,-351,1255,right
1071.087,-224,1201,right
1071.203,-253,1193,right
1071.303,-154,1191,right
1071.424,-140,1211,right
1071.537,-84,1226,right
1071.648,-73,1245,right
1072.662,-684,1466,right
1072.763,-745,1387,right
1072.849,-744,1385,right
1072.954,-744,1385,right
1073.049,-740,1393,right
1073.162,-769,1371,right
1073.917,-732,696,right
1074.089,-895,604,right
1074.204,-842,629,right
1074.307,-932,786,right
1074.399,-926,916,right
1074.541,-1003,966,right
1074.641,-944,965,right
1074.726,-919,919,right
1074.795,-803,909,right
1074.905,-911,931,right
1074.981,-911,944,right
1075.102,-940,953,right
1075.178,-930,915,right
1075.301,-1001,872,right
1075.383,-995,828,right
1075.496,-997,821,right
1075.843,-1012,777,right
1075.952,-1023,752,right
1076.214,-783,969,right
1076.319,-807,997,right
1076.467,-766,1055,right
1076.573,-753,1075,right
1076.672,-715,1090,right
1076.787,-717,1098,right
1077.659,-495,961,right
1077.770,-504,994,right
1077.850,-618,1012,right
1077.975,-721,959,right
1078.059,-694,903,right
1078.193,-817,750,right
1078.252,-813,764,right
1078.362,-820,782,right
1078.471,-667,901,right
1078.581,-634,955,right
1078.656,-633,937,right
1078.770,-639,917,right
1078.856,-608,930,right
1078.969,-627,905,right
1079.047,-602,907,right
1079.154,-508,966,right
1079.265,-228,1105,right
1079.370,-229,1109,right
1079.449,-120,1176,right
1079.569,-129,1214,right
1079.641,-123,1221,right
1079.747,-112,1249,right
1079.834,-54,1288,right
1079.950,-53,1338,right
1080.053,-0,1510,right
1080.163,-18,1605,right
1080.244,-19,1606,right
1080.353,-69,1637,right
1080.443,-100,1655,right
1080.565,-114,1670,right
1080.665,-115,1676,right
1080.781,-116,1680,right
1080.864,-132,1692,right
1080.976,-137,1693,right
1081.066,-137,1695,right
1081.174,-139,1690,right
1081.267,-141,1690,right
1081.377,-141,1688,right
1081.469,-140,1691,right
1081.581,-138,1704,right
1081.680,-94,1892,right
1081.805,-108,1905,right
1081.898,-110,1922,right
1082.019,-127,1917,right
1082.112,-109,1977,right
1082.230,-49,2047,right
1108.239,-719,989,left
1108.386,-719,989,left
1115.376,-686,1199,left
1115.483,-686,1199,left
1125.926,-832,1143,left
1126.061,-832,1143,left
1159.233,-669,1554,left
1159.697,-111,642,left
1160.180,-0,129,left
1160.302,-0,129,left