z,y,x,button
1.543,-740,206,right
1.632,-837,275,right
1.728,-904,524,right
1.836,-907,533,right
1.918,-898,552,right
2.016,-878,564,right
2.628,-827,746,right
2.696,-825,753,right
2.816,-826,744,right
2.878,-826,741,right
3.008,-813,751,right
3.108,-812,750,right
3.206,-788,744,right
3.308,-779,712,right
3.429,-778,711,right
3.514,-770,711,right
3.643,-720,732,right
3.735,-719,732,right
3.846,-696,729,right
3.965,-695,729,right
11.133,-537,1023,right
11.214,-536,1024,right
11.314,-529,1023,right
11.409,-529,1012,right
11.503,-530,1012,right
11.610,-526,1005,right
11.707,-526,1003,right
11.805,-562,877,right
11.907,-582,705,right
12.002,-647,366,right
12.091,-686,309,right
12.213,-743,253,right
12.337,-739,279,right
12.460,-739,278,right
12.732,-683,340,right
12.855,-696,300,right
12.984,-722,231,right
13.107,-774,175,right
13.428,-780,592,right
13.519,-809,632,right
13.634,-794,833,right
13.732,-734,865,right
13.842,-607,1046,right
13.970,-486,1056,right
14.071,-450,1089,right
14.179,-411,1123,right
14.266,-381,1193,right
14.391,-383,1188,right
14.477,-384,1188,right
14.604,-387,1182,right
14.826,-387,1182,right
14.948,-387,1182,right
15.079,-393,1187,right
15.189,-394,1184,right
15.326,-394,1197,right
15.458,-394,1197,right
15.590,-394,1197,right
15.696,-394,1197,right
15.830,-394,1197,right
15.950,-394,1197,right
18.931,-791,285,right
19.047,-986,204,right
19.142,-939,225,right
19.261,-927,225,right
20.329,-970,431,right
20.427,-969,420,right
20.794,-561,1475,right
20.890,-569,1449,right
20.977,-611,1369,right
21.078,-601,1392,right
21.262,-422,1498,right
21.377,-531,1219,right
21.459,-645,830,right
21.583,-781,592,right
21.991,-581,1256,right
22.094,-578,1255,right
22.210,-570,1257,right
22.285,-489,1406,right
22.373,-444,1761,right
22.485,-532,1688,right
22.556,-553,1503,right
22.653,-700,921,right
22.731,-737,553,right
22.849,-788,367,right
22.921,-785,355,right
23.041,-785,357,right
23.135,-796,335,right
23.281,-958,0,right
23.559,-853,287,right
23.678,-896,206,right
23.774,-904,176,right
23.917,-1279,0,right
24.173,-938,668,right
24.281,-920,634,right
24.363,-972,595,right
24.475,-978,592,right
25.075,-541,1597,right
25.172,-531,1583,right
25.252,-525,1571,right
25.368,-567,1527,right
25.423,-573,1510,right
25.687,-649,1254,right
25.757,-629,1264,right
25.882,-646,1271,right
25.971,-685,1269,right
26.085,-656,1294,right
26.178,-638,1279,right
26.242,-637,1279,right
26.321,-628,1257,right
26.423,-628,1257,right
26.510,-601,1264,right
26.609,-614,1228,right
26.691,-593,1224,right
26.789,-612,1215,right
26.881,-610,1208,right
26.992,-613,1216,right
27.104,-620,1235,right
27.218,-645,1268,right
27.305,-671,1279,right
27.420,-669,1283,right
27.502,-664,1378,right
27.613,-663,1394,right
27.714,-554,1437,right
27.821,-542,1450,right
27.930,-491,1499,right
28.021,-498,1474,right
28.109,-449,1567,right
28.229,-480,1594,right
28.347,-513,1474,right
28.459,-558,1149,right
28.545,-581,1014,right
28.644,-572,1052,right
28.725,-495,1237,right
28.848,-504,1202,right
28.912,-466,1270,right
29.026,-490,1280,right
29.119,-410,1304,right
29.232,-423,1249,right
29.315,-376,1315,right
29.445,-365,1398,right
29.521,-333,1409,right
29.626,-323,1415,right
29.711,-292,1437,right
29.812,-302,1436,right
29.915,-330,1531,right
30.002,-331,1537,right
30.235,-482,1407,right
30.351,-486,1403,right
30.446,-483,1419,right
30.555,-516,1360,right
30.647,-513,1372,right
30.754,-512,1375,right
30.849,-496,1381,right
30.953,-496,1380,right
31.094,-477,1407,right
31.224,-477,1411,right
31.724,-517,1502,right
31.837,-563,1469,right
31.930,-570,1545,right
32.051,-557,1650,right
32.129,-485,1778,right
32.283,-420,1978,right
32.699,-329,1261,right
32.802,-329,1255,right
32.887,-320,1279,right
33.000,-337,1284,right
33.149,-72,1636,right
33.302,-91,1610,right
33.622,-295,1257,right
33.736,-382,1193,right
33.815,-455,1073,right
33.932,-588,877,right
34.037,-568,921,right
34.140,-417,1283,right
34.222,-331,1569,right
34.342,-358,1569,right
34.439,-369,1645,right
34.546,-381,1587,right
34.660,-384,1581,right
34.746,-375,1596,right
34.837,-416,1286,right
34.951,-641,769,right
35.031,-677,726,right
35.148,-725,704,right
35.235,-732,766,right
35.364,-763,775,right
35.473,-766,752,right
35.607,-772,745,right
35.810,-772,799,right
35.930,-759,799,right
36.057,-725,724,right
36.163,-789,625,right
36.727,-1088,871,left
36.814,-1088,871,left
37.103,-770,723,right
37.196,-768,721,right
37.305,-688,627,right
37.417,-647,648,right
37.502,-707,654,right
37.629,-758,663,right
37.743,-732,907,right
37.850,-709,908,right
37.954,-632,1092,right
38.087,-688,1134,right
38.173,-750,1281,right
38.287,-752,1284,right
38.397,-753,1328,right
38.500,-778,1356,right
38.597,-773,1585,right
38.695,-772,1585,right
38.824,-700,1602,right
38.907,-638,1613,right
38.943,-572,1652,right
39.000,-572,1645,right
39.030,-571,1668,right
39.118,-597,1680,right
39.182,-603,1712,right
39.303,-614,1715,right
39.392,-608,1694,right
39.515,-619,1673,right
39.630,-591,1666,right
39.733,-604,1636,right
39.835,-530,1674,right
39.943,-537,1680,right
40.037,-509,1666,right
40.141,-511,1654,right
40.227,-518,1653,right
40.340,-530,1653,right
40.423,-531,1645,right
40.520,-534,1638,right
40.608,-554,1585,right
40.714,-572,1525,right
40.800,-576,1455,right
40.907,-576,1448,right
41.019,-577,1442,right
41.128,-717,980,right
41.218,-743,790,right
41.329,-771,730,right
41.408,-780,669,right
41.537,-815,560,right
41.653,-768,703,right
41.766,-794,684,right
41.854,-760,710,right
41.968,-755,726,right
42.055,-759,702,right
42.168,-778,641,right
42.271,-755,691,right
42.375,-760,660,right
42.471,-742,676,right
42.583,-743,664,right
42.669,-723,704,right
42.791,-727,706,right
42.890,-733,713,right
43.011,-742,700,right
43.096,-745,713,right
43.213,-772,684,right
43.303,-774,685,right
43.439,-794,684,right
43.544,-785,724,right
43.689,-797,716,right
43.794,-794,723,right
43.831,-794,723,right
43.922,-763,888,right
44.050,-823,873,right
44.146,-844,840,right
44.254,-885,852,right
44.355,-810,1070,right
44.478,-773,1215,right
44.565,-705,1612,right
44.701,-701,1674,right
44.812,-710,1670,right
44.917,-773,868,right
44.995,-739,652,right
45.110,-770,539,right
45.216,-759,521,right
45.329,-762,496,right
45.427,-750,481,right
45.538,-764,473,right
45.807,-787,454,right
45.937,-788,455,right
46.067,-840,413,right
46.192,-1279,149,right
46.415,-727,749,right
46.517,-640,976,right
46.615,-549,1109,right
46.722,-537,1108,right
46.861,-393,1289,right
46.977,-373,1327,right
47.092,-339,1426,right
47.187,-322,1441,right
47.321,-305,1465,right
47.412,-299,1469,right
47.515,-284,1459,right
47.643,-288,1455,right
47.716,-288,1451,right
47.823,-297,1446,right
47.917,-305,1436,right
48.008,-311,1446,right
48.113,-273,1475,right
48.238,-273,1480,right
48.353,-264,1511,right
48.464,-285,1487,right
48.553,-318,1374,right
48.665,-569,755,right
48.740,-617,655,right
48.858,-708,509,right
48.936,-755,446,right
49.056,-795,408,right
49.140,-800,404,right
49.260,-804,424,right
49.376,-788,485,right
49.500,-800,485,right
49.757,-685,803,right
49.824,-701,800,right
49.962,-740,759,right
50.064,-732,765,right
50.166,-688,629,right
50.302,-794,358,right
50.387,-793,386,right
50.510,-799,384,right
50.775,-639,615,right
50.880,-622,691,right
50.982,-550,886,right
51.091,-542,945,right
51.238,-477,1154,right
51.321,-438,1236,right
51.436,-378,1330,right
51.570,-446,1384,right
51.661,-476,1378,right
51.778,-655,889,right
51.887,-616,618,right
52.010,-756,511,right
52.097,-810,447,right
52.252,-1083,293,right
52.368,-1058,319,right
52.520,-1054,303,right
52.609,-1096,110,right
52.728,-1269,17,right
52.931,-873,626,right
53.039,-873,624,right
53.162,-785,711,right
53.290,-737,740,right
53.612,-119,1171,right
53.756,-157,1173,right
53.864,-241,1121,right
53.975,-409,922,right
54.128,-698,644,right
54.226,-1279,151,right
54.350,-934,277,right
54.481,-884,317,right
54.568,-914,109,right
54.703,-1024,0,right
55.068,-880,683,right
55.198,-901,517,right
55.290,-892,491,right
55.432,-928,420,right
55.797,-472,754,right
55.907,-444,772,right
55.997,-365,789,right
56.108,-358,790,right
56.214,-330,760,right
56.375,-331,733,right
56.582,-369,523,right
56.719,-504,404,right
56.806,-550,402,right
56.919,-768,356,right
57.017,-814,380,right
57.137,-964,593,right
57.297,-935,1224,right
57.408,-891,1213,right
57.504,-776,1509,right
57.598,-763,1550,right
57.700,-608,1957,right
57.839,-576,2037,right
58.857,-734,843,right
58.964,-719,809,right
59.041,-678,830,right
59.159,-691,846,right
60.554,-997,850,right
60.658,-1015,900,right
60.751,-1000,1002,right
60.840,-1009,1008,right
60.984,-954,1016,right
61.109,-998,821,right
62.123,-896,1187,right
62.237,-927,1187,right
62.324,-921,1224,right
62.424,-959,1213,right
63.946,-729,1272,right
64.018,-729,1271,right
64.135,-781,1162,right
64.212,-781,1162,right
64.349,-752,1161,right
64.431,-739,1160,right
65.407,-729,1047,right
65.534,-831,807,right
65.611,-794,710,right
65.711,-790,506,right
65.800,-746,432,right
65.925,-756,425,right
66.008,-742,411,right
66.140,-748,270,right
66.531,-1248,367,right
66.634,-1255,337,right
66.737,-1047,563,right
66.850,-1219,532,right
67.126,-918,635,right
67.220,-902,642,right
67.307,-900,632,right
67.399,-925,618,right
67.552,-898,575,right
67.685,-1038,474,right
68.832,-609,700,right
68.946,-919,388,right
69.036,-940,367,right
69.184,-1279,155,right
69.470,-1074,123,right
69.573,-1051,135,right
70.214,-1103,867,left
70.288,-1103,868,left
70.707,-897,294,right
70.804,-897,298,right
73.097,-587,923,right
73.191,-584,964,right
73.274,-543,1035,right
73.374,-545,1011,right
73.461,-420,1009,right
73.577,-422,1001,right
73.676,-395,1013,right
73.770,-393,1015,right
73.861,-323,1179,right
73.962,-333,1171,right
74.077,-325,1191,right
74.168,-337,1188,right
74.261,-337,1199,right
74.367,-337,1199,right
74.466,-311,1219,right
74.566,-311,1219,right
74.789,-298,1220,right
74.835,-294,1206,right
75.014,-311,1144,right
75.137,-337,1059,right
75.247,-337,1054,right
75.350,-337,1054,right
75.445,-336,1058,right
75.563,-335,1058,right
75.947,-415,1012,left
76.564,-640,1024,left
77.118,-866,1039,right
77.216,-859,1040,right
77.315,-811,1046,right
77.425,-812,1043,right
78.261,-592,954,right
78.353,-620,879,right
78.466,-655,816,right
78.589,-723,693,right
79.200,-500,521,right
79.316,-507,421,right
79.384,-506,420,right
79.509,-606,373,right
79.571,-604,369,right
79.691,-678,351,right
79.903,-705,1147,right
80.008,-897,1247,right
80.089,-898,1266,right
80.190,-1002,1286,right
80.274,-1018,1297,right
80.399,-1091,1287,right
80.680,-770,1390,right
80.787,-806,1383,right
80.873,-852,1377,right
80.994,-908,1344,right
81.097,-915,1347,right
81.241,-1027,1362,right
81.543,-806,1268,right
81.646,-822,1257,right
81.741,-853,1212,right
81.862,-910,1130,right
81.957,-915,1086,right
82.079,-935,981,right
82.173,-935,914,right
82.282,-966,766,right
82.391,-842,554,right
82.484,-766,480,right
82.585,-512,398,right
82.691,-444,335,right
82.793,-218,191,right
82.948,-0,0,right
83.483,-290,713,right
83.583,-283,703,right
83.691,-279,700,right
83.806,-283,660,right
84.265,-515,808,right
84.408,-657,620,right
84.498,-673,682,right
84.618,-749,601,right
84.723,-745,626,right
84.824,-764,641,right
85.548,-539,769,right
85.662,-474,717,right
85.732,-466,682,right
85.857,-487,625,right
85.910,-449,590,right
86.054,-455,593,right
86.155,-453,605,right
86.237,-433,656,right
86.324,-403,711,right
86.452,-851,654,right
86.535,-820,628,right
86.708,-1114,285,right
86.869,-1003,590,right
86.977,-1012,534,right
87.069,-907,441,right
87.199,-983,312,right
87.301,-971,265,right
87.435,-985,225,right
87.549,-938,157,right
87.659,-899,63,right
88.101,-107,894,right
88.234,-206,819,right
88.322,-218,805,right
88.449,-572,674,right
88.531,-650,521,right
88.653,-878,159,right
88.734,-1001,67,right
88.836,-1147,0,right
88.933,-1009,182,right
89.035,-998,136,right
89.178,-784,348,right
89.306,-802,341,right
89.414,-806,338,right
89.533,-860,272,right
89.679,-789,279,right
89.808,-774,262,right
89.921,-580,320,right
90.045,-502,276,right
90.283,-630,1061,right
90.421,-600,1140,right
90.496,-526,1202,right
90.625,-638,1122,right
90.730,-633,1043,right
90.838,-421,1060,right
91.037,-261,1238,right
91.206,-244,1365,right
91.288,-191,1406,right
91.414,-215,1377,right
91.503,-246,1343,right
91.633,-676,1160,right
91.714,-725,1205,right
91.840,-867,1167,right
91.935,-891,1184,right
92.073,-998,1156,right
92.180,-1003,1138,right
92.291,-1017,1141,right
92.392,-1036,1222,right
92.511,-1020,1210,right
92.704,-353,1299,right
92.831,-267,1267,right
92.927,-221,1237,right
93.040,-311,1225,right
93.145,-571,1348,right
93.271,-826,1348,right
93.369,-923,1415,right
93.479,-1122,1417,right
93.566,-1130,1408,right
93.692,-1151,1404,right
93.778,-1174,1411,right
93.892,-1198,1406,right
94.097,-664,1372,right
94.220,-636,1258,right
94.327,-433,1322,right
94.431,-236,1323,right
94.521,-89,1374,right
94.658,-133,1440,right
94.750,-84,1541,right
94.857,-84,1540,right
94.996,-57,1496,right
95.123,-102,1382,right
95.207,-102,1386,right
95.322,-281,1083,right
95.405,-389,1005,right
95.522,-522,923,right
95.597,-559,885,right
95.739,-568,909,right
95.818,-556,893,right
95.946,-715,702,right
96.294,-88,1226,right
96.410,-95,1234,right
96.524,-71,1237,right
96.658,-90,1198,right
96.819,-152,1142,right
96.956,-207,1068,right
97.116,-127,1096,right
97.249,-591,644,right
97.338,-560,693,right
97.452,-703,688,right
97.560,-591,778,right
97.683,-520,803,right
97.784,-370,920,right
97.900,-384,853,right
98.048,-128,1035,right
98.146,-160,1026,right
98.252,-122,1091,right
98.366,-137,1080,right
98.444,-141,1077,right
98.569,-196,993,right
98.644,-198,977,right
98.769,-496,645,right
98.844,-618,434,right
98.946,-701,399,right
99.053,-687,397,right
99.153,-681,407,right
99.240,-666,296,right
99.350,-675,295,right
99.467,-484,726,right
99.601,-536,1027,right
99.690,-482,1397,right
99.800,-376,1436,right
99.891,-244,1487,right
100.023,-0,2047,right
100.152,-1,2047,right
100.231,-238,1880,right
100.368,-265,1476,right
100.506,-270,1422,right
100.620,-337,1212,right
100.727,-344,1123,right
100.810,-272,1259,right
100.963,-326,1378,right
101.047,-362,1414,right
101.163,-412,1431,right
101.256,-406,1436,right
101.367,-405,1432,right
101.452,-380,1308,right
101.572,-399,1292,right
101.653,-416,1237,right
101.790,-433,1051,right
101.844,-434,1030,right
102.014,-479,865,right
102.098,-461,922,right
102.233,-456,972,right
102.314,-459,1028,right
102.434,-535,988,right
102.508,-552,886,right
102.645,-626,944,right
102.710,-639,946,right
102.805,-712,897,right
102.890,-695,779,right
103.006,-698,775,right
103.091,-668,746,right
103.219,-719,651,right
103.309,-730,528,right
103.424,-818,386,right
103.514,-771,302,right
103.642,-772,304,right
103.729,-774,306,right
103.855,-883,169,right
103.954,-882,177,right
104.072,-884,180,right
104.166,-875,211,right
104.296,-871,218,right
104.397,-853,206,right
104.520,-895,153,right
104.641,-853,176,right
104.769,-853,176,right
104.955,-853,178,right
105.096,-854,178,right
105.196,-863,201,right
105.321,-952,127,right
105.400,-960,133,right
105.544,-1004,136,right
105.639,-1004,153,right
105.760,-1005,161,right
109.001,-1239,1311,left
109.100,-1237,1312,left
110.821,-355,1331,right
110.940,-355,1331,right
111.885,-58,1006,left
111.976,-58,1006,left
112.573,-58,1006,right
112.703,-58,1006,right
112.997,-58,1006,left
113.096,-58,1006,left
125.398,-64,1070,left
125.510,-63,1070,left
126.139,-52,1071,left
126.201,-52,1071,left
127.350,-1243,1354,left
127.439,-1242,1354,left
138.783,-793,750,left
138.868,-807,756,left
140.631,-1270,1731,left
140.724,-1271,1731,left
141.074,-1257,1738,left
141.180,-1258,1740,left
141.832,-1041,1949,right
141.943,-1040,1949,right
144.177,-1090,1922,left
144.277,-1090,1924,left
144.799,-1112,2014,left
144.913,-1112,2013,left
150.329,-49,995,right
150.511,-51,1060,right
150.593,-21,1035,right
150.775,-0,993,right
152.890,-367,883,right
152.992,-372,888,right
153.073,-373,889,right
153.177,-380,883,right
153.267,-374,898,right
153.380,-373,898,right
153.465,-373,897,right
153.588,-373,896,right
153.669,-368,890,right
153.793,-371,878,right
153.876,-358,870,right
153.993,-358,870,right
154.080,-331,867,right
154.203,-333,867,right
154.346,-365,938,right
154.475,-384,937,right
154.789,-341,882,right
154.891,-341,882,right
155.012,-320,889,right
155.118,-319,885,right
155.215,-285,880,right
155.355,-284,880,right
155.442,-284,880,right
155.560,-284,880,right
155.666,-284,880,right
155.778,-284,880,right
156.096,-455,1094,right
156.186,-516,1147,right
156.276,-580,1242,right
156.407,-770,1318,right
156.527,-1175,1465,right
156.593,-1217,1359,right
156.670,-1044,1214,right
156.768,-1033,1216,right
157.125,-772,1154,right
157.223,-750,1135,right
157.312,-820,1165,right
157.417,-838,1195,right
157.495,-826,1261,right
157.628,-1131,1402,right
158.348,-264,622,right
158.453,-273,601,right
158.540,-394,749,right
158.643,-993,911,right
158.863,-934,1151,right
158.978,-960,1161,right
159.059,-970,1190,right
159.179,-1135,1211,right
160.037,-840,1179,right
160.127,-866,1188,right
160.209,-868,1210,right
160.329,-1132,1179,right
161.161,-507,1092,right
161.264,-871,1268,right
161.361,-1102,1196,right
161.382,-1102,1196,right
161.625,-1022,1129,right
161.730,-1009,1131,right
161.846,-1027,1133,right
161.941,-1081,1095,right
162.685,-961,1025,right
162.771,-962,1023,right
162.874,-928,1019,right
162.982,-928,1016,right
163.686,-244,610,right
163.806,-251,581,right
163.879,-257,607,right
163.970,-364,692,right
164.410,-946,1238,right
164.507,-961,1246,right
164.602,-1009,1277,right
164.718,-1054,1290,right
165.957,-921,1090,right
166.077,-940,1078,right
166.449,-831,1123,right
166.540,-825,1085,right
166.640,-540,981,right
166.744,-473,1012,right
166.858,-349,1052,right
166.968,-318,1051,right
167.036,-283,1063,right
167.129,-285,1072,right
167.218,-310,1068,right
167.311,-310,1070,right
167.392,-313,1064,right
167.490,-325,1053,right
167.574,-327,1047,right
167.680,-344,1007,right
167.760,-405,955,right
167.863,-541,833,right
167.952,-676,648,right
168.058,-688,455,right
168.138,-674,438,right
168.245,-691,396,right
168.328,-684,404,right
168.429,-725,299,right
168.918,-425,1174,right
169.015,-462,1129,right
169.094,-439,808,right
169.192,-684,358,right
169.279,-676,322,right
169.399,-830,0,right
169.703,-636,465,right
169.801,-711,360,right
169.899,-722,324,right
170.005,-798,214,right
170.097,-792,169,right
170.236,-988,25,right
170.819,-892,44,right
170.920,-894,0,right
171.037,-800,25,right
171.136,-705,154,right
171.954,-467,1457,right
172.046,-379,889,right
172.135,-280,660,right
172.226,-315,531,right
172.301,-124,599,right
172.417,-136,609,right
172.520,-117,626,right
172.638,-119,623,right
172.741,-121,617,right
172.864,-187,490,right
172.978,-4,352,right
173.115,-128,192,right
173.244,-480,202,right
173.390,-528,83,right
173.477,-495,55,right
173.643,-501,0,right
173.736,-513,0,right
173.836,-656,0,right
173.979,-612,242,right
174.156,-625,303,right
174.276,-589,271,right
174.421,-601,248,right
174.543,-584,195,right
174.656,-584,193,right
174.773,-562,190,right
174.963,-568,165,right
175.054,-542,163,right
175.178,-544,145,right
175.282,-516,92,right
175.395,-522,38,right
175.524,-513,20,right
175.655,-447,0,right
175.987,-398,580,right
176.115,-400,572,right
177.036,-390,443,right
177.167,-390,443,right
177.754,-362,438,right
177.877,-368,419,right
178.241,-365,403,right
178.380,-357,365,right
178.967,-68,101,right
179.083,-100,115,right
179.199,-149,92,right
179.327,-162,81,right
180.170,-150,167,right
180.309,-189,148,right
181.498,-264,1249,right
181.596,-264,1257,right
182.164,-202,1484,right
182.278,-252,1403,right
182.389,-264,1283,right
182.481,-265,1227,right
182.582,-253,1205,right
182.699,-253,1207,right
182.785,-266,1212,right
182.891,-274,1254,right
183.670,-130,1646,right
183.781,-132,1644,right
184.127,-280,1200,right
184.237,-280,1200,right
184.368,-267,1236,right
184.421,-267,1236,right
185.105,-556,321,right
185.210,-519,390,right
185.302,-485,493,right
185.398,-497,488,right
186.155,-510,428,right
186.265,-542,413,right
186.391,-546,415,right
186.517,-555,391,right
186.657,-587,351,right
186.765,-604,320,right
186.896,-410,594,right
187.022,-223,797,right
187.108,-120,1079,right
187.176,-0,1489,right
187.582,-271,1357,right
187.695,-276,1359,right
187.831,-331,1469,right
187.924,-347,1530,right
188.040,-346,1786,right
188.151,-345,1792,right
188.279,-288,1857,right
188.403,-288,1857,right
188.536,-293,1860,right
188.646,-317,1876,right
188.741,-320,1877,right
188.850,-321,1872,right
188.934,-352,1761,right
189.032,-486,1295,right
189.117,-606,1000,right
189.206,-735,642,right
189.294,-801,608,right
189.413,-1053,502,right
189.548,-1044,537,right
189.663,-1042,540,right
189.774,-1030,586,right
189.897,-1037,565,right
189.997,-1039,554,right
190.101,-1018,613,right
190.239,-897,795,right
190.344,-949,762,right
190.481,-904,923,right
190.584,-863,834,right
190.686,-721,804,right
190.784,-719,716,right
190.885,-704,691,right
190.986,-749,709,right
191.110,-549,1679,right
191.250,-560,1662,right
191.381,-487,1729,right
191.485,-418,1799,right
191.567,-356,1907,right
191.714,-378,1876,right
191.832,-377,1876,right
191.953,-379,1849,right
192.024,-377,1848,right
192.128,-386,1827,right
192.219,-402,1816,right
192.323,-452,1657,right
192.406,-473,1424,right
192.501,-622,968,right
192.588,-736,720,right
192.698,-927,506,right
192.774,-931,478,right
192.881,-985,397,right
192.968,-975,421,right
193.091,-1021,403,right
193.165,-1029,366,right
193.290,-1090,325,right
193.368,-1095,315,right
193.477,-1241,163,right
193.554,-1279,0,right
193.652,-1238,63,right
193.756,-1032,260,right
193.863,-1049,261,right
193.953,-1042,241,right
194.075,-1063,226,right
194.185,-1088,223,right
194.306,-1111,174,right
194.392,-1118,158,right
194.527,-1141,130,right
194.640,-1170,87,right
194.763,-1279,0,right
194.921,-958,541,right
195.054,-985,491,right
195.139,-1002,363,right
195.292,-1279,0,right
195.457,-1068,139,right
195.571,-1040,163,right
195.660,-1088,71,right
195.773,-1251,1,right
195.879,-1227,49,right
195.992,-1192,289,right
196.107,-1159,524,right
196.239,-1278,344,right
196.511,-971,267,right
196.619,-971,260,right
196.765,-1000,200,right
196.933,-1279,0,right
197.129,-1023,506,right
197.248,-988,554,right
197.339,-936,499,right
197.469,-973,420,right
197.563,-938,427,right
197.693,-949,401,right
198.157,-880,414,right
198.285,-885,392,right
198.383,-857,435,right
198.517,-865,432,right
198.667,-861,422,right
198.805,-860,421,right
198.937,-862,407,right
199.106,-867,384,right
208.306,-1252,1308,left
208.406,-1252,1308,left
209.361,-274,1163,right
209.501,-272,1162,right
220.765,-1105,1895,right
220.911,-1105,1895,right
221.070,-1105,1895,right
221.206,-1105,1895,right
221.343,-1106,1895,right
221.440,-1106,1895,right
221.698,-1090,1894,right
221.790,-1090,1894,right
221.894,-1087,1904,right
221.991,-1087,1904,right
228.559,-622,1182,right
228.650,-622,1137,right
228.752,-623,1135,right
228.843,-624,1127,right
228.944,-624,1127,right
229.044,-624,1128,right
229.145,-624,1129,right
229.263,-624,1131,right
230.106,-604,1159,right
230.225,-604,1159,right
230.339,-604,1159,right
230.462,-603,1161,right
231.919,-637,904,right
232.066,-648,887,right
232.137,-648,887,right
232.271,-662,863,right
233.046,-678,774,right
233.132,-689,774,right
233.237,-687,780,right
233.350,-682,782,right
234.509,-682,989,right
234.602,-678,988,right
234.708,-511,911,right
234.813,-467,886,right
234.898,-386,945,right
235.001,-192,1117,right
235.515,-492,1230,right
235.587,-547,1121,right
235.669,-597,972,right
235.773,-705,825,right
235.852,-809,743,right
235.963,-810,751,right
236.059,-818,772,right
236.170,-831,776,right
236.699,-909,892,right
236.805,-904,875,right
236.898,-875,819,right
237.022,-875,792,right
237.360,-797,661,right
237.487,-799,661,right
237.628,-802,658,right
237.773,-814,613,right
238.004,-844,416,right
238.131,-850,369,right
238.264,-830,963,right
238.358,-832,961,right
238.485,-835,948,right
238.575,-834,947,right
238.691,-736,992,right
238.812,-677,1048,right
239.213,-749,1349,right
239.319,-834,1344,right
239.412,-811,1375,right
239.510,-814,1381,right
239.666,-416,1546,right
239.787,-473,1515,right
239.870,-424,1465,right
239.989,-668,1054,right
240.069,-716,788,right
240.198,-980,493,right
240.397,-1106,336,right
240.495,-1012,443,right
240.584,-896,541,right
240.713,-930,483,right
240.793,-936,474,right
240.914,-971,442,right
240.996,-976,378,right
241.108,-975,378,right
241.215,-883,397,right
241.337,-891,377,right
241.653,-274,1637,right
241.761,-256,1718,right
241.825,-225,1688,right
241.916,-343,1612,right
241.998,-433,1446,right
242.132,-413,1427,right
242.205,-369,1359,right
242.312,-614,885,right
242.394,-664,468,right
242.493,-859,206,right
242.593,-832,274,right
242.709,-921,289,right
242.838,-935,303,right
242.966,-990,286,right
243.102,-910,401,right
243.227,-941,349,right
243.343,-956,314,right
243.440,-1151,210,right
243.620,-805,797,right
243.749,-867,769,right
243.857,-901,870,right
243.932,-916,850,right
244.044,-917,846,right
244.161,-920,841,right
244.545,-856,793,right
244.640,-847,800,right
244.761,-854,811,right
244.869,-910,701,right
244.979,-792,499,right
245.107,-809,401,right
245.219,-828,399,right
245.323,-862,369,right
245.479,-869,463,right
245.589,-757,517,right
245.711,-598,476,right
245.811,-563,251,right
245.906,-481,252,right
246.013,-476,253,right
246.128,-483,296,right
246.237,-428,344,right
246.578,-398,527,right
246.675,-402,534,right
246.787,-359,578,right
246.903,-388,549,right
247.155,-1167,0,right
247.263,-1135,60,right
247.920,-396,380,right
248.041,-447,433,right
248.180,-231,212,right
248.285,-0,0,right
248.605,-318,997,right
248.702,-381,978,right
248.802,-440,945,right
248.894,-471,938,right
249.005,-430,923,right
249.125,-420,915,right
249.217,-394,901,right
249.335,-394,900,right
249.465,-401,897,right
249.571,-408,890,right
249.714,-365,942,right
249.839,-361,946,right
249.952,-367,915,right
250.078,-432,705,right
250.172,-388,680,right
250.271,-437,539,right
250.349,-438,498,right
250.484,-468,421,right
250.580,-457,462,right
250.677,-454,471,right
250.789,-455,593,right
250.891,-568,923,right
251.067,-545,1226,right
251.152,-542,1233,right
251.246,-444,1080,right
251.351,-425,1103,right
251.441,-375,1122,right
251.571,-363,1187,right
251.632,-358,1197,right
251.743,-450,1075,right
251.819,-430,1071,right
251.932,-378,1146,right
252.018,-323,1252,right
252.144,-335,1229,right
252.240,-286,1228,right
252.366,-285,1227,right
252.450,-259,1219,right
252.560,-280,1153,right
252.663,-246,1155,right
252.791,-238,1157,right
252.868,-218,1156,right
252.990,-212,1176,right
253.551,-318,1397,right
253.660,-302,1401,right
253.753,-0,1676,right
253.856,-10,1782,right
253.929,-43,2047,right
254.036,-340,1910,right
254.119,-490,1918,right
254.221,-838,1710,right
254.302,-826,1712,right
254.419,-791,1744,right
254.481,-749,1753,right
254.593,-773,1763,right
254.679,-783,1803,right
254.790,-857,1903,right
254.874,-983,2047,right
254.991,-1277,2046,right
255.155,-664,1700,right
255.275,-644,1647,right
255.356,-558,1640,right
255.489,-778,1599,right
255.575,-797,1657,right
255.666,-883,1720,right
276.958,-1223,1961,left
277.057,-1224,1967,left
284.195,-1190,1832,left
284.297,-1190,1833,left
291.405,-1068,1758,left
291.536,-1068,1758,left
296.754,-278,975,right
296.865,-277,978,right
296.965,-285,987,right
297.066,-284,985,right
297.159,-279,1019,right
297.270,-279,1019,right
297.354,-275,1036,right
297.450,-275,1035,right
297.545,-275,1036,right
297.644,-275,1035,right
297.726,-275,1035,right
297.819,-275,1035,right
297.916,-270,1036,right
298.053,-266,1034,right
298.133,-251,1038,right
298.253,-250,1032,right
298.348,-247,1033,right
298.468,-248,1036,right
298.583,-243,1043,right
298.711,-249,1030,right
298.827,-275,1013,right
298.953,-309,969,right
299.097,-259,993,right
299.205,-208,1048,right
299.282,-197,1067,right
299.401,-196,1067,right
299.479,-184,1099,right
299.612,-196,1098,right
299.688,-196,1098,right
299.815,-198,1097,right
300.439,-345,1155,right
300.557,-349,1147,right
300.653,-349,1153,right
300.781,-352,1151,right
303.247,-1081,895,left
303.358,-1081,893,left
304.309,-174,1085,right
304.435,-175,1087,right
304.519,-174,1097,right
304.629,-175,1101,right
304.706,-176,1102,right
305.038,-176,1101,right
305.113,-183,1108,right
305.248,-184,1109,right
305.331,-181,1109,right
305.438,-183,1110,right
305.527,-124,1160,right
305.679,-128,1150,right
305.783,-55,1172,right
305.904,-72,1187,right
306.338,-125,1237,right
306.437,-126,1239,right
306.552,-127,1239,right
306.656,-127,1239,right
306.769,-140,1234,right
306.884,-179,1206,right
306.999,-222,1215,right
307.123,-330,1213,right
307.208,-378,1202,right
307.360,-415,1193,right
307.436,-443,1184,right
307.564,-472,1185,right
307.640,-472,1187,right
307.759,-474,1188,right
307.889,-477,1179,right
307.994,-476,1179,right
308.078,-467,1174,right
308.198,-468,1176,right
308.280,-468,1174,right
308.400,-469,1176,right
308.513,-446,1174,right
308.642,-444,1175,right
308.943,-106,1118,right
309.052,-39,1125,right
309.126,-25,1087,right
309.268,-62,936,right
309.380,-46,744,right
309.475,-0,513,right
309.730,-168,795,right
309.823,-184,791,right
309.932,-182,789,right
310.014,-182,790,right
310.895,-307,1138,right
310.997,-307,1138,right
311.102,-304,1127,right
311.188,-308,1105,right
311.807,-303,1497,right
311.913,-303,1500,right
316.616,-221,1292,right
316.696,-220,1299,right
316.786,-153,1596,right
316.880,-149,1694,right
317.967,-346,1314,right
318.075,-359,1327,right
318.185,-365,1329,right
318.302,-364,1329,right
318.439,-362,1335,right
318.551,-362,1338,right
318.684,-357,1370,right
318.817,-356,1372,right
319.282,-282,1510,right
319.371,-312,1498,right
319.508,-400,1497,right
319.615,-508,1509,right
319.721,-542,1530,right
319.814,-542,1525,right
319.967,-511,1392,right
320.105,-510,1390,right
320.186,-503,1378,right
320.276,-503,1381,right
320.403,-476,1548,right
320.512,-478,1571,right
320.600,-481,1638,right
320.709,-483,1592,right
320.800,-468,1603,right
320.915,-472,1598,right
321.013,-454,1618,right
321.122,-461,1625,right
321.208,-465,1623,right
321.322,-478,1612,right
321.410,-484,1609,right
321.531,-499,1631,right
321.616,-502,1656,right
321.728,-503,1645,right
321.796,-441,1663,right
321.912,-385,1772,right
322.414,-493,1351,right
322.564,-639,1323,right
322.655,-602,1345,right
322.761,-602,1352,right
322.851,-588,1480,right
322.959,-592,1463,right
323.022,-589,1449,right
323.149,-589,1455,right
323.234,-587,1443,right
323.336,-585,1446,right
323.433,-569,1458,right
323.537,-571,1453,right
323.635,-567,1368,right
323.717,-574,1276,right
323.823,-469,1165,right
323.931,-472,1173,right
324.094,-410,1149,right
324.209,-403,1140,right
324.308,-430,1211,right
324.411,-518,1298,right
324.499,-517,1362,right
324.598,-566,1393,right
324.694,-629,1505,right
324.795,-624,1505,right
324.876,-620,1490,right
324.985,-624,1504,right
325.076,-605,1477,right
325.189,-587,1450,right
325.325,-484,1332,right
325.439,-454,1320,right
325.522,-423,1363,right
325.629,-423,1365,right
325.707,-425,1361,right
325.827,-427,1354,right
325.924,-426,1348,right
326.036,-427,1328,right
326.125,-429,1325,right
326.221,-429,1321,right
326.327,-431,1328,right
326.427,-431,1332,right
326.522,-433,1332,right
326.644,-437,1342,right
326.733,-437,1343,right
326.844,-437,1343,right
326.942,-435,1340,right
327.050,-435,1341,right
328.088,-458,1607,right
328.218,-468,1630,right
328.306,-476,1817,right
328.428,-505,1923,right
329.099,-459,1423,right
329.223,-459,1426,right
329.683,-496,1902,right
329.798,-509,1950,right
330.577,-443,1009,right
330.688,-455,802,right
330.755,-454,790,right
330.899,-470,683,right
330.965,-476,662,right
331.127,-477,660,right
331.768,-616,718,right
331.920,-680,747,right
332.057,-695,754,right
332.158,-716,765,right
332.582,-662,1248,right
332.665,-660,1245,right
332.971,-530,897,right
333.082,-521,896,right
333.193,-507,1064,right
333.310,-503,1101,right
334.020,-760,993,right
334.125,-734,970,right
334.237,-609,991,right
334.356,-495,1039,right
334.426,-454,1090,right
334.549,-455,1085,right
334.630,-463,1059,right
334.751,-477,1037,right
334.828,-477,1037,right
334.955,-477,1036,right
335.068,-477,1036,right
335.174,-477,1036,right
335.306,-477,1037,right
335.436,-477,1037,right
335.670,-468,1044,right
335.800,-468,1046,right
335.921,-455,1048,right
336.047,-455,1048,right
336.169,-244,1152,right
336.281,-188,1170,right
336.380,-137,1253,right
336.488,-137,1254,right
337.041,-79,1875,right
337.124,-85,1843,right
337.258,-280,1612,right
337.386,-362,1957,right
338.136,-521,1667,right
338.246,-509,1655,right
338.336,-509,1657,right
338.445,-593,1694,right
338.533,-594,1710,right
338.662,-619,1732,right
338.739,-621,1733,right
338.839,-627,1735,right
338.950,-628,1731,right
339.053,-635,1725,right
339.144,-635,1728,right
339.249,-636,1731,right
339.363,-638,1759,right
339.476,-637,1759,right
339.581,-635,1760,right
339.694,-635,1759,right
339.811,-624,1769,right
339.929,-624,1772,right
340.050,-624,1773,right
340.152,-627,1772,right
340.254,-627,1772,right
340.355,-634,1746,right
340.464,-634,1742,right
340.556,-634,1726,right
340.660,-608,1713,right
340.771,-607,1706,right
340.866,-593,1694,right
340.953,-573,1551,right
341.046,-526,1410,right
341.150,-483,1260,right
341.243,-454,1196,right
341.350,-457,1011,right
341.455,-437,918,right
341.556,-437,870,right
341.657,-412,859,right
341.769,-411,864,right
341.951,-491,1343,right
342.070,-582,1375,right
342.179,-596,1550,right
342.301,-566,1615,right
342.365,-536,1712,right
342.494,-563,1705,right
342.609,-605,1637,right
342.715,-620,1611,right
342.812,-580,1635,right
342.925,-592,1589,right
343.021,-585,1572,right
343.126,-585,1574,right
343.218,-583,1596,right
343.327,-586,1592,right
343.414,-585,1589,right
343.536,-585,1588,right
343.631,-585,1592,right
343.746,-588,1579,right
343.850,-588,1577,right
343.955,-589,1557,right
344.077,-585,1553,right
344.168,-585,1554,right
344.284,-562,1619,right
344.380,-563,1623,right
344.511,-535,1772,right
344.622,-537,1780,right
344.711,-545,1783,right
344.815,-550,1770,right
344.917,-546,1778,right
345.020,-557,1703,right
345.133,-537,1735,right
345.231,-539,1743,right
345.601,-768,1426,right
345.736,-768,1413,right
345.841,-745,1469,right
345.947,-748,1481,right
346.032,-759,1510,right
346.136,-759,1509,right
347.146,-737,1511,right
347.266,-737,1511,right
348.400,-1086,1044,left
348.474,-1084,1044,left
359.664,-365,1191,right
359.782,-362,1189,right
359.878,-364,1189,right
359.984,-363,1183,right
360.078,-363,1184,right
360.179,-401,1332,right
360.264,-376,1779,right
360.368,-381,1913,right
360.874,-345,1562,right
360.979,-357,1503,right
361.078,-378,1507,right
361.176,-383,1494,right
361.691,-628,1155,right
361.779,-628,1156,right
361.884,-591,1280,right
361.969,-591,1283,right
362.547,-483,1445,right
362.668,-489,1487,right
363.043,-377,498,right
363.145,-439,206,right
363.234,-463,43,right
363.359,-557,250,right
363.439,-560,605,right
363.545,-618,532,right
363.674,-685,1036,right
363.775,-696,1055,right
363.858,-672,1039,right
363.955,-678,1010,right
364.038,-672,958,right
364.146,-671,960,right
364.238,-664,982,right
364.322,-667,1004,right
364.410,-670,1126,right
364.517,-675,1112,right
364.655,-546,532,right
364.774,-582,0,right
364.857,-560,2,right
364.970,-627,93,right
365.040,-564,371,right
365.152,-585,310,right
365.229,-536,336,right
365.350,-544,349,right
365.725,-503,1309,right
365.818,-513,1388,right
365.920,-463,1633,right
366.046,-518,1619,right
366.150,-563,1725,right
366.263,-556,1699,right
366.312,-540,1685,right
366.431,-548,1659,right
366.512,-540,1577,right
366.630,-576,1470,right
366.704,-570,1392,right
366.823,-628,871,right
366.899,-584,742,right
367.023,-586,427,right
367.099,-536,323,right
367.222,-553,307,right
367.298,-504,240,right
367.416,-554,129,right
367.506,-556,150,right
367.639,-569,153,right
367.732,-571,36,right
367.857,-655,0,right
367.944,-626,25,right
368.058,-535,199,right
368.136,-505,277,right
368.248,-546,343,right
369.043,-426,259,right
369.152,-505,71,right
369.240,-516,0,right
369.359,-525,0,right
369.511,-461,455,right
369.659,-477,394,right
369.766,-480,369,right
369.941,-479,361,right
370.078,-479,361,right
370.210,-488,316,right
370.948,-615,217,right
371.062,-625,220,right
371.803,-505,169,right
371.915,-512,162,right
372.032,-573,94,right
372.160,-620,0,right
372.593,-551,157,right
372.716,-559,1,right
372.832,-562,2,right
372.915,-582,63,right
373.116,-607,207,right
373.248,-622,132,right
373.572,-620,13,right
373.714,-620,13,right
375.270,-664,0,right
375.365,-689,0,right
375.463,-719,0,right
375.560,-708,29,right
375.646,-684,170,right
375.749,-693,132,right
375.846,-710,72,right
375.950,-732,23,right
376.068,-733,9,right
376.176,-737,0,right
376.343,-652,170,right
376.469,-659,182,right
376.563,-699,194,right
376.674,-714,181,right
376.817,-731,185,right
376.955,-731,185,right
377.045,-731,184,right
377.159,-746,150,right
377.292,-751,136,right
377.428,-767,84,right
377.554,-1076,0,right
377.614,-1279,0,right
377.798,-919,358,right
377.893,-918,359,right
378.005,-926,321,right
378.137,-1044,171,right
378.619,-1002,527,right
378.752,-990,530,right
378.844,-991,530,right
378.961,-1000,528,right
379.067,-1001,528,right
379.203,-1009,496,right
379.544,-1016,463,right
379.658,-1023,438,right
379.790,-1024,436,right
379.929,-1181,289,right
380.258,-915,421,right
380.393,-909,427,right
382.387,-728,411,right
382.517,-728,413,right
382.609,-735,400,right
382.741,-786,335,right
382.892,-750,344,right
383.014,-722,347,right
383.142,-656,394,right
383.236,-630,407,right
383.380,-312,770,right
383.476,-308,790,right
383.597,-230,987,right
383.678,-224,1025,right
383.793,-209,1065,right
383.879,-210,1071,right
383.968,-184,1161,right
384.068,-203,1107,right
384.327,-0,1840,right
384.417,-29,1801,right
384.505,-124,1741,right
384.630,-387,1747,right
384.697,-415,1720,right
384.789,-435,1671,right
384.879,-418,1651,right
384.984,-414,1647,right
385.066,-385,1657,right
385.175,-381,1659,right
385.260,-347,1687,right
385.369,-331,1710,right
385.452,-319,1716,right
385.553,-321,1725,right
385.646,-316,1742,right
385.759,-332,1768,right
385.842,-286,1958,right
385.969,-156,2047,right
386.481,-282,1393,right
386.581,-275,1413,right
386.674,-150,1624,right
386.797,-49,1802,right
387.005,-195,1865,right
387.121,-249,1692,right
387.216,-467,1069,right
387.324,-683,642,right
387.417,-676,676,right
387.519,-682,652,right
387.604,-679,622,right
387.699,-678,648,right
387.791,-623,701,right
387.898,-611,749,right
387.989,-564,861,right
388.100,-589,928,right
388.186,-608,985,right
388.303,-634,984,right
388.388,-633,1045,right
388.516,-652,1054,right
388.619,-629,1077,right
388.724,-645,1048,right
388.842,-701,911,right
388.928,-701,915,right
401.266,-1262,1287,left
401.364,-1262,1287,left
403.403,-66,832,left
403.499,-65,832,left
404.071,-42,841,left
404.152,-42,841,left
404.921,-59,1055,left
405.025,-58,1054,left
405.763,-1253,1373,left
405.860,-1257,1372,left
410.944,-587,267,left
411.027,-587,267,left
412.000,-373,1037,right
412.094,-376,1033,right
414.721,-1169,1834,left
414.813,-1168,1836,left
415.830,-1001,1811,left
415.961,-1000,1811,left
417.572,-1041,1770,left
417.702,-1040,1770,left
419.816,-1182,1822,left
419.945,-1182,1822,left
424.844,-1247,1958,left
424.931,-1248,1955,left
427.624,-1019,1781,left
427.723,-1022,1781,left
432.000,-1192,1816,left
432.115,-1191,1816,left
433.330,-1042,1770,left
433.446,-1042,1770,left
440.229,-329,1104,right
440.341,-330,1110,right
440.445,-323,1109,right
440.558,-323,1109,right
440.653,-311,1118,right
440.756,-312,1118,right
440.856,-294,1202,right
440.951,-293,1203,right
441.049,-266,1258,right
441.171,-270,1255,right
441.258,-275,1252,right
441.351,-327,1206,right
441.434,-368,1183,right
441.552,-714,949,right
441.651,-819,880,right
441.738,-879,848,right
441.831,-941,821,right
441.944,-931,811,right
442.019,-891,769,right
442.132,-908,734,right
442.219,-907,726,right
442.351,-929,680,right
442.423,-933,672,right
442.522,-1279,116,right
443.744,-121,1171,right
443.862,-129,1184,right
443.948,-133,1186,right
444.058,-154,1170,right
444.171,-200,1279,right
444.292,-202,1272,right
444.375,-207,1317,right
444.495,-239,1307,right
444.588,-255,1366,right
444.682,-259,1359,right
444.773,-173,1354,right
444.899,-144,1349,right
444.964,-121,1347,right
445.084,-122,1349,right
445.154,-120,1349,right
445.275,-123,1350,right
445.368,-128,1345,right
445.495,-167,1300,right
445.579,-268,1200,right
445.711,-424,1022,right
445.786,-464,973,right
445.886,-540,883,right
446.529,-439,1273,right
446.666,-375,1271,right
446.740,-329,1299,right
446.863,-335,1296,right
446.940,-356,1277,right
447.068,-388,1241,right
447.148,-385,1233,right
447.266,-351,1251,right
447.356,-300,1304,right
447.478,-315,1295,right
447.571,-327,1284,right
447.682,-408,1195,right
447.770,-415,1185,right
447.883,-484,1049,right
447.958,-546,913,right
448.076,-692,689,right
448.174,-752,646,right
448.294,-754,658,right
448.727,-366,1346,right
448.833,-420,1353,right
448.919,-407,1334,right
449.032,-434,1329,right
449.133,-467,1324,right
449.238,-467,1333,right
449.333,-438,1436,right
449.454,-450,1413,right
449.541,-443,1403,right
449.663,-441,1403,right
449.744,-424,1405,right
449.848,-414,1410,right
449.987,-259,1486,right
450.100,-274,1466,right
450.202,-262,1455,right
450.318,-271,1436,right
450.464,-225,1465,right
450.560,-214,1468,right
450.637,-204,1496,right
450.747,-208,1504,right
450.841,-195,1564,right
450.984,-203,1566,right
451.576,-284,1313,right
451.695,-292,1315,right
451.825,-296,1332,right
451.930,-297,1335,right
452.148,-290,1234,right
452.267,-290,1233,right
452.556,-234,1032,right
452.665,-282,856,right
452.764,-289,843,right
452.874,-289,842,right
452.970,-235,825,right
453.092,-187,912,right
454.138,-1065,965,left
454.229,-1065,964,left
454.526,-240,989,right
454.651,-287,1009,right
455.071,-378,811,right
455.169,-423,738,right
455.255,-439,702,right
455.392,-433,718,right
456.455,-419,1025,right
456.577,-418,1025,right
456.982,-501,827,right
457.070,-549,774,right
457.162,-584,752,right
457.250,-610,731,right
459.615,-388,1147,right
459.708,-387,1152,right
459.791,-382,1151,right
459.895,-357,1233,right
460.850,-377,1033,right
460.946,-377,1033,right
461.064,-358,1066,right
461.182,-385,1071,right
461.318,-403,1111,right
461.410,-406,1127,right
461.515,-406,1126,right
461.610,-406,1126,right
461.760,-436,1112,right
461.858,-437,1112,right
461.984,-431,1137,right
462.081,-431,1141,right
462.198,-453,1193,right
462.300,-453,1197,right
462.385,-452,1188,right
462.489,-460,1177,right
462.602,-436,1186,right
462.699,-430,1172,right
462.777,-395,1129,right
462.882,-396,1135,right
462.961,-370,1117,right
463.062,-403,1147,right
463.135,-394,1162,right
463.248,-409,1152,right
463.315,-402,1134,right
463.423,-412,1132,right
463.513,-405,1182,right
463.620,-445,1275,right
463.694,-454,1379,right
463.800,-466,1360,right
463.887,-428,1311,right
463.994,-440,1323,right
464.070,-441,1350,right
464.207,-457,1274,right
464.249,-449,1277,right
464.376,-455,1276,right
464.442,-451,1253,right
464.599,-449,1244,right
464.704,-449,1236,right
464.817,-448,1237,right
464.903,-432,1180,right
465.014,-458,1106,right
465.095,-450,946,right
465.204,-474,723,right
465.281,-496,707,right
465.402,-522,690,right
465.477,-529,682,right
465.603,-539,639,right
465.678,-541,634,right
465.798,-557,598,right
465.879,-562,586,right
466.016,-574,510,right
466.095,-571,463,right
466.214,-573,447,right
466.288,-567,423,right
466.408,-580,320,right
466.718,-524,1211,right
466.837,-535,1222,right
466.911,-495,1265,right
467.040,-588,1267,right
467.121,-567,1275,right
467.253,-552,1300,right
467.330,-497,1308,right
467.454,-502,1323,right
467.518,-498,1334,right
467.649,-513,1384,right
467.751,-484,1486,right
467.859,-488,1533,right
467.970,-454,1655,right
468.082,-441,1726,right
468.155,-417,1740,right
468.274,-419,1751,right
468.342,-416,1748,right
468.464,-431,1793,right
468.555,-443,1868,right
468.654,-473,1880,right
468.753,-466,1246,right
468.865,-490,740,right
468.950,-464,734,right
469.058,-492,537,right
469.143,-477,503,right
469.262,-470,500,right
469.347,-304,458,right
469.458,-246,467,right
469.530,-170,665,right
469.656,-299,607,right
469.735,-336,464,right
469.847,-446,371,right
469.934,-444,358,right
470.049,-499,281,right
470.135,-493,139,right
470.268,-594,0,right
470.369,-534,54,right
470.472,-559,126,right
470.579,-543,228,right
470.692,-625,166,right
470.793,-581,125,right
470.921,-575,79,right
471.021,-504,113,right
471.137,-510,100,right
471.243,-481,130,right
471.366,-499,73,right
471.512,-481,110,right
471.638,-511,0,right
471.959,-395,473,right
472.090,-399,469,right
472.186,-428,453,right
472.306,-479,406,right
472.407,-483,404,right
472.544,-561,303,right
472.638,-579,291,right
472.749,-633,233,right
473.074,-439,702,right
473.177,-441,703,right
473.290,-542,407,right
473.405,-673,216,right
473.486,-674,214,right
473.598,-701,186,right
473.691,-709,160,right
473.820,-779,68,right
473.919,-791,63,right
474.044,-791,70,right
474.231,-720,92,right
474.350,-738,60,right
474.452,-795,0,right
474.593,-962,0,right
475.238,-913,1030,right
475.366,-900,1034,right
475.450,-898,1003,right
475.569,-973,917,right
475.664,-960,902,right
475.793,-951,900,right
475.904,-950,900,right
476.051,-950,900,right
476.534,-763,1256,right
476.629,-780,1295,right
476.718,-730,1352,right
476.849,-758,1430,right
477.324,-615,1271,right
477.429,-648,1158,right
477.524,-538,1030,right
477.646,-555,971,right
478.103,-447,1129,right
478.202,-514,1060,right
478.287,-513,1023,right
478.398,-512,1028,right
478.877,-438,1110,right
478.996,-473,1058,right
479.087,-502,1020,right
479.201,-582,899,right
479.308,-670,684,right
479.409,-682,553,right
479.524,-556,460,right
479.624,-528,454,right
479.734,-463,693,right
479.838,-531,634,right
479.971,-606,607,right
480.083,-608,619,right
480.180,-519,874,right
480.279,-583,812,right
480.384,-607,850,right
480.486,-613,871,right
480.571,-600,913,right
480.684,-620,885,right
480.755,-613,864,right
480.869,-613,864,right
480.986,-506,958,right
481.100,-486,1014,right
481.206,-440,1053,right
481.326,-452,1061,right
481.435,-457,1059,right
481.558,-476,1026,right
481.648,-487,1036,right
481.784,-510,997,right
481.865,-512,991,right
481.996,-563,931,right
482.083,-619,890,right
482.210,-673,802,right
482.303,-674,810,right
482.435,-711,778,right
482.531,-702,759,right
482.666,-693,755,right
482.747,-698,741,right
482.876,-708,716,right
482.969,-708,713,right
483.079,-699,711,right
483.167,-679,746,right
483.282,-682,728,right
483.356,-662,708,right
483.466,-659,714,right
483.551,-664,701,right
483.664,-670,719,right
483.744,-668,714,right
483.862,-689,726,right
483.939,-671,716,right
484.049,-680,725,right
484.134,-665,743,right
484.248,-670,719,right
484.334,-658,720,right
484.439,-662,722,right
484.513,-634,685,right
484.635,-648,695,right
484.707,-648,696,right
484.825,-650,704,right
484.922,-604,737,right
485.039,-602,748,right
485.116,-585,780,right
485.247,-612,771,right
485.338,-593,751,right
485.445,-592,752,right
485.551,-557,719,right
485.655,-551,722,right
485.774,-523,733,right
485.862,-526,748,right
485.976,-534,787,right
486.064,-552,813,right
486.162,-577,806,right
486.261,-616,820,right
486.348,-603,872,right
486.469,-669,820,right
486.544,-667,811,right
486.665,-666,812,right
486.739,-667,813,right
486.859,-694,797,right
486.938,-699,788,right
487.061,-700,795,right
487.143,-675,797,right
487.265,-676,810,right
487.343,-676,809,right
487.463,-676,813,right
487.547,-674,808,right
487.657,-675,810,right
487.738,-687,792,right
487.864,-694,781,right
488.096,-417,974,right
488.189,-341,983,right
488.274,-318,1029,right
488.388,-395,1011,right
488.474,-407,1011,right
488.584,-431,1022,right
488.684,-433,1012,right
488.798,-424,1011,right
488.892,-403,1031,right
489.020,-401,1033,right
489.110,-397,1029,right
489.230,-396,1028,right
489.306,-396,1028,right
489.431,-396,1028,right
489.527,-396,1028,right
489.639,-396,1028,right
489.733,-397,1027,right
489.850,-396,1027,right
489.937,-396,1027,right
490.070,-397,1027,right
490.194,-392,980,right
490.313,-409,822,right
490.414,-404,800,right
490.526,-423,602,right
490.613,-399,555,right
490.740,-423,462,right
490.818,-424,458,right
490.949,-457,370,right
491.049,-452,362,right
491.155,-459,346,right
491.233,-449,318,right
491.355,-457,292,right
492.581,-1230,1977,left
492.669,-1229,1977,left
498.938,-1097,959,left
499.007,-1097,959,left
505.979,-570,1587,right
506.090,-562,1593,right
506.172,-552,1629,right
506.283,-556,1604,right
506.366,-524,1600,right
506.477,-518,1599,right
506.556,-357,1621,right
506.661,-307,1620,right
506.747,-131,1673,right
506.880,-139,1661,right
506.957,-139,1661,right
507.071,-216,1615,right
507.155,-236,1618,right
507.270,-241,1580,right
507.344,-241,1579,right
507.458,-279,1543,right
507.540,-258,1562,right
507.659,-259,1567,right
507.739,-234,1648,right
507.868,-252,1654,right
507.950,-253,1654,right
508.075,-275,1628,right
508.156,-228,1649,right
508.285,-247,1656,right
508.372,-245,1676,right
508.493,-265,1661,right
508.583,-260,1652,right
508.734,-263,1650,right
508.782,-256,1653,right
508.915,-290,1624,right
508.989,-303,1632,right
509.115,-306,1641,right
509.201,-285,1664,right
509.321,-296,1615,right
509.393,-296,1612,right
509.519,-305,1611,right
509.618,-307,1634,right
509.731,-325,1648,right
510.179,-518,1547,right
510.306,-626,1513,right
510.380,-673,1523,right
510.502,-675,1513,right
510.574,-664,1522,right
510.749,-687,1484,right
511.447,-369,1728,right
511.534,-370,1729,right
511.635,-369,1792,right
511.752,-374,1794,right
513.222,-380,1302,right
513.337,-379,1302,right
514.167,-322,1533,right
514.260,-335,1543,right
515.615,-471,1210,right
515.687,-470,1200,right
515.783,-446,1166,right
515.886,-433,1119,right
515.988,-397,1098,right
516.114,-393,1067,right
516.194,-357,1002,right
516.325,-241,591,right
516.704,-164,648,right
516.843,-178,603,right
517.341,-509,897,right
517.454,-512,903,right
517.543,-515,897,right
517.652,-596,858,right
517.747,-675,858,right
517.857,-698,876,right
517.961,-700,875,right
518.068,-700,875,right
518.182,-708,890,right
518.289,-709,896,right
518.399,-708,893,right
518.508,-711,892,right
518.614,-712,890,right
518.712,-718,868,right
518.833,-720,862,right
518.943,-723,859,right
519.516,-574,1161,right
519.608,-550,1189,right
519.705,-466,1232,right
519.817,-439,1253,right
520.406,-604,1705,right
520.496,-603,1706,right
520.590,-568,1828,right
520.702,-577,1822,right
521.461,-507,1672,right
521.554,-505,1672,right
521.656,-503,1697,right
521.774,-407,1751,right
522.267,-280,1356,right
522.383,-279,1356,right
522.475,-289,1337,right
522.589,-283,1335,right
522.675,-239,1294,right
522.787,-239,1294,right
522.879,-170,1267,right
523.001,-172,1267,right
523.087,-171,1266,right
523.217,-172,1267,right
523.276,-170,1269,right
523.418,-171,1270,right
523.492,-171,1271,right
523.608,-171,1273,right
523.690,-172,1282,right
523.813,-168,1295,right
523.880,-156,1292,right
523.993,-160,1293,right
524.097,-161,1294,right
524.207,-111,1318,right
524.498,-450,1261,right
524.592,-504,1317,right
524.683,-518,1395,right
524.801,-545,1411,right
524.874,-585,1393,right
524.990,-613,1365,right
525.072,-575,1315,right
525.204,-550,1316,right
525.281,-475,1316,right
525.404,-490,1308,right
525.492,-495,1306,right
525.599,-500,1310,right
525.697,-501,1305,right
525.818,-516,1300,right
525.900,-509,1288,right
526.012,-507,1293,right
526.092,-496,1297,right
526.209,-495,1302,right
526.315,-397,1306,right
526.437,-388,1308,right
526.529,-364,1319,right
526.640,-362,1319,right
526.718,-344,1311,right
526.832,-349,1310,right
526.936,-329,1313,right
527.045,-313,1322,right
527.137,-291,1350,right
527.247,-318,1348,right
527.349,-301,1368,right
527.474,-301,1386,right
527.918,-566,1568,right
528.020,-621,1553,right
528.110,-577,1615,right
528.224,-649,1526,right
531.819,-704,1486,right
531.927,-704,1486,right
532.280,-782,1480,right
532.380,-783,1480,right
532.707,-874,1535,right
532.810,-930,1532,right
532.897,-1020,1560,right
533.013,-1159,1577,right
533.536,-1200,2023,right
533.648,-1194,2020,right
534.162,-1226,2021,right
534.297,-1231,2021,right
535.115,-1200,2018,right
535.237,-1199,2018,right
538.967,-1279,1967,right
539.067,-1279,1787,right
539.374,-733,1041,right
539.480,-752,1054,right
539.576,-921,1274,right
539.700,-1002,1311,right
539.782,-1005,1420,right
539.881,-1133,1434,right
540.480,-821,1225,right
540.582,-793,1230,right
540.652,-833,1264,right
540.760,-972,1298,right
540.832,-981,1320,right
540.938,-981,1323,right
541.010,-987,1339,right
541.116,-996,1334,right
541.200,-998,1330,right
541.303,-998,1329,right
541.397,-996,1328,right
541.507,-997,1330,right
541.606,-1007,1325,right
541.736,-1011,1323,right
542.257,-1048,1237,right
542.366,-1048,1237,right
542.465,-1047,1223,right
542.582,-1059,1221,right
543.177,-964,1029,right
543.273,-965,1030,right
543.392,-961,1023,right
543.492,-962,1011,right
543.650,-799,1077,right
543.761,-802,1065,right
543.844,-797,1015,right
543.969,-817,921,right
544.045,-815,930,right
544.165,-817,934,right
544.241,-817,934,right
544.369,-821,942,right
554.782,-1130,1996,left
554.882,-1130,1996,left
555.289,-258,1754,right
555.374,-270,1756,right
555.471,-399,1855,right
555.572,-417,1863,right
555.659,-424,1866,right
555.761,-442,1870,right
555.857,-488,1910,right
555.949,-488,1913,right
556.052,-484,1931,right
556.147,-482,1930,right
556.237,-484,1930,right
556.348,-480,1927,right
556.451,-461,1932,right
556.562,-461,1932,right
556.671,-454,1931,right
556.798,-453,1931,right
556.933,-452,1931,right
557.055,-452,1924,right
558.008,-1225,2036,right
558.074,-1223,2031,right
558.262,-1221,2019,right
558.397,-1220,2015,right
558.636,-1231,2006,right
558.741,-1231,2006,right
558.871,-1231,2006,right
558.986,-1232,2008,right
561.634,-819,350,right
561.756,-820,345,right
561.855,-797,331,right
561.940,-805,319,right
565.368,-1062,1764,left
565.482,-1062,1764,left
572.238,-344,987,right
572.340,-345,986,right
572.444,-345,986,right
572.561,-345,986,right
572.661,-331,1010,right
572.762,-346,989,right
572.889,-297,904,right
573.023,-265,816,right
573.107,-215,858,right
573.229,-241,858,right
573.310,-240,885,right
573.412,-258,884,right
573.512,-261,923,right
573.622,-290,919,right
573.725,-250,1010,right
573.844,-243,1008,right
573.930,-235,1009,right
574.054,-235,1009,right
574.346,-266,1086,right
574.465,-312,1024,right
574.537,-318,1020,right
574.664,-358,1010,right
574.745,-350,1066,right
574.863,-381,1031,right
574.949,-382,1029,right
575.064,-386,1029,right
575.157,-342,1051,right
575.280,-379,1004,right
575.368,-376,1019,right
575.475,-379,1031,right
575.567,-381,1049,right
575.690,-395,1050,right
575.766,-417,1039,right
575.871,-417,1039,right
575.959,-409,1061,right
576.075,-408,1060,right
576.150,-410,1060,right
576.269,-426,1044,right
576.373,-438,1037,right
576.452,-474,1018,right
577.170,-495,941,right
577.257,-494,941,right
577.384,-473,1022,right
577.472,-472,1022,right
577.673,-687,1079,right
577.797,-731,1075,right
577.880,-714,1080,right
578.003,-788,1052,right
578.089,-805,1066,right
578.385,-807,1061,right
578.684,-461,888,right
578.774,-451,867,right
578.867,-441,833,right
578.978,-494,695,right
579.054,-540,654,right
579.190,-639,590,right
579.742,-127,567,right
579.850,-68,581,right
580.005,-199,585,right
580.123,-152,595,right
580.564,-330,648,right
580.651,-351,630,right
580.752,-346,620,right
580.856,-346,620,right
581.504,-515,770,right
581.600,-515,770,right
581.706,-503,776,right
581.805,-502,778,right
582.686,-361,1095,right
582.792,-362,1099,right
584.000,-230,1000,right
584.087,-230,1005,right
584.200,-221,1069,right
584.292,-221,1071,right
584.399,-222,1102,right
584.501,-225,1106,right
584.612,-225,1107,right
584.715,-225,1107,right
585.491,-185,1445,right
585.600,-185,1450,right
585.742,-174,2047,right
585.861,-177,2047,right
587.090,-167,1146,right
587.179,-166,1155,right
587.284,-136,1293,right
587.382,-135,1294,right
588.045,-188,1250,right
588.147,-188,1251,right
588.252,-197,1357,right
588.357,-197,1359,right
588.466,-180,1440,right
588.567,-178,1442,right
588.666,-163,1586,right
588.782,-140,1836,right
589.533,-315,1592,right
589.637,-347,1575,right
589.753,-390,1568,right
589.846,-408,1533,right
589.959,-424,1483,right
590.056,-421,1481,right
590.170,-424,1479,right
590.266,-482,1449,right
590.357,-447,1430,right
590.447,-453,1426,right
590.557,-432,1448,right
590.660,-429,1450,right
590.753,-409,1489,right
590.842,-400,1499,right
590.953,-396,1562,right
591.041,-392,1562,right
591.130,-378,1561,right
591.232,-378,1564,right
591.335,-378,1563,right
591.428,-377,1564,right
591.529,-375,1561,right
591.630,-371,1559,right
591.731,-367,1584,right
591.831,-366,1589,right
591.934,-366,1587,right
592.029,-369,1571,right
592.139,-370,1564,right
592.244,-371,1565,right
592.348,-374,1560,right
592.454,-373,1562,right
592.549,-371,1558,right
592.640,-372,1565,right
592.750,-362,1592,right
592.841,-364,1600,right
592.961,-360,1600,right
593.053,-363,1606,right
593.191,-354,1543,right
593.291,-360,1505,right
593.412,-362,1500,right
593.510,-360,1484,right
593.622,-361,1507,right
593.726,-363,1505,right
593.840,-374,1397,right
593.950,-362,1185,right
594.058,-363,1187,right
594.175,-387,1204,right
594.272,-439,1223,right
594.358,-450,1181,right
594.450,-429,1231,right
594.555,-429,1237,right
594.652,-418,1207,right
594.762,-413,1194,right
594.868,-410,1210,right
594.991,-412,1215,right
595.131,-406,1138,right
595.227,-406,1135,right
595.357,-405,1123,right
595.483,-405,1122,right
595.735,-343,1047,right
595.833,-358,966,right
595.958,-372,947,right
596.067,-356,948,right
596.353,-179,1063,right
596.446,-175,1067,right
596.536,-131,1130,right
596.660,-133,1188,right
597.142,-197,1536,right
597.277,-226,1550,right
597.377,-235,1553,right
597.474,-238,1571,right
598.056,-246,1289,right
598.165,-256,1257,right
598.926,-359,1165,right
599.026,-359,1166,right
599.144,-372,1166,right
599.244,-365,1177,right
599.936,-378,1286,right
600.014,-379,1293,right
601.018,-464,922,right
601.113,-466,891,right
601.210,-466,905,right
601.306,-467,913,right
602.358,-337,1490,right
602.462,-332,1484,right
602.565,-347,1463,right
602.671,-339,1427,right
602.775,-351,1432,right
602.892,-349,1459,right
604.131,-330,1117,right
604.215,-327,1116,right
604.313,-326,1122,right
604.394,-325,1121,right
604.493,-312,1150,right
604.597,-307,1142,right
605.334,-321,942,right
605.430,-321,944,right
608.049,-609,1259,right
608.146,-628,1233,right
608.253,-608,1197,right
608.346,-606,1196,right
608.439,-605,1180,right
608.538,-603,1182,right
608.642,-604,1181,right
608.727,-604,1183,right
608.834,-604,1219,right
608.930,-593,1230,right
609.028,-567,1348,right
609.125,-573,1348,right
609.231,-588,1358,right
609.336,-587,1368,right
609.422,-590,1399,right
609.528,-581,1410,right
609.621,-591,1411,right
609.721,-587,1412,right
609.819,-587,1410,right
609.923,-581,1379,right
610.018,-578,1378,right
610.134,-577,1388,right
610.231,-563,1404,right
610.333,-562,1404,right
610.416,-562,1412,right
610.519,-561,1419,right
610.610,-567,1423,right
610.703,-568,1427,right
610.804,-564,1467,right
610.906,-561,1472,right
610.999,-561,1479,right
611.097,-564,1480,right
611.195,-572,1477,right
611.278,-570,1476,right
611.391,-572,1470,right
611.472,-566,1471,right
611.578,-558,1457,right
611.672,-555,1414,right
611.786,-549,1421,right
611.877,-548,1422,right
611.984,-549,1422,right
612.073,-547,1418,right
612.160,-548,1418,right
612.265,-547,1418,right
612.353,-549,1419,right
612.451,-548,1419,right
612.544,-549,1419,right
612.657,-549,1410,right
612.769,-472,1237,right
612.873,-356,847,right
612.976,-316,644,right
613.063,-308,535,right
613.146,-306,512,right
613.252,-307,516,right
613.357,-305,576,right
613.458,-304,575,right
613.533,-294,586,right
613.651,-293,569,right
613.787,-233,524,right
613.920,-222,411,right
614.669,-246,893,right
614.787,-245,896,right
632.354,-1168,1978,left
632.451,-1168,1978,left
645.407,-337,966,right
645.512,-336,966,right
649.730,-569,867,right
649.832,-568,863,right
649.923,-565,949,right
650.032,-581,916,right
650.106,-582,946,right
650.228,-581,952,right
650.313,-582,978,right
650.417,-582,949,right
650.492,-582,949,right
650.603,-582,949,right
650.678,-589,967,right
650.790,-590,976,right
650.883,-602,1029,right
650.991,-605,1043,right
651.074,-626,1093,right
651.183,-626,1103,right
651.273,-638,1126,right
651.372,-640,1116,right
651.457,-641,1118,right
651.570,-636,1110,right
651.646,-629,1119,right
651.769,-628,1118,right
651.839,-625,1125,right
651.960,-630,1128,right
652.045,-641,1117,right
652.161,-649,1060,right
652.237,-648,1040,right
652.366,-649,1010,right
652.446,-639,1003,right
652.552,-633,1003,right
652.630,-630,1024,right
652.742,-630,1012,right
652.818,-630,1010,right
652.919,-629,1008,right
653.048,-603,1060,right
653.147,-602,1051,right
653.269,-567,1043,right
653.376,-566,1019,right
653.475,-562,993,right
653.603,-582,840,right
653.666,-583,814,right
653.798,-590,780,right
653.888,-589,780,right
654.012,-592,763,right
654.114,-591,766,right
654.234,-591,766,right
654.341,-591,764,right
654.452,-591,764,right
658.105,-453,566,right
658.199,-406,385,right
658.271,-361,374,right
658.366,-377,332,right
658.453,-362,318,right
658.562,-394,101,right
658.644,-389,67,right
658.763,-432,0,right
658.974,-207,314,right
659.081,-285,287,right
659.183,-284,288,right
659.294,-293,264,right
659.681,-226,385,right
659.763,-234,416,right
659.886,-254,525,right
659.972,-273,558,right
660.060,-272,591,right
660.168,-268,631,right
660.258,-252,661,right
660.363,-252,659,right
660.445,-252,669,right
660.561,-259,667,right
660.645,-261,707,right
660.761,-261,706,right
660.848,-255,716,right
660.949,-251,674,right
661.066,-238,682,right
661.175,-230,661,right
662.076,-255,425,right
662.178,-297,263,right
662.275,-316,240,right
662.376,-310,55,right
662.459,-278,0,right
662.563,-278,0,right
662.663,-247,3,right
662.789,-258,97,right
662.880,-253,275,right
663.003,-293,262,right
663.078,-303,245,right
663.191,-303,214,right
663.282,-291,169,right
663.389,-288,123,right
663.473,-280,100,right
663.582,-276,76,right
663.678,-275,63,right
663.787,-301,0,right
663.972,-313,0,right
664.067,-306,85,right
664.178,-284,326,right
664.297,-284,332,right
664.430,-267,402,right
664.561,-275,276,right
664.696,-317,0,right
664.831,-424,0,right
664.974,-370,301,right
665.081,-370,309,right
665.178,-375,339,right
665.285,-375,350,right
665.371,-374,353,right
665.479,-375,352,right
665.604,-363,335,right
665.717,-417,0,right
666.007,-497,426,right
666.128,-507,454,right
666.205,-517,483,right
666.312,-519,465,right
666.384,-523,467,right
666.494,-523,466,right
673.168,-668,440,right
673.274,-670,447,right
680.569,-995,1862,left
680.698,-995,1862,left
682.171,-1268,1332,left
682.290,-1269,1332,left
685.411,-334,210,left
685.496,-333,210,left
686.458,-166,1156,right
686.579,-166,1156,right
687.545,-178,1154,left
687.619,-178,1154,left
689.075,-175,1039,right
689.188,-174,1039,right
690.310,-1000,1868,left
690.407,-1000,1868,left
695.505,-505,1533,right
695.644,-497,1533,right
695.708,-498,1523,right
695.867,-500,1478,right
695.935,-494,1462,right
696.063,-494,1462,right
696.162,-495,1461,right
696.281,-499,1423,right
697.082,-718,1516,right
697.211,-713,1527,right
697.289,-699,1577,right
697.391,-698,1577,right
697.480,-699,1574,right
697.581,-699,1574,right
697.671,-700,1570,right
697.789,-699,1570,right
697.876,-687,1583,right
697.992,-688,1588,right
698.080,-692,1589,right
698.182,-693,1595,right
698.278,-704,1602,right
698.382,-707,1610,right
698.478,-713,1608,right
698.585,-714,1612,right
698.685,-719,1611,right
698.783,-719,1614,right
698.882,-699,1661,right
698.994,-705,1676,right
699.113,-716,1730,right
699.231,-738,1723,right
699.320,-741,1698,right
699.428,-747,1663,right
699.521,-705,1714,right
699.638,-709,1728,right
699.716,-705,1710,right
699.835,-706,1719,right
699.931,-693,1701,right
700.039,-697,1709,right
700.128,-693,1712,right
700.239,-709,1739,right
700.605,-698,1529,right
700.733,-701,1531,right
700.814,-717,1546,right
700.930,-721,1560,right
701.017,-729,1579,right
701.122,-731,1583,right
701.223,-740,1572,right
701.323,-740,1576,right
701.426,-736,1586,right
701.528,-734,1590,right
701.630,-736,1590,right
701.739,-734,1595,right
701.844,-735,1595,right
701.957,-737,1597,right
702.057,-741,1588,right
702.153,-741,1590,right
702.255,-745,1595,right
702.359,-745,1599,right
702.460,-749,1593,right
702.567,-751,1603,right
703.887,-543,1328,right
703.989,-543,1329,right
704.070,-555,1362,right
704.174,-558,1432,right
705.096,-539,1437,right
705.158,-539,1437,right
706.035,-584,1622,right
706.117,-586,1624,right
706.693,-432,994,right
706.836,-518,1102,right
706.932,-528,1163,right
707.038,-655,1296,right
707.335,-749,1089,right
707.444,-850,1348,right
707.540,-824,1374,right
707.632,-849,1085,right
707.747,-813,915,right
707.828,-803,900,right
707.931,-700,1471,right
708.053,-717,1706,right
708.130,-728,1786,right
708.245,-740,1804,right
708.328,-715,1811,right
708.428,-709,1765,right
708.510,-712,1750,right
708.606,-711,1752,right
708.694,-711,1752,right
708.789,-710,1752,right
708.893,-711,1752,right
708.977,-711,1755,right
714.553,-521,1847,right
714.663,-542,1825,right
714.738,-552,1820,right
714.836,-572,1807,right
714.939,-563,1855,right
715.013,-564,1819,right
715.114,-553,1830,right
715.197,-548,1788,right
715.291,-545,1775,right
715.379,-545,1774,right
715.493,-530,1798,right
715.557,-531,1773,right
715.668,-534,1761,right
715.745,-535,1761,right
715.848,-535,1761,right
715.937,-537,1768,right
716.037,-537,1778,right
716.122,-537,1781,right
716.228,-542,1808,right
716.327,-541,1806,right
721.828,-865,1178,right
721.940,-863,1177,right
722.037,-823,1174,right
722.131,-814,1169,right
722.274,-698,866,right
722.361,-666,634,right
722.448,-642,454,right
722.557,-663,216,right
722.640,-634,158,right
722.759,-610,0,right
722.837,-612,6,right
722.967,-626,3,right
723.104,-623,317,right
723.225,-634,386,right
723.321,-613,331,right
723.433,-600,223,right
723.505,-571,196,right
723.632,-561,157,right
723.732,-561,155,right
723.867,-564,146,right
723.951,-564,146,right
724.116,-574,83,right
724.226,-574,82,right
724.351,-578,45,right
724.434,-570,5,right
724.552,-576,0,right
724.673,-546,0,right
724.783,-542,0,right
724.906,-542,7,right
724.998,-542,21,right
725.113,-543,253,right
725.227,-546,233,right
725.360,-548,243,right
725.477,-554,212,right
725.586,-554,212,right
725.694,-550,198,right
725.793,-531,198,right
725.932,-531,196,right
726.011,-531,196,right
726.128,-531,194,right
726.214,-531,193,right
726.341,-536,160,right
726.458,-535,155,right
726.566,-536,150,right
726.674,-535,142,right
726.781,-522,138,right
726.889,-415,135,right
726.999,-382,121,right
727.096,-392,83,right
727.210,-426,0,right
727.297,-435,0,right
727.397,-464,1,right
727.487,-422,275,right
727.613,-456,204,right
727.745,-455,202,right
727.855,-455,192,right
727.961,-455,192,right
728.076,-469,127,right
728.189,-475,90,right
728.303,-492,20,right
728.420,-499,5,right
728.530,-505,0,right
728.846,-380,533,right
728.975,-393,536,right
730.211,-635,1187,right
730.318,-615,1041,right
730.430,-584,1018,right
730.536,-576,962,right
730.633,-572,942,right
730.745,-583,858,right
731.285,-521,685,right
731.417,-525,636,right
733.868,-576,556,right
733.958,-566,487,right
734.135,-518,1121,right
734.194,-522,1100,right
734.322,-605,797,right
734.436,-692,576,right
734.517,-712,532,right
734.623,-805,402,right
734.728,-972,454,right
734.840,-1124,542,right
735.366,-871,911,right
735.479,-943,881,right
735.558,-1013,894,right
735.676,-1036,953,right
735.805,-1112,1477,right
735.891,-1074,1421,right
735.979,-1047,1406,right
736.107,-1054,1402,right
736.169,-1059,1408,right
736.302,-1088,1437,right
761.210,-305,1702,right
761.317,-306,1702,right
761.413,-307,1702,right
761.526,-306,1702,right
761.615,-306,1702,right
761.721,-306,1703,right
762.222,-316,1605,right
762.315,-318,1593,right
762.422,-307,1604,right
762.508,-307,1606,right
763.044,-305,1645,right
763.137,-305,1650,right
763.245,-298,1699,right
763.350,-298,1705,right
764.112,-288,1623,right
764.213,-332,1620,right
764.300,-333,1620,right
764.389,-336,1630,right
765.491,-540,1233,right
765.592,-540,1233,right
765.691,-551,1270,right
765.800,-553,1279,right
765.901,-555,1286,right
766.010,-556,1293,right
766.103,-570,1401,right
766.210,-573,1416,right
766.358,-584,1550,right
766.440,-588,1561,right
767.518,-523,1615,right
767.613,-528,1636,right
767.737,-533,1666,right
767.857,-533,1654,right
767.935,-537,1699,right
768.062,-536,1695,right
768.151,-541,1745,right
768.277,-545,1749,right
768.370,-548,1752,right
768.495,-549,1755,right
768.621,-552,1756,right
768.730,-553,1760,right
768.820,-565,1816,right
768.936,-577,1832,right
769.027,-588,1834,right
769.133,-596,1834,right
769.247,-596,1838,right
769.337,-595,1838,right
769.436,-580,1850,right
769.552,-580,1837,right
769.641,-573,1873,right
769.745,-574,1874,right
769.832,-582,1890,right
769.937,-585,1896,right
770.028,-587,1936,right
770.140,-605,1953,right
770.222,-607,1958,right
770.335,-626,1977,right
770.425,-646,2040,right
770.546,-649,2013,right
770.620,-646,2006,right
770.742,-649,2009,right
770.889,-652,1902,right
771.035,-650,1832,right
771.118,-647,1803,right
771.238,-644,1750,right
771.313,-640,1731,right
771.435,-643,1735,right
772.401,-595,1314,right
772.509,-594,1317,right
772.791,-518,1301,right
772.905,-488,1517,right
773.000,-460,1564,right
773.104,-467,1604,right
773.199,-460,1713,right
773.320,-519,1764,right
773.424,-532,1769,right
773.516,-532,1770,right
773.613,-528,1776,right
773.721,-525,1754,right
773.819,-508,1745,right
773.958,-506,1741,right
774.263,-500,1748,right
774.359,-501,1755,right
777.872,-659,1700,right
777.989,-656,1691,right
778.070,-656,1680,right
778.379,-661,1651,right
778.470,-661,1639,right
778.579,-660,1632,right
778.666,-661,1626,right
778.780,-660,1626,right
778.865,-660,1622,right
778.976,-660,1618,right
779.065,-660,1613,right
779.182,-657,1607,right
779.263,-626,1599,right
779.371,-621,1569,right
779.466,-611,1569,right
779.572,-619,1575,right
779.665,-628,1577,right
779.774,-628,1557,right
779.863,-628,1535,right
779.969,-628,1521,right
780.069,-624,1628,right
780.190,-640,1634,right
780.279,-643,1626,right
780.378,-642,1620,right
780.473,-633,1609,right
780.573,-633,1616,right
780.668,-620,1657,right
780.777,-626,1662,right
780.881,-629,1669,right
780.979,-629,1668,right
781.083,-627,1666,right
781.178,-631,1657,right
781.276,-630,1682,right
781.377,-636,1682,right
781.469,-641,1682,right
781.574,-640,1681,right
781.671,-638,1692,right
781.781,-638,1678,right
781.879,-637,1676,right
781.982,-639,1670,right
782.088,-637,1657,right
782.183,-630,1612,right
782.281,-543,1347,right
782.390,-538,1302,right
782.485,-554,1360,right
782.584,-554,1368,right
782.671,-552,1375,right
782.786,-552,1374,right
785.350,-756,896,right
785.459,-773,888,right
785.545,-766,915,right
785.660,-765,919,right
785.893,-592,1055,right
785.987,-587,1059,right
786.082,-550,1097,right
786.183,-533,1081,right
786.331,-410,1069,right
786.428,-354,837,right
786.537,-281,601,right
786.644,-282,602,right
786.745,-260,630,right
786.839,-260,586,right
786.939,-244,541,right
787.037,-238,468,right
787.128,-197,407,right
787.230,-170,287,right
787.332,-145,136,right
787.456,-117,0,right
787.565,-64,0,right
787.612,-65,0,right
788.488,-1150,1958,left
788.588,-1155,1963,left
790.760,-1237,1874,left
790.882,-1238,1875,left
795.805,-1247,1916,left
795.912,-1246,1915,left
796.036,-1247,1906,right
796.161,-1238,1898,right
796.281,-752,1102,right
796.397,-710,991,right
796.476,-701,943,right
796.577,-697,758,right
797.095,-503,486,right
797.187,-510,528,right
797.301,-462,843,right
797.391,-473,922,right
797.485,-458,1092,right
797.583,-452,1106,right
797.663,-455,1134,right
797.801,-488,1168,right
797.883,-482,1181,right
798.013,-480,1225,right
798.089,-469,1231,right
798.214,-476,1249,right
798.312,-476,1253,right
798.416,-480,1251,right
798.512,-460,1206,right
798.630,-463,1201,right
798.725,-445,1239,right
798.829,-452,1216,right
798.928,-452,1214,right
799.028,-459,1180,right
799.128,-455,1210,right
799.230,-459,1165,right
799.328,-446,1122,right
799.454,-446,1022,right
799.555,-430,908,right
799.661,-438,845,right
799.753,-430,794,right
799.861,-431,767,right
799.956,-419,798,right
800.062,-423,809,right
800.162,-413,888,right
800.267,-431,879,right
800.362,-433,817,right
800.490,-433,763,right
800.630,-391,902,right
800.741,-460,665,right
800.825,-455,617,right
800.935,-455,617,right
801.076,-463,581,right
801.131,-462,581,right
801.224,-415,687,right
801.337,-424,669,right
801.424,-424,669,right
801.538,-424,672,right
801.628,-425,672,right
801.754,-434,637,right
801.821,-433,629,right
801.947,-434,635,right
802.049,-430,647,right
802.157,-436,635,right
802.249,-435,637,right
802.364,-437,639,right
802.452,-429,640,right
802.574,-429,640,right
802.668,-429,641,right
802.757,-429,642,right
802.857,-428,661,right
802.982,-433,646,right
803.061,-433,633,right
803.164,-439,631,right
803.233,-439,629,right
803.357,-439,634,right
803.426,-438,636,right
803.555,-438,639,right
803.661,-427,685,right
803.773,-429,701,right
803.872,-422,797,right
803.982,-423,803,right
804.089,-426,807,right
804.187,-426,815,right
804.284,-419,916,right
804.400,-427,918,right
804.503,-425,960,right
804.616,-442,951,right
804.711,-443,986,right
804.814,-456,1003,right
804.918,-477,1028,right
805.016,-477,1031,right
805.112,-469,1055,right
805.229,-470,1046,right
805.394,-448,1059,right
805.501,-449,1054,right
805.641,-439,1083,right
805.741,-442,1073,right
805.859,-417,1081,right
805.965,-416,1081,right
806.081,-409,1076,right
806.194,-409,1077,right
806.312,-405,1083,right
806.435,-432,1072,right
806.539,-453,983,right
806.659,-534,715,right
806.755,-550,666,right
806.856,-572,594,right
806.947,-551,573,right
807.060,-551,585,right
807.401,-462,1165,right
807.473,-470,1143,right
807.564,-480,1081,right
807.665,-481,1077,right
807.798,-477,1059,right
807.872,-477,1059,right
808.018,-531,1273,right
808.122,-627,1373,right
808.207,-657,1334,right
808.319,-700,1247,right
808.523,-698,1140,right
808.661,-698,1141,right
809.725,-553,1689,right
809.805,-545,1758,right
809.907,-523,2000,right
810.029,-487,2047,right
810.506,-432,1636,right
810.616,-431,1667,right
812.015,-760,1558,right
812.107,-759,1561,right
812.202,-741,1565,right
812.317,-743,1591,right
812.670,-707,1819,right
812.789,-712,1830,right
813.287,-600,1745,right
813.390,-602,1748,right
813.489,-639,1767,right
813.612,-671,1794,right
814.101,-667,1186,right
814.205,-667,1186,right
814.310,-651,959,right
814.408,-653,870,right
814.507,-665,857,right
814.586,-666,859,right
814.688,-674,885,right
814.790,-678,904,right
814.879,-678,908,right
814.992,-678,915,right
815.075,-680,938,right
815.199,-706,928,right
815.325,-652,1176,right
815.432,-658,1176,right
815.534,-660,1189,right
815.646,-659,1198,right
815.748,-665,1192,right
815.868,-667,1182,right
815.979,-670,1181,right
816.080,-671,1186,right
816.183,-675,1186,right
816.294,-678,1168,right
816.413,-677,1166,right
816.513,-683,1134,right
816.630,-697,1026,right
816.734,-697,994,right
816.843,-693,1057,right
816.953,-696,1067,right
817.062,-699,1065,right
817.165,-709,1063,right
817.270,-723,1070,right
817.372,-723,1072,right
817.484,-716,1143,right
817.603,-717,1149,right
817.730,-718,1140,right
817.835,-717,1143,right
817.964,-712,1153,right
818.094,-715,1147,right
818.206,-715,1144,right
818.329,-718,1141,right
818.444,-748,933,right
818.593,-764,720,right
818.693,-776,682,right
818.795,-776,690,right
818.889,-760,734,right
818.997,-757,734,right
819.092,-748,752,right
819.213,-747,756,right
819.314,-728,809,right
819.405,-729,810,right
819.558,-730,805,right
819.667,-722,795,right
819.798,-703,898,right
819.913,-709,921,right
820.032,-720,1026,right
820.131,-720,1029,right
820.232,-730,1116,right
820.343,-733,1136,right
820.485,-739,1184,right
820.575,-738,1197,right
820.707,-693,1250,right
820.800,-689,1224,right
820.906,-668,1211,right
820.998,-668,1212,right
821.194,-655,1537,right
821.285,-688,1652,right
821.393,-725,1905,right
821.502,-718,1925,right
821.930,-537,1599,right
822.050,-560,1579,right
822.592,-455,1545,right
822.739,-503,1509,right
823.659,-556,1474,right
823.768,-555,1474,right
824.467,-294,1698,right
824.589,-305,1703,right
825.450,-498,1629,right
825.543,-498,1627,right
825.636,-480,1625,right
825.771,-403,1877,right
826.173,-563,1411,right
826.293,-615,1393,right
826.484,-536,1502,right
826.564,-540,1511,right
826.654,-549,1532,right
826.757,-548,1538,right
827.054,-472,1557,right
827.153,-473,1558,right
827.262,-475,1556,right
827.387,-475,1561,right
827.694,-0,1724,right
827.827,-176,1599,right
827.999,-159,1619,right
828.021,-136,1635,right
829.283,-1,1608,right
829.441,-222,1437,right
829.539,-203,1447,right
829.629,-202,1448,right
829.961,-370,1574,right
830.107,-445,1553,right
830.197,-452,1514,right
830.333,-543,1430,right
830.391,-543,1426,right
830.502,-552,1442,right
830.559,-549,1434,right
830.725,-548,1428,right
830.763,-547,1428,right
830.884,-546,1428,right
830.997,-490,1450,right
831.092,-485,1457,right
831.194,-487,1457,right
831.301,-494,1449,right
831.411,-495,1444,right
831.525,-495,1444,right
831.610,-495,1442,right
831.729,-495,1446,right
831.831,-497,1445,right
831.955,-499,1450,right
832.062,-504,1450,right
832.160,-511,1455,right
832.273,-611,1459,right
832.387,-702,1461,right
832.484,-700,1450,right
832.596,-699,1450,right
832.704,-666,1439,right
832.825,-666,1439,right
832.932,-666,1439,right
833.008,-642,1424,right
833.104,-613,1418,right
833.190,-612,1418,right
833.307,-613,1415,right
833.403,-612,1418,right
833.510,-612,1418,right
833.627,-612,1420,right
833.742,-640,1430,right
833.881,-739,1451,right
833.951,-751,1436,right
834.074,-758,1454,right
834.178,-727,1432,right
834.270,-728,1439,right
834.361,-727,1430,right
834.466,-726,1433,right
834.621,-612,1437,right
834.737,-610,1437,right
834.850,-610,1427,right
834.949,-606,1427,right
835.058,-605,1427,right
835.162,-620,1430,right
835.276,-656,1417,right
835.375,-655,1416,right
835.513,-605,1338,right
835.600,-607,1339,right
835.713,-608,1339,right
835.825,-639,1328,right
835.903,-698,1347,right
836.019,-738,1373,right
836.116,-746,1365,right
836.233,-752,1367,right
836.331,-732,1361,right
836.441,-732,1364,right
836.632,-413,1398,right
836.723,-409,1399,right
836.846,-415,1392,right
836.938,-383,1410,right
837.042,-225,1470,right
837.176,-89,1476,right
837.722,-345,1316,right
837.823,-347,1319,right
837.913,-326,1353,right
838.019,-325,1353,right
838.550,-151,1196,right
838.688,-151,1196,right
839.243,-204,1241,right
839.351,-204,1241,right
840.757,-1028,1813,left
840.836,-1019,1785,left
842.876,-296,935,right
842.984,-259,737,right
843.078,-210,754,right
843.144,-32,754,right
844.520,-344,951,right
844.611,-336,952,right
844.940,-217,994,right
845.059,-0,1008,right
845.341,-184,1016,right
845.427,-184,1012,right
846.221,-149,998,right
846.344,-130,993,right
846.426,-163,977,right
846.539,-166,977,right
846.619,-166,974,right
846.727,-167,974,right
846.811,-167,974,right
846.925,-182,958,right
847.017,-194,953,right
847.128,-199,940,right
847.736,-452,859,right
847.895,-612,883,right
847.999,-565,875,right
848.079,-565,875,right
848.167,-557,887,right
848.274,-556,890,right
848.364,-557,890,right
848.470,-558,894,right
848.578,-556,897,right
848.668,-495,890,right
848.767,-431,922,right
848.877,-444,916,right
848.999,-409,934,right
849.092,-395,928,right
849.200,-384,912,right
849.307,-383,897,right
849.407,-384,897,right
849.530,-435,867,right
849.617,-536,867,right
849.774,-582,875,right
849.859,-583,878,right
849.981,-582,878,right
850.089,-562,878,right
850.184,-562,880,right
850.292,-557,890,right
850.396,-556,890,right
850.519,-516,881,right
850.603,-507,881,right
850.751,-364,909,right
850.855,-338,912,right
850.966,-317,950,right
851.062,-315,950,right
851.166,-293,965,right
851.276,-314,965,right
851.535,-594,1042,right
851.647,-598,1033,right
851.731,-600,1066,right
851.834,-658,1089,right
851.913,-792,1204,right
852.021,-1030,1298,right
852.297,-890,1243,right
852.430,-908,1248,right
852.521,-954,1256,right
852.628,-1221,1353,right
853.191,-333,902,right
853.323,-325,918,right
853.399,-318,919,right
853.496,-338,891,right
853.581,-335,910,right
853.696,-341,910,right
853.757,-345,908,right
853.874,-348,911,right
853.956,-350,910,right
854.073,-368,883,right
854.149,-341,869,right
854.255,-349,883,right
854.336,-344,922,right
854.462,-343,929,right
854.541,-342,935,right
854.673,-355,927,right
854.741,-322,948,right
854.856,-340,921,right
854.940,-341,941,right
855.070,-372,974,right
855.147,-370,939,right
855.259,-374,952,right
855.341,-365,957,right
855.456,-364,959,right
855.541,-356,945,right
855.654,-370,945,right
855.749,-379,957,right
855.853,-390,991,right
855.937,-387,1047,right
856.041,-407,1007,right
856.118,-389,924,right
856.227,-387,956,right
856.298,-382,964,right
856.412,-385,989,right
856.505,-386,987,right
856.611,-401,1008,right
856.696,-407,990,right
856.802,-407,1008,right
856.889,-387,1001,right
856.990,-404,1021,right
857.069,-402,1024,right
857.176,-404,1024,right
857.295,-397,1030,right
857.404,-326,1054,right
857.511,-324,1031,right
857.605,-370,991,right
857.694,-250,1096,right
857.805,-235,1080,right
857.910,-251,1091,right
858.016,-304,1099,right
858.219,-0,1213,right
858.357,-11,1218,right
858.466,-100,1174,right
858.648,-195,1120,right
858.752,-182,987,right
858.887,-182,988,right
858.948,-172,1002,right
859.072,-168,1021,right
859.142,-160,1023,right
859.252,-160,1026,right
859.329,-159,1021,right
859.447,-159,1025,right
859.527,-150,997,right
859.646,-151,1005,right
859.778,-161,1061,right
859.895,-453,1141,right
859.968,-511,1132,right
860.082,-654,1145,right
860.164,-680,1139,right
860.278,-748,1149,right
860.363,-748,1141,right
860.468,-772,1164,right
860.556,-783,1158,right
860.671,-798,1170,right
860.952,-748,1144,right
861.064,-763,1161,right
861.155,-764,1153,right
861.272,-766,1160,right
861.653,-736,1139,right
861.762,-735,1139,right
861.883,-726,1140,right
862.019,-795,1140,right
862.103,-809,1124,right
862.222,-808,1124,right
862.362,-568,993,right
862.478,-538,988,right
862.571,-536,986,right
862.682,-537,975,right
862.781,-467,968,right
862.903,-187,1025,right
863.383,-365,1099,right
863.505,-364,1102,right
864.515,-199,1031,right
864.619,-172,1009,right
865.595,-203,935,right
865.711,-201,935,right
865.853,-190,936,right
865.948,-190,936,right
866.042,-192,936,right
866.155,-192,936,right
866.261,-192,936,right
866.352,-192,936,right
868.860,-878,1293,right
868.941,-878,1293,right
869.028,-904,1245,right
869.130,-949,1211,right
869.204,-950,1191,right
869.311,-953,1168,right
869.403,-915,844,right
869.527,-971,785,right
869.625,-1013,937,right
869.726,-1026,917,right
869.829,-1064,919,right
869.918,-1279,1065,right
870.575,-1214,1981,right
870.728,-1215,1990,right
870.938,-1209,2016,right
871.059,-1209,2016,right
871.780,-1214,2016,right
871.947,-1214,2016,right
878.375,-404,1006,right
878.470,-405,1014,right
878.571,-411,1026,right
878.666,-459,1029,right
878.781,-469,1041,right
878.886,-460,1038,right
879.294,-232,1099,right
879.389,-240,1054,right
879.999,-233,1047,right
880.139,-157,1051,right
881.268,-666,1008,right
881.348,-665,1011,right
881.435,-641,1017,right
881.543,-641,1017,right
881.622,-641,1016,right
881.718,-641,1015,right
881.817,-591,1002,right
881.940,-574,1004,right
882.025,-473,979,right
882.133,-472,979,right
882.242,-394,962,right
882.340,-380,960,right
882.442,-370,962,right
882.539,-365,963,right
882.634,-340,975,right
882.743,-330,981,right
882.859,-327,980,right
882.970,-355,941,right
883.069,-417,936,right
883.217,-578,909,right
883.280,-591,910,right
883.406,-631,889,right
883.513,-607,911,right
883.614,-608,920,right
883.712,-583,939,right
883.827,-582,939,right
883.919,-545,950,right
884.037,-545,954,right
884.122,-539,942,right
884.240,-549,949,right
884.333,-550,952,right
884.450,-555,954,right
884.542,-547,946,right
884.649,-546,949,right
884.760,-510,964,right
884.874,-510,968,right
884.961,-506,968,right
885.080,-524,971,right
885.195,-496,972,right
885.306,-496,974,right
885.407,-525,980,right
885.553,-665,936,right
885.623,-664,927,right
885.750,-664,926,right
885.842,-643,935,right
885.967,-641,936,right
886.057,-600,960,right
886.179,-618,964,right
886.259,-631,963,right
886.362,-632,976,right
886.442,-586,1160,right
886.553,-685,1214,right
886.658,-662,1288,right
886.762,-681,1346,right
886.834,-703,1374,right
886.946,-738,1397,right
887.020,-742,1390,right
887.133,-786,1291,right
887.202,-855,1164,right
887.292,-900,1195,right
887.357,-834,1269,right
887.469,-1044,1212,right
906.724,-1259,1355,left
906.828,-1258,1355,left
908.351,-562,259,left
908.456,-562,259,left
909.498,-263,1174,right
909.626,-261,1175,right
910.352,-273,1168,right
910.462,-273,1168,right
913.160,-1245,1888,left
913.232,-1245,1888,left
923.153,-1252,1339,left
923.243,-1252,1339,left
926.137,-609,347,left
926.235,-609,347,left
928.060,-386,1039,right
928.194,-385,1042,right
929.127,-69,1078,left
929.214,-68,1079,left
929.850,-52,1059,left
929.952,-52,1059,left
937.467,-1249,1737,left
937.532,-1249,1736,left
949.503,-743,1031,left
949.616,-741,1035,left
952.737,-741,1035,right
952.872,-741,1035,right