z,y,x,button
2.033,-1079,870,left
2.120,-1079,871,left
4.156,-1250,1288,left
4.246,-1250,1289,left
6.025,-214,216,right
6.127,-214,209,right
6.786,-234,261,right
6.868,-233,260,right
7.002,-233,260,right
7.102,-233,260,right
7.214,-233,260,right
7.315,-230,254,right
7.875,-243,352,right
7.988,-241,342,right
9.510,-1208,1927,right
9.617,-1200,1913,right
10.227,-1217,1908,right
10.322,-1216,1904,right
10.447,-1216,1903,right
10.583,-1216,1903,right
10.690,-1216,1903,right
10.816,-1216,1903,right
23.613,-256,1907,right
23.716,-263,1886,right
23.820,-325,1858,right
23.905,-339,1908,right
23.998,-339,1903,right
24.106,-339,1902,right
25.964,-441,1697,right
26.067,-440,1697,right
26.178,-413,1596,right
26.254,-414,1596,right
28.312,-1149,1326,left
28.945,-1154,1356,left
30.309,-898,1216,right
30.417,-986,1035,right
30.517,-974,1035,right
30.613,-974,1034,right
30.725,-982,1006,right
30.814,-982,999,right
33.334,-880,709,right
33.418,-878,709,right
33.527,-940,766,right
33.610,-915,785,right
33.737,-916,786,right
33.854,-915,785,right
35.803,-467,921,right
35.888,-466,917,right
35.978,-467,917,right
36.068,-471,911,right
36.143,-471,911,right
36.272,-471,911,right
38.751,-518,951,right
38.840,-517,948,right
39.641,-511,947,right
39.689,-511,947,right
55.792,-1138,1907,left
55.884,-1138,1907,left
62.793,-170,1168,left
62.866,-640,1024,left
85.828,-595,298,right
85.918,-584,371,right
86.004,-593,399,right
86.067,-594,405,right
86.173,-620,450,right
86.279,-537,536,right
86.358,-340,636,right
86.457,-341,666,right
86.556,-382,1414,right
86.658,-398,1711,right
86.734,-400,1721,right
86.832,-442,1733,right
86.922,-504,1752,right
87.012,-511,1812,right
87.096,-517,1827,right
87.196,-510,1818,right
87.428,-448,1793,left
87.550,-640,1024,left
88.930,-339,1299,left
90.632,-640,1024,left
91.081,-575,1434,right
91.183,-580,1439,right
91.285,-585,1442,right
91.388,-585,1441,right
91.527,-589,1476,right
91.627,-556,1520,right
91.729,-535,1652,right
91.850,-540,1657,right
91.959,-560,1642,right
92.082,-604,1540,right
92.171,-610,1435,right
92.274,-648,1310,right
92.377,-653,1277,right
92.470,-655,1253,right
92.565,-651,1239,right
92.663,-649,1201,right
92.749,-645,1163,right
92.853,-654,1139,right
94.152,-657,1256,right
94.250,-651,1276,right
94.345,-665,1321,right
94.444,-665,1315,right
94.536,-661,1312,right
94.641,-654,1285,right
98.080,-510,1369,right
98.162,-509,1359,right
98.268,-510,1361,right
98.366,-510,1354,right
98.449,-510,1353,right
98.548,-509,1351,right
98.641,-509,1351,right
98.735,-507,1348,right
98.821,-503,1347,right
98.916,-501,1346,right
99.008,-500,1348,right
99.111,-500,1347,right
99.210,-499,1355,right
99.324,-497,1351,right
99.424,-499,1351,right
99.550,-498,1351,right
109.324,-667,940,right
109.435,-667,940,right
117.644,-184,662,right
117.733,-183,663,right
117.832,-185,662,right
117.945,-186,659,right
118.462,-533,804,right
118.569,-532,809,right
119.485,-1083,777,left
119.552,-1083,777,left
120.756,-776,923,right
120.866,-786,910,right
120.964,-787,913,right
121.054,-786,913,right
121.742,-393,1160,right
121.839,-392,1160,right
121.939,-393,1160,right
122.030,-393,1160,right
122.110,-393,1160,right
122.207,-393,1160,right
123.067,-593,1193,right
123.177,-593,1196,right
147.832,-783,1240,right
147.953,-783,1240,right
153.079,-592,986,right
153.184,-591,986,right
156.222,-322,751,right
156.333,-300,775,right
156.770,-811,1188,right
156.852,-832,1185,right
157.013,-795,1122,right
157.117,-777,1112,right
158.969,-304,696,right
159.065,-304,698,right
159.156,-305,697,right
159.270,-306,698,right
160.946,-828,576,right
161.045,-826,576,right
161.143,-823,569,right
161.248,-824,575,right
163.000,-640,557,right
163.077,-639,557,right
163.214,-639,557,right
163.319,-639,557,right
165.291,-546,548,right
165.388,-546,550,right
166.430,-644,697,right
166.521,-644,700,right
169.710,-642,595,right
169.824,-642,596,right
173.939,-546,552,right
174.056,-546,556,right
174.521,-547,556,right
174.638,-547,556,right
188.800,-533,306,right
188.912,-533,306,right
188.969,-533,306,right
189.064,-543,291,right
189.148,-546,257,right
189.239,-561,194,right
189.657,-253,686,right
189.774,-277,701,right
190.654,-1087,948,left
190.739,-1087,948,left
192.157,-770,304,right
192.321,-769,292,right
192.396,-769,292,right
192.501,-771,291,right
192.609,-800,159,right
192.717,-803,151,right
192.811,-803,152,right
192.913,-832,189,right
199.742,-868,991,right
199.862,-868,989,right
199.956,-868,988,right
200.071,-867,971,right
213.202,-806,1156,right
213.358,-806,1156,right
216.070,-845,810,right
216.174,-846,809,right
216.888,-824,1115,right
216.993,-823,1114,right
218.744,-833,817,right
218.845,-833,815,right
221.525,-244,701,right
221.601,-242,701,right
221.702,-243,701,right
221.813,-243,699,right
222.550,-521,938,right
222.645,-515,938,right
222.962,-423,979,right
223.095,-423,979,right
223.202,-423,979,right
223.319,-423,978,right
225.780,-666,872,right
225.871,-666,872,right
226.689,-621,1155,right
226.797,-614,1151,right
226.908,-615,1151,right
227.014,-614,1152,right
227.128,-614,1153,right
227.230,-614,1153,right
227.321,-614,1153,right
227.426,-613,1153,right
227.522,-613,1153,right
227.646,-613,1153,right
227.774,-608,1161,right
227.829,-608,1161,right
243.218,-642,935,right
243.309,-642,935,right
244.030,-567,1172,right
244.120,-567,1173,right
244.666,-567,1173,right
244.776,-567,1173,right
245.705,-630,972,right
245.848,-628,972,right
248.384,-442,1033,right
248.471,-442,1033,right
251.088,-1031,1806,left
251.168,-1031,1805,left
251.820,-401,526,left
251.909,-640,1024,left
253.490,-356,202,right
253.594,-387,210,right
253.673,-357,188,right
253.769,-403,143,right
255.204,-1090,857,left
255.299,-1090,857,left
255.878,-456,641,right
255.973,-455,641,right
256.057,-455,641,right
256.159,-456,641,right
256.242,-461,649,right
256.344,-481,654,right
256.433,-482,654,right
256.552,-485,654,right
256.879,-485,654,right
257.038,-485,654,right
274.075,-1248,1325,left
274.139,-1248,1326,left
282.144,-335,211,right
282.279,-335,211,right
284.514,-1244,1382,left
284.587,-1245,1382,left
285.437,-205,264,right
285.546,-205,264,right
285.662,-205,264,right
285.738,-205,264,right
286.792,-1253,1946,right
286.922,-1235,1920,right
287.217,-1212,1891,right
287.329,-1211,1891,right
287.699,-1212,1908,right
287.831,-1212,1907,right
289.534,-1135,1869,left
289.621,-1135,1869,left
291.412,-1251,1396,left
291.469,-1251,1396,left
293.825,-56,1414,left
293.917,-56,1414,left
298.494,-1237,1978,left
298.608,-1238,1980,left
308.890,-486,494,right
308.971,-486,495,right
309.063,-486,497,right
309.170,-486,501,right
309.258,-486,506,right
309.373,-489,515,right
309.464,-492,527,right
309.594,-493,530,right
309.669,-494,530,right
309.775,-499,527,right
309.870,-499,527,right
309.984,-499,527,right
310.071,-499,527,right
310.180,-499,527,right
310.299,-497,521,right
310.434,-496,521,right
310.536,-496,521,right
310.842,-496,521,right
312.709,-513,578,right
312.817,-512,578,right
322.042,-462,452,right
322.186,-462,452,right
326.128,-535,1764,right
326.186,-534,1764,right
326.305,-512,1820,right
326.388,-518,1831,right
326.486,-493,1873,right
326.584,-457,1900,right
327.319,-459,1562,right
327.415,-460,1562,right
332.823,-584,382,right
332.944,-577,348,right
334.346,-134,431,right
334.471,-133,431,right
334.811,-0,0,right
334.913,-21,0,right
335.303,-581,112,right
335.427,-719,0,right
335.497,-795,7,right
335.603,-847,36,right
335.778,-899,595,right
335.886,-884,509,right
335.984,-880,459,right
336.064,-879,460,right
341.244,-786,969,right
341.326,-789,970,right
341.424,-783,1051,right
341.504,-772,1038,right
341.599,-693,1051,right
341.706,-693,1022,right
341.776,-661,1001,right
341.877,-698,996,right
341.961,-686,989,right
342.066,-696,990,right
342.143,-694,1003,right
342.244,-698,1010,right
342.335,-698,1011,right
342.434,-698,1011,right
342.524,-693,1025,right
342.638,-733,1000,right
342.728,-778,989,right
342.838,-812,937,right
342.922,-814,934,right
343.018,-838,914,right
343.105,-853,968,right
343.202,-903,1008,right
343.300,-900,1004,right
343.411,-894,997,right
343.495,-849,972,right
343.611,-849,965,right
343.710,-836,974,right
343.813,-836,965,right
343.917,-831,966,right
344.011,-829,967,right
344.106,-824,969,right
344.222,-827,954,right
344.333,-720,935,right
344.439,-751,941,right
344.546,-779,1009,right
344.706,-809,1051,right
344.810,-761,1054,right
344.900,-760,1054,right
346.183,-835,1172,right
346.329,-933,754,right
346.383,-823,645,right
346.523,-834,569,right
346.600,-860,732,right
346.705,-946,719,right
346.793,-885,711,right
346.888,-910,759,right
346.999,-831,935,right
347.113,-879,752,right
347.228,-547,542,right
347.352,-521,561,right
347.446,-404,701,right
347.551,-402,701,right
347.655,-299,725,right
347.764,-279,745,right
347.864,-243,805,right
347.984,-242,805,right
348.114,-242,805,right
348.233,-242,806,right
349.642,-134,436,right
349.755,-112,365,right
350.249,-0,0,right
350.351,-43,0,right
350.824,-283,488,right
350.905,-283,483,right
356.459,-83,90,right
356.529,-244,103,right
365.410,-700,865,right
365.513,-699,867,right
365.655,-700,865,right
365.740,-705,855,right
365.873,-733,851,right
365.987,-733,852,right
366.092,-734,853,right
366.211,-734,852,right
366.307,-736,852,right
366.409,-734,852,right
366.509,-612,820,right
366.638,-611,819,right
366.721,-611,812,right
366.821,-612,808,right
366.896,-612,808,right
367.020,-612,808,right
367.123,-613,809,right
367.228,-612,809,right
375.272,-725,812,right
375.380,-725,812,right
377.055,-1104,957,left
377.150,-1104,957,left
378.287,-600,960,right
378.400,-599,960,right
380.479,-566,861,right
380.590,-566,861,right
383.311,-0,196,right
383.470,-1,18,right
384.128,-675,130,right
384.221,-632,192,right
384.992,-31,992,right
385.109,-35,992,right
392.096,-639,906,right
392.206,-639,906,right
393.245,-551,850,left
393.573,-640,1024,left
396.518,-714,1521,right
396.637,-714,1521,right
406.652,-845,1109,right
406.799,-851,1098,right
406.892,-772,1066,right
406.993,-829,1015,right
407.069,-815,976,right
407.154,-815,977,right
407.241,-823,1026,right
407.359,-815,1120,right
407.434,-796,1116,right
407.527,-800,1119,right
407.609,-772,1147,right
407.710,-794,1116,right
407.779,-793,1112,right
407.886,-792,1112,right
407.981,-809,1082,right
408.084,-809,1081,right
408.169,-809,1081,right
408.266,-783,1095,right
408.342,-771,1101,right
408.438,-772,1101,right
408.525,-772,1100,right
408.639,-772,1100,right
408.712,-772,1100,right
408.846,-780,1096,right
408.917,-780,1096,right
409.042,-780,1096,right
409.115,-780,1096,right
409.216,-780,1097,right
409.365,-757,1153,right
409.468,-766,1110,right
409.590,-754,1112,right
409.689,-752,1113,right
409.776,-753,1149,right
409.876,-753,1149,right
409.969,-720,1152,right
410.074,-720,1152,right
410.163,-712,1174,right
410.253,-711,1179,right
410.612,-687,1213,right
410.714,-701,1201,right
410.824,-703,1207,right
410.910,-708,1209,right
411.002,-708,1209,right
411.129,-708,1209,right
411.245,-711,1220,right
411.381,-711,1219,right
411.477,-711,1219,right
411.599,-711,1219,right
411.697,-711,1219,right
411.799,-711,1218,right
411.888,-711,1218,right
412.002,-711,1218,right
412.094,-711,1218,right
412.207,-711,1218,right
412.312,-712,1218,right
412.424,-711,1218,right
412.524,-711,1218,right
412.624,-711,1218,right
412.716,-711,1217,right
412.823,-716,1210,right
412.910,-717,1210,right
413.022,-717,1210,right
417.344,-1234,1343,left
417.418,-1234,1343,left
417.639,-1241,1354,left
417.749,-1241,1354,left
419.594,-466,246,left
419.669,-466,246,left
419.892,-466,241,left
419.972,-466,241,left
420.256,-467,234,left
420.277,-467,233,left
420.367,-468,223,left
420.401,-468,223,left
421.266,-471,1074,right
421.383,-471,1074,right
422.009,-485,977,right
422.111,-485,977,right
425.214,-1133,1802,left
425.315,-1133,1808,left
428.732,-1022,1791,left
428.841,-1021,1790,left
434.215,-1136,1871,right
434.313,-1134,1871,right
435.492,-1136,1821,right
435.602,-1135,1821,right
435.933,-1135,1812,right
436.041,-1134,1812,right
436.578,-1134,1812,right
436.677,-1134,1812,right
437.085,-1131,1800,right
437.185,-1130,1800,right
437.915,-1134,1812,right
438.025,-1134,1812,right
453.340,-1259,1309,left
453.433,-1259,1311,left
456.918,-654,1048,right
456.983,-653,1048,right
457.102,-653,1048,right
457.195,-654,1049,right
457.288,-654,1049,right
457.407,-654,1050,right
457.532,-654,1050,right
457.626,-654,1050,right
462.722,-634,1077,right
462.836,-634,1077,right
469.586,-633,1186,right
469.671,-633,1186,right
472.190,-554,1059,right
472.284,-554,1059,right
474.825,-98,730,right
474.918,-77,732,right
475.300,-0,690,right
475.415,-1,690,right
477.778,-281,1153,right
477.899,-281,1153,right
483.663,-442,783,right
483.777,-443,783,right
483.887,-443,783,right
484.007,-442,783,right
484.105,-443,783,right
484.225,-442,783,right
489.663,-302,884,right
489.746,-302,884,right
489.859,-302,884,right
489.943,-302,886,right
490.032,-303,886,right
490.130,-304,886,right
490.244,-305,886,right
490.351,-305,886,right
490.448,-305,886,right
490.546,-305,886,right
490.663,-305,886,right
490.761,-304,886,right
491.220,-249,927,right
491.329,-249,927,right
493.148,-952,1018,right
493.244,-903,1027,right
493.330,-893,1035,right
493.453,-895,1040,right
494.209,-852,1406,right
494.313,-851,1408,right
495.566,-810,1219,right
495.674,-843,1177,right
495.758,-825,1165,right
495.863,-820,1162,right
495.948,-754,1122,right
496.055,-743,1122,right
496.722,-679,1024,right
496.829,-678,1023,right
498.470,-624,987,right
498.593,-652,952,right
498.695,-621,919,right
498.796,-624,888,right
498.889,-623,889,right
498.988,-622,889,right
499.076,-622,889,right
499.178,-622,889,right
499.277,-622,890,right
499.405,-622,890,right
499.504,-623,890,right
499.599,-622,890,right
499.705,-620,895,right
499.821,-619,895,right
503.640,-590,879,right
503.761,-589,879,right
509.238,-613,894,right
509.380,-613,893,right
515.820,-675,1583,right
515.936,-670,1589,right
515.999,-685,1570,right
516.061,-715,1544,right
516.929,-1093,1016,left
517.015,-1093,1016,left
517.963,-1066,1793,right
518.100,-1067,1797,right
520.915,-856,1300,right
521.035,-857,1307,right
521.119,-853,1304,right
521.244,-852,1305,right
524.786,-730,1247,right
524.920,-730,1247,right
525.248,-736,1099,right
525.363,-728,1057,right
525.448,-732,1039,right
525.595,-743,897,right
525.641,-745,885,right
525.785,-752,850,right
525.855,-752,850,right
525.972,-753,847,right
526.440,-848,806,right
526.550,-882,778,right
526.655,-883,779,right
526.770,-883,779,right
528.575,-988,1189,right
528.681,-989,1190,right
528.787,-999,1203,right
528.883,-1016,1245,right
529.652,-1031,1788,right
529.781,-1031,1788,right
530.804,-1078,1825,right
530.934,-1079,1827,right
531.172,-1063,1800,right
531.256,-1063,1800,right
533.200,-693,1242,right
533.345,-693,1241,right
536.322,-937,1403,right
536.413,-937,1404,right
536.522,-937,1411,right
536.655,-937,1410,right
537.230,-780,1451,right
537.346,-812,1429,right
537.417,-811,1387,right
537.530,-838,1200,right
538.047,-555,1000,right
538.143,-549,952,right
538.247,-515,689,right
538.323,-517,636,right
538.451,-516,637,right
538.490,-515,641,right
538.627,-404,826,right
538.725,-379,823,right
538.815,-301,830,right
538.912,-316,787,right
539.007,-313,780,right
539.100,-290,737,right
540.153,-398,1145,right
540.264,-391,1122,right
540.370,-386,1106,right
540.429,-403,1108,right
541.064,-511,1715,right
541.178,-592,1676,right
541.457,-465,1235,right
541.531,-464,1214,right
541.640,-400,1184,right
541.736,-380,1164,right
541.844,-343,1142,right
541.951,-297,1056,right
542.774,-406,943,right
542.895,-405,939,right
543.019,-402,937,right
543.132,-402,937,right
543.257,-402,929,right
543.367,-412,877,right
543.501,-455,827,right
543.604,-469,801,right
543.733,-479,774,right
543.827,-489,723,right
543.952,-405,783,right
544.056,-427,778,right
544.157,-445,813,right
544.265,-444,813,right
544.364,-441,819,right
544.463,-437,821,right
544.570,-382,773,right
544.684,-362,764,right
546.665,-606,1011,right
546.765,-606,1011,right
546.853,-574,1098,right
546.946,-572,1087,right
547.024,-568,1084,right
547.138,-566,1079,right
547.219,-563,1101,right
547.316,-555,1095,right
547.396,-544,1144,right
547.488,-522,1140,right
547.565,-469,1180,right
547.682,-464,1178,right
547.819,-465,1177,right
547.918,-469,1177,right
548.023,-447,1161,right
548.126,-447,1160,right
548.210,-447,1160,right
548.306,-453,1155,right
548.394,-461,1154,right
548.507,-466,1144,right
548.597,-467,1151,right
548.707,-467,1151,right
548.792,-467,1151,right
548.899,-467,1151,right
548.982,-468,1151,right
549.079,-468,1151,right
549.171,-468,1151,right
549.272,-467,1150,right
549.363,-466,1159,right
549.466,-466,1159,right
549.614,-425,1190,right
549.713,-425,1190,right
549.807,-425,1190,right
549.934,-430,1192,right
550.027,-432,1192,right
550.136,-439,1191,right
550.226,-440,1191,right
550.322,-440,1191,right
550.440,-419,1245,right
550.572,-418,1245,right
550.698,-423,1268,right
550.795,-442,1310,right
551.248,-682,1239,right
551.348,-774,1253,right
551.455,-756,1374,right
551.554,-744,1391,right
551.646,-731,1403,right
551.767,-752,1354,right
551.858,-763,1349,right
551.970,-784,1306,right
552.053,-797,1307,right
552.172,-897,1329,right
552.522,-807,1265,right
552.632,-808,1259,right
552.754,-854,1265,right
552.858,-863,1252,right
553.408,-502,1205,right
553.499,-503,1187,right
553.944,-881,1362,right
554.072,-1006,1420,right
554.160,-965,1415,right
554.263,-1028,1427,right
554.674,-963,1510,right
554.813,-1058,1513,right
555.661,-1103,1799,right
555.773,-1103,1799,right
556.106,-1105,1812,right
556.214,-1105,1812,right
564.643,-772,1301,right
564.768,-771,1301,right
564.870,-772,1299,right
564.979,-772,1298,right
565.066,-772,1291,right
565.171,-772,1290,right
565.272,-772,1290,right
565.374,-772,1290,right
565.484,-772,1290,right
565.597,-771,1287,right
565.697,-772,1288,right
565.822,-771,1288,right
565.903,-772,1288,right
566.036,-771,1288,right
566.113,-772,1288,right
566.251,-771,1288,right
572.895,-1147,1325,left
573.452,-1151,1360,left
575.466,-710,975,right
575.599,-710,974,right
576.141,-411,742,right
576.235,-385,738,right
576.306,-383,768,right
576.404,-407,723,right
576.505,-394,734,right
576.589,-391,743,right
576.661,-352,827,right
576.771,-431,817,right
576.840,-428,825,right
576.955,-437,837,right
577.036,-440,829,right
577.141,-447,836,right
577.225,-442,845,right
577.340,-446,844,right
577.421,-451,824,right
577.523,-491,791,right
577.622,-401,775,right
577.750,-357,775,right
577.842,-340,780,right
577.929,-336,779,right
578.020,-310,782,right
578.118,-310,781,right
578.213,-309,782,right
578.326,-321,784,right
578.404,-344,789,right
578.527,-355,774,right
578.597,-355,775,right
578.743,-356,780,right
578.812,-357,780,right
578.947,-357,780,right
579.031,-357,781,right
579.154,-357,780,right
579.221,-357,780,right
579.337,-374,745,right
579.483,-343,897,right
579.590,-524,885,right
579.661,-619,865,right
579.775,-658,885,right
579.852,-666,883,right
579.968,-717,852,right
580.057,-729,833,right
580.178,-734,816,right
581.370,-1246,1342,left
581.456,-1245,1343,left
582.729,-363,1049,right
582.830,-363,1049,right
583.815,-53,1427,left
583.917,-52,1427,left
590.115,-458,1272,left
590.202,-458,1272,left
599.402,-1248,1321,left
599.497,-1247,1321,left
602.575,-1219,1904,right
602.672,-1219,1904,right
602.762,-1219,1904,right
602.896,-1218,1905,right
605.040,-1125,1873,left
605.125,-1125,1873,left
608.776,-1227,1890,left
608.884,-1227,1890,left
609.518,-1240,1823,left
609.631,-1240,1823,left
610.824,-1243,1360,left
610.911,-1243,1360,left
622.362,-465,1321,right
622.484,-464,1320,right
622.569,-464,1320,right
622.677,-464,1320,right
622.766,-464,1317,right
622.884,-464,1317,right
623.975,-464,1313,right
624.091,-464,1308,right
624.195,-465,1308,right
624.301,-465,1308,right
624.853,-379,1492,right
624.975,-378,1492,right
625.064,-379,1492,right
625.177,-379,1492,right
625.268,-379,1492,right
625.366,-379,1492,right
625.464,-379,1492,right
625.573,-381,1497,right
625.661,-382,1498,right
625.760,-381,1498,right
625.862,-382,1504,right
625.988,-382,1501,right
626.047,-383,1501,right
626.175,-383,1502,right
626.249,-384,1502,right
626.362,-387,1502,right
626.471,-389,1504,right
626.598,-390,1504,right
633.158,-404,1384,right
633.266,-403,1385,right
633.527,-402,1383,right
633.647,-402,1383,right
633.752,-402,1383,right
633.878,-402,1383,right
633.978,-402,1383,right
634.110,-402,1383,right
637.172,-186,1960,right
637.279,-185,1959,right
637.371,-186,1959,right
637.480,-186,1956,right
640.376,-464,0,right
640.503,-462,15,right
641.018,-369,410,right
641.144,-363,415,right
641.755,-350,322,right
641.869,-350,322,right
642.145,-351,322,right
642.268,-350,321,right
646.118,-933,1418,right
646.212,-931,1415,right
646.368,-916,1462,right
646.477,-916,1462,right
646.674,-845,1507,right
646.809,-850,1477,right
646.919,-851,1472,right
647.041,-853,1471,right
647.520,-864,1472,right
647.676,-863,1471,right
647.803,-863,1471,right
647.899,-863,1471,right
647.984,-863,1471,right
648.118,-866,1464,right
648.260,-866,1464,right
648.372,-866,1417,right
648.469,-850,1332,right
648.587,-846,1306,right
648.682,-826,1214,right
648.778,-815,1127,right
648.873,-803,1112,right
648.978,-800,1103,right
649.098,-793,1081,right
649.233,-743,1013,right
649.333,-732,1003,right
649.440,-734,980,right
649.545,-733,979,right
649.650,-728,962,right
649.761,-731,959,right
649.863,-729,957,right
649.986,-714,952,right
650.098,-687,945,right
650.186,-640,959,right
650.293,-639,958,right
650.444,-435,990,right
650.536,-428,1026,right
650.659,-427,1140,right
650.740,-427,1141,right
650.833,-416,1177,right
650.960,-407,1172,right
651.045,-408,1174,right
651.178,-408,1174,right
651.243,-408,1174,right
651.365,-408,1174,right
651.457,-408,1174,right
651.619,-407,1174,right
651.854,-408,1174,right
651.995,-407,1174,right
652.387,-407,1175,right
652.530,-407,1174,right
657.529,-1200,1979,left
657.614,-1200,1979,left
661.516,-726,1118,right
661.641,-725,1118,right
661.754,-725,1116,right
661.882,-725,1115,right
662.028,-725,1115,right
662.154,-725,1115,right
662.278,-725,1115,right
662.394,-725,1114,right
662.497,-725,1114,right
662.623,-725,1114,right
664.358,-943,1163,right
664.502,-943,1162,right
666.747,-732,914,right
666.850,-732,914,right
675.756,-1239,1356,left
675.852,-1238,1356,left
679.129,-263,1133,right
679.212,-275,1140,right
680.204,-1126,1928,right
680.316,-1157,1953,right
680.619,-1213,1962,right
680.724,-1213,1962,right
681.418,-1220,1973,left
681.532,-1223,1977,left
684.340,-121,992,right
684.463,-121,992,right
692.027,-323,1484,right
692.135,-335,1501,right
692.218,-335,1503,right
692.339,-340,1505,right
692.648,-255,1482,right
692.748,-255,1482,right
692.847,-255,1482,right
692.958,-255,1482,right
693.029,-255,1482,right
693.157,-255,1482,right
696.314,-638,1339,right
696.423,-639,1344,right
700.053,-609,1540,right
700.133,-608,1541,right
700.264,-609,1541,right
700.380,-608,1541,right
700.492,-610,1544,right
700.575,-609,1543,right
703.092,-575,1268,left
703.453,-640,1024,left
708.657,-682,461,right
708.790,-703,829,right
708.824,-720,857,right
708.934,-725,871,right
709.016,-718,914,right
709.103,-721,926,right
709.195,-720,942,right
709.282,-720,942,right
709.385,-716,954,right
709.480,-715,954,right
709.582,-716,954,right
709.679,-715,953,right
709.783,-696,952,right
709.895,-694,952,right
710.000,-654,999,right
710.109,-653,999,right
710.221,-630,983,right
710.315,-612,997,right
710.416,-577,1048,right
710.518,-576,1048,right
710.640,-492,1072,right
710.728,-492,1072,right
710.867,-438,1112,right
710.967,-437,1113,right
711.077,-398,1177,right
711.176,-400,1180,right
711.765,-369,1540,right
711.856,-388,1540,right
711.954,-393,1557,right
712.064,-393,1559,right
713.623,-493,1556,right
713.715,-500,1546,right
713.834,-481,1526,right
713.933,-481,1526,right
714.039,-480,1523,right
714.141,-477,1507,right
714.231,-467,1487,right
714.327,-478,1493,right
714.434,-493,1538,right
714.517,-499,1549,right
714.674,-498,1556,right
714.726,-498,1556,right
715.778,-436,1448,right
715.888,-436,1447,right
715.998,-423,1441,right
716.096,-423,1441,right
717.588,-759,426,right
717.700,-764,326,right
717.775,-751,296,right
717.886,-730,207,right
717.984,-645,139,right
718.102,-595,53,right
718.797,-456,493,right
718.896,-468,498,right
719.740,-692,467,right
719.845,-798,441,right
719.927,-808,422,right
720.040,-816,277,right
720.118,-702,130,right
720.268,-675,0,right
720.487,-664,364,right
720.601,-694,352,right
722.532,-1093,942,left
722.621,-1093,942,left
722.887,-670,57,right
723.010,-622,0,right
723.796,-294,1189,right
723.887,-289,1210,right
723.986,-126,1437,right
724.080,-84,1543,right
724.174,-16,1627,right
724.283,-0,1837,right
724.896,-385,1295,right
725.015,-413,1116,right
725.105,-407,1115,right
725.235,-397,1076,right
725.342,-344,996,right
725.454,-333,955,right
726.176,-674,1371,right
726.281,-874,1585,right
726.366,-833,1657,right
726.479,-806,1651,right
727.579,-616,993,right
727.683,-744,1071,right
727.759,-759,1094,right
727.893,-760,1095,right
727.985,-781,1124,right
728.095,-781,1126,right
729.045,-830,1219,right
729.154,-848,1254,right
729.259,-852,1277,right
729.377,-852,1281,right
729.506,-853,1286,right
729.622,-854,1289,right
729.746,-871,1326,right
729.863,-872,1334,right
730.006,-872,1368,right
730.123,-872,1370,right
730.255,-854,1407,right
730.368,-855,1409,right
730.529,-856,1409,right
730.667,-855,1410,right
730.802,-855,1420,right
730.877,-855,1420,right
731.278,-461,719,right
731.370,-391,526,right
731.447,-398,582,right
731.564,-407,588,right
731.691,-241,455,right
731.807,-221,437,right
732.160,-177,612,right
732.264,-169,585,right
732.355,-194,606,right
732.489,-199,615,right
732.580,-199,615,right
732.691,-210,614,right
732.796,-217,614,right
732.909,-217,613,right
733.015,-222,612,right
733.095,-222,612,right
733.183,-201,611,right
733.282,-200,610,right
733.349,-200,610,right
733.460,-200,610,right
736.774,-180,392,right
736.861,-179,371,right
736.974,-90,190,right
737.092,-50,0,right
738.130,-117,488,right
738.250,-117,487,right
739.895,-536,766,right
739.989,-554,766,right
740.131,-670,1147,right
740.212,-669,1215,right
740.333,-604,1137,right
740.443,-590,1100,right
740.527,-568,1081,right
740.614,-568,1082,right
740.705,-569,1085,right
740.811,-575,1101,right
740.907,-594,1110,right
741.026,-594,1115,right
741.117,-602,1120,right
741.234,-612,1130,right
741.351,-636,1134,right
741.460,-640,1135,right
741.562,-649,1142,right
741.678,-658,1150,right
741.807,-665,1181,right
741.933,-665,1181,right
745.776,-732,1532,right
745.878,-749,1549,right
745.959,-758,1555,right
746.062,-774,1571,right
746.152,-809,1580,right
746.268,-838,1591,right
747.101,-623,2047,right
747.216,-641,2040,right
748.547,-515,61,right
748.663,-516,126,right
748.774,-614,378,right
748.905,-660,346,right
749.036,-661,346,right
749.136,-661,347,right
749.278,-654,383,right
749.367,-644,337,right
749.497,-629,313,right
749.640,-678,0,right
749.731,-707,1,right
749.861,-779,0,right
750.974,-986,590,right
751.071,-986,590,right
751.171,-919,491,right
751.272,-922,478,right
751.376,-924,480,right
751.480,-924,479,right
752.530,-888,253,right
752.648,-885,261,right
752.755,-880,337,right
752.887,-879,337,right
754.091,-825,806,right
754.199,-826,813,right
758.914,-647,1413,right
759.023,-652,1424,right
759.084,-647,1406,right
759.201,-647,1405,right
759.298,-647,1402,right
759.365,-646,1402,right
759.487,-625,1404,right
759.528,-618,1403,right
759.624,-602,1520,right
759.735,-605,1505,right
759.850,-590,1451,right
759.912,-589,1449,right
760.015,-569,1407,right
760.107,-568,1408,right
760.191,-568,1409,right
760.290,-572,1417,right
761.169,-604,1410,right
761.281,-700,1373,right
761.467,-667,1573,right
761.596,-669,1541,right
761.660,-660,1518,right
761.794,-666,1530,right
761.865,-674,1539,right
761.998,-675,1542,right
762.064,-675,1542,right
762.198,-676,1543,right
762.282,-676,1543,right
762.401,-677,1543,right
762.510,-677,1544,right
762.636,-677,1544,right
762.740,-677,1544,right
762.886,-677,1544,right
766.823,-684,1400,right
766.935,-684,1400,right
767.391,-684,1400,right
767.506,-685,1400,right
770.661,-98,832,right
770.753,-97,831,right
770.850,-92,840,right
770.933,-91,843,right
771.075,-33,953,right
771.192,-0,1015,right
771.570,-122,1435,right
771.649,-162,1562,right
771.738,-116,1601,right
771.851,-0,1588,right
773.593,-242,1760,right
773.702,-241,1760,right
776.354,-692,847,right
776.442,-693,847,right
776.550,-691,871,right
776.629,-693,876,right
776.744,-693,878,right
776.840,-693,879,right
778.975,-720,881,right
779.110,-722,888,right
779.216,-722,887,right
779.336,-722,886,right
780.219,-740,878,right
780.324,-747,868,right
780.424,-776,845,right
780.518,-787,839,right
780.619,-790,817,right
780.724,-781,783,right
780.823,-765,737,right
780.930,-765,732,right
781.038,-765,732,right
781.156,-765,732,right
781.297,-764,730,right
781.405,-763,730,right
781.538,-761,730,right
781.660,-760,729,right
782.052,-738,729,right
782.157,-737,729,right
782.267,-726,727,right
782.372,-726,727,right
782.495,-694,730,right
782.603,-694,730,right
782.720,-683,731,right
782.834,-683,731,right
783.993,-742,780,right
784.088,-742,780,right
784.198,-720,800,right
784.293,-719,800,right
784.399,-687,815,right
784.495,-684,815,right
784.600,-669,825,right
784.682,-671,825,right
784.793,-646,850,right
784.894,-632,859,right
785.197,-398,1040,right
785.291,-399,1040,right
785.413,-364,1018,right
785.496,-364,1018,right
785.606,-364,1018,right
785.688,-374,1019,right
785.810,-434,1107,right
785.891,-410,1089,right
785.974,-389,1046,right
786.098,-408,995,right
786.177,-405,1024,right
786.268,-405,1024,right
786.352,-391,1024,right
786.473,-389,1023,right
786.553,-376,1046,right
786.667,-387,1039,right
786.783,-417,1519,right
786.918,-460,1572,right
787.003,-465,1581,right
787.127,-495,1575,right
787.189,-496,1577,right
787.296,-516,1623,right
787.364,-522,1685,right
787.489,-523,1685,right
787.548,-523,1718,right
787.649,-524,1726,right
787.726,-494,1712,right
787.823,-486,1720,right
787.896,-435,1729,right
788.007,-437,1737,right
788.093,-390,1787,right
788.204,-391,1787,right
788.292,-412,1777,right
788.403,-415,1781,right
788.500,-415,1804,right
788.609,-441,1803,right
788.679,-435,1831,right
788.800,-435,1831,right
790.578,-659,1151,right
790.686,-670,1126,right
790.779,-625,1172,right
790.916,-608,1187,right
790.989,-583,1264,right
791.084,-583,1265,right
791.157,-584,1250,right
791.281,-574,1261,right
791.360,-517,1328,right
791.460,-519,1332,right
791.545,-517,1333,right
791.639,-524,1335,right
791.742,-530,1343,right
791.847,-528,1343,right
792.210,-485,1410,right
792.303,-503,1403,right
792.408,-501,1402,right
792.528,-499,1401,right
792.628,-568,1336,right
792.753,-666,1311,right
792.840,-667,1294,right
792.969,-687,1263,right
793.061,-687,1257,right
793.176,-725,1235,right
793.261,-740,1173,right
793.374,-756,1125,right
793.469,-757,1115,right
793.589,-785,1100,right
793.708,-799,1127,right
793.833,-838,1158,right
793.930,-893,1037,right
794.054,-917,1010,right
794.508,-852,1450,right
794.629,-852,1456,right
794.716,-871,1545,right
794.820,-1077,1748,right
795.414,-1279,2047,right
795.539,-1279,2047,right
797.105,-263,1605,right
797.186,-272,1607,right
797.279,-273,1607,right
797.371,-298,1603,right
797.494,-336,1588,right
797.587,-336,1588,right
797.801,-405,1588,left
798.032,-640,1024,left
798.954,-247,1299,right
799.058,-249,1299,right
799.158,-251,1288,right
799.269,-258,1291,right
801.381,-768,901,right
801.462,-769,905,right
801.559,-788,1004,right
801.671,-794,1013,right
801.825,-777,1214,right
801.978,-773,1222,right
802.057,-773,1222,right
802.169,-794,1212,right
802.281,-883,1072,right
802.375,-883,1072,right
802.493,-890,1071,right
802.589,-913,1050,right
802.683,-935,1007,right
802.767,-937,1005,right
802.872,-937,1002,right
802.968,-933,999,right
803.066,-934,1012,right
803.171,-957,1066,right
803.284,-929,1159,right
803.367,-929,1157,right
803.477,-928,1221,right
803.576,-927,1230,right
803.674,-904,1263,right
803.774,-901,1273,right
803.886,-902,1307,right
803.983,-915,1328,right
804.078,-946,1448,right
804.202,-946,1450,right
804.280,-947,1451,right
804.371,-949,1459,right
804.461,-959,1504,right
804.580,-978,1520,right
804.663,-998,1541,right
804.767,-1029,1586,right
805.247,-742,1401,right
805.328,-775,1419,right
805.374,-783,1431,right
805.440,-780,1428,right
805.506,-779,1430,right
805.615,-779,1431,right
805.717,-783,1524,right
805.789,-780,1519,right
805.935,-762,1577,right
805.985,-763,1577,right
806.137,-583,1574,right
806.276,-541,1576,right
806.380,-441,1656,right
806.480,-451,1672,right
806.570,-413,1808,right
806.669,-283,2047,right
807.248,-475,1199,right
807.409,-461,1176,right
807.444,-454,1175,right
807.574,-471,1153,right
807.651,-488,1153,right
807.759,-488,1155,right
807.833,-488,1155,right
807.930,-487,1156,right
808.001,-486,1156,right
808.087,-483,1157,right
808.253,-330,1240,right
808.334,-303,1251,right
808.415,-238,1261,right
808.517,-237,1260,right
808.585,-216,1264,right
808.691,-215,1264,right
808.757,-193,1266,right
808.878,-195,1267,right
808.945,-196,1268,right
809.058,-199,1272,right
809.125,-190,1292,right
809.235,-191,1291,right
809.303,-176,1287,right
809.393,-163,1294,right
812.262,-891,1061,right
812.346,-996,1035,right
812.425,-967,1030,right
812.526,-969,956,right
812.609,-939,872,right
812.732,-956,799,right
813.032,-740,364,right
813.151,-737,412,right
813.267,-791,377,right
813.379,-937,226,right
813.752,-439,18,right
813.865,-417,27,right
814.826,-503,581,right
814.926,-518,576,right
815.006,-533,538,right
815.124,-537,550,right
815.239,-545,543,right
815.355,-578,505,right
816.102,-605,448,right
816.233,-616,445,right
816.714,-681,324,left
817.521,-640,1024,left
818.079,-720,323,right
818.193,-720,323,right
821.320,-808,668,right
821.416,-808,668,right
821.526,-820,671,right
821.643,-823,679,right
822.186,-853,661,right
822.294,-853,661,right
822.408,-849,645,right
822.521,-846,633,right
822.654,-840,607,right
822.722,-829,588,right
823.998,-710,796,right
824.096,-710,796,right
824.200,-711,796,right
824.304,-711,794,right
824.815,-666,744,right
824.926,-653,739,right
825.026,-644,752,right
825.129,-645,754,right
825.230,-645,780,right
825.330,-648,784,right
825.430,-650,798,right
825.538,-650,802,right
825.644,-651,810,right
825.742,-650,812,right
825.843,-646,814,right
825.958,-646,817,right
826.046,-646,817,right
826.174,-646,817,right
826.264,-646,817,right
826.379,-646,817,right
826.469,-646,817,right
826.572,-646,817,right
826.691,-646,818,right
826.787,-646,817,right
827.740,-604,830,right
827.845,-606,799,right
827.932,-606,816,right
828.060,-608,812,right
828.135,-609,812,right
828.241,-617,799,right
828.339,-624,802,right
828.441,-622,800,right
828.544,-620,813,right
828.651,-620,813,right
828.757,-620,810,right
828.854,-617,787,right
828.968,-615,777,right
829.070,-617,756,right
829.172,-617,756,right
829.266,-617,756,right
829.362,-617,756,right
829.470,-616,756,right
829.584,-615,754,right
829.701,-613,755,right
829.803,-613,756,right
829.918,-613,757,right
830.031,-613,764,right
830.152,-613,766,right
830.257,-613,766,right
830.375,-613,766,right
830.480,-613,766,right
830.603,-613,766,right
834.207,-442,1615,right
834.307,-462,1605,right
834.398,-439,1585,right
834.489,-441,1574,right
834.570,-410,1519,right
834.671,-442,1531,right
834.768,-445,1518,right
834.871,-436,1441,right
834.953,-414,1397,right
835.059,-437,1367,right
835.141,-460,1348,right
835.253,-821,1134,right
835.331,-1051,897,right
835.416,-1053,903,right
835.505,-1012,955,right
835.619,-997,975,right
835.724,-825,1167,right
835.832,-672,1184,right
835.937,-504,1163,right
836.046,-456,1167,right
836.140,-419,1164,right
836.228,-428,1133,right
836.310,-434,1127,right
836.421,-482,1075,right
836.491,-483,1066,right
836.619,-559,1027,right
836.714,-550,1029,right
836.824,-548,1028,right
836.910,-517,1145,right
837.009,-517,1111,right
837.089,-532,1037,right
837.192,-533,1039,right
837.269,-532,1038,right
837.356,-533,1038,right
837.440,-507,1039,right
837.551,-516,1042,right
837.663,-516,1042,right
837.721,-516,1043,right
838.832,-1237,1294,left
838.922,-1237,1294,left
842.434,-334,356,right
842.551,-334,356,right
848.920,-1252,1327,left
849.008,-1252,1327,left
851.653,-857,282,right
851.739,-856,283,right
854.681,-1131,1807,right
854.813,-1131,1807,right
854.888,-1131,1807,right
855.008,-1131,1808,right
855.088,-1132,1808,right
855.202,-1132,1808,right
855.290,-1132,1808,right
855.394,-1131,1809,right
855.492,-1132,1810,right
855.598,-1132,1811,right
855.678,-1132,1811,right
855.781,-1132,1811,right
855.874,-1132,1811,right
855.985,-1132,1811,right
856.089,-1132,1811,right
856.205,-1132,1811,right
856.295,-1132,1811,right
856.408,-1132,1811,right
856.476,-1132,1811,right
856.601,-1132,1811,right
856.696,-1132,1811,right
856.790,-1132,1811,right
856.880,-1132,1811,right
856.970,-1132,1812,right
857.083,-1132,1812,right
857.172,-1132,1811,right
857.279,-1132,1811,right
857.376,-1132,1811,right
857.487,-1132,1811,right
857.589,-1132,1811,right
857.698,-1132,1811,right
857.795,-1132,1811,right
857.909,-1132,1811,right
858.005,-1132,1811,right
861.295,-1132,1811,right
861.379,-1132,1811,right
861.490,-1132,1811,right
861.576,-1132,1811,right
861.682,-1132,1811,right
861.770,-1132,1811,right
861.870,-1132,1811,right
861.961,-1132,1811,right
862.059,-1132,1811,right
862.155,-1132,1811,right
862.259,-1132,1811,right
862.346,-1132,1811,right
862.450,-1132,1811,right
862.533,-1132,1811,right
862.627,-1132,1811,right
862.731,-1132,1811,right
866.442,-1016,1787,left
866.540,-1015,1786,left
883.716,-608,822,right
883.842,-597,825,right
883.924,-599,826,right
884.069,-632,866,right
884.124,-632,866,right
884.316,-648,866,right
884.360,-656,868,right
884.494,-657,869,right
884.580,-658,869,right
884.747,-658,869,right
884.933,-658,869,right
885.080,-658,869,right
886.591,-1122,1879,left
886.704,-1121,1879,left
887.968,-756,933,right
888.057,-845,864,right
888.134,-1007,725,right
888.234,-1015,713,right
888.300,-1014,708,right
888.400,-1048,737,right
888.466,-1031,709,right
888.582,-1034,713,right
888.658,-1012,702,right
888.749,-1016,713,right
888.847,-1003,709,right
888.954,-1003,709,right
889.315,-986,710,right
889.419,-986,710,right
889.501,-987,710,right
889.608,-989,712,right
890.380,-989,712,right
890.529,-989,712,right
893.615,-637,916,right
893.699,-636,916,right
893.809,-637,915,right
893.896,-648,879,right
894.010,-633,870,right
894.088,-630,871,right
894.199,-583,972,right
894.291,-585,975,right
894.389,-573,1044,right
894.470,-575,1053,right
894.576,-521,1091,right
894.664,-523,1096,right
894.763,-511,1119,right
894.862,-513,1119,right
894.966,-487,1108,right
895.064,-487,1108,right
895.194,-425,1086,right
895.284,-410,1085,right
895.518,-281,1129,right
895.619,-283,1130,right
895.957,-226,1221,right
896.071,-226,1229,right
896.182,-223,1231,right
896.244,-159,1309,right
896.744,-495,1462,right
896.832,-495,1462,right
896.933,-473,1447,right
897.030,-470,1445,right
898.272,-751,1004,right
898.369,-791,1031,right
898.472,-786,1049,right
898.582,-786,1049,right
898.870,-662,732,right
898.984,-648,699,right
899.068,-648,701,right
899.169,-700,736,right
899.257,-697,768,right
899.391,-698,773,right
899.475,-699,773,right
899.598,-703,779,right
899.706,-771,795,right
899.838,-791,804,right
899.919,-796,803,right
900.034,-799,809,right
900.138,-833,795,right
900.248,-834,796,right
900.340,-872,809,right
900.481,-899,813,right
900.565,-898,808,right
900.692,-897,809,right
900.783,-897,809,right
900.894,-897,809,right
900.999,-897,809,right
901.126,-897,809,right
901.242,-897,809,right
901.353,-897,809,right
903.905,-802,753,right
903.994,-802,753,right
905.407,-1074,784,left
905.495,-1074,784,left
907.015,-533,574,right
907.115,-527,559,right
907.667,-512,393,right
907.779,-528,232,right
908.016,-794,0,right
908.136,-794,0,right
911.074,-915,672,right
911.158,-916,676,right
911.283,-920,722,right
911.386,-928,732,right
911.469,-929,732,right
911.567,-935,728,right
914.829,-673,736,right
914.952,-672,736,right
917.148,-697,734,right
917.248,-698,738,right
917.366,-703,745,right
917.495,-759,715,right
917.570,-759,715,right
917.678,-759,715,right
917.757,-759,715,right
917.872,-759,715,right
917.958,-759,715,right
918.063,-759,715,right
918.182,-759,715,right
918.323,-759,715,right
918.432,-759,715,right
918.559,-759,715,right
923.557,-754,897,right
923.659,-754,903,right
926.209,-648,707,right
926.307,-647,707,right
928.307,-179,497,right
928.422,-185,511,right
928.506,-135,503,right
928.610,-134,503,right
929.240,-489,796,right
929.365,-489,796,right
931.729,-581,863,right
931.813,-581,863,right
931.949,-581,863,right
932.069,-582,865,right
932.180,-587,868,right
932.298,-589,874,right
932.397,-593,875,right
932.520,-598,884,right
932.602,-598,884,right
932.714,-598,884,right
933.020,-507,1264,right
933.114,-506,1264,right
933.205,-507,1263,right
933.319,-510,1265,right
933.385,-510,1265,right
933.527,-510,1265,right
933.591,-512,1264,right
933.719,-512,1264,right
934.056,-480,1006,right
934.115,-477,967,right
934.409,-441,888,right
934.488,-441,890,right
934.721,-513,1253,right
934.835,-541,1279,right
938.937,-645,1055,right
939.051,-644,1055,right
941.685,-407,1164,right
941.814,-407,1164,right
944.626,-752,963,right
944.745,-752,964,right
944.895,-783,956,right
944.997,-895,1002,right
945.113,-930,1098,right
945.205,-940,1100,right
945.379,-813,1186,right
945.482,-813,1186,right
952.504,-590,641,right
952.601,-615,627,right
953.131,-617,647,right
953.263,-617,645,right
953.442,-755,739,right
953.554,-779,758,right
953.638,-794,830,right
953.791,-826,846,right
953.826,-826,846,right
953.950,-825,845,right
954.207,-711,568,right
954.299,-657,436,right
954.378,-635,316,right
954.480,-635,311,right
954.556,-632,306,right
954.659,-624,261,right
955.059,-216,454,right
955.165,-261,492,right
955.255,-309,416,right
955.363,-365,354,right
955.458,-365,317,right
955.591,-381,262,right
956.009,-545,264,right
956.167,-578,261,right
956.263,-573,266,right
956.370,-573,266,right
956.466,-576,271,right
956.589,-577,274,right
956.689,-579,281,right
956.800,-580,286,right
956.907,-583,301,right
957.021,-583,305,right
957.113,-583,315,right
957.227,-583,315,right
957.321,-583,315,right
957.448,-583,316,right
957.548,-583,317,right
957.663,-582,317,right
957.749,-583,317,right
957.900,-583,317,right
957.978,-583,317,right
958.107,-583,317,right
958.190,-583,317,right
958.329,-583,317,right
958.452,-583,316,right
958.583,-583,316,right
958.695,-583,316,right
958.773,-583,316,right
962.402,-551,332,right
962.530,-551,332,right
962.686,-551,332,right
962.822,-551,332,right
962.942,-551,332,right
963.064,-552,332,right
963.178,-585,339,right
963.299,-622,359,right
963.407,-622,359,right
963.526,-622,359,right
963.653,-622,360,right
963.775,-622,359,right
963.889,-622,359,right
964.000,-622,359,right
964.306,-820,929,right
964.408,-889,1187,right
964.508,-860,1295,right
964.594,-855,1383,right
964.679,-904,1579,right
964.797,-976,1645,right
964.936,-1204,1963,right
965.004,-1275,1982,right
965.241,-1120,1832,right
965.351,-1142,1845,right
965.472,-1142,1845,right
965.587,-1142,1843,right
965.762,-1143,1845,right
965.858,-1143,1845,right
966.488,-1146,1878,left
966.583,-1146,1878,left
971.984,-577,1502,right
972.071,-581,1522,right
972.223,-526,1572,right
972.302,-525,1582,right
972.409,-525,1582,right
972.492,-524,1582,right
973.307,-447,1605,right
973.415,-446,1606,right
973.507,-446,1606,right
973.631,-447,1606,right
974.327,-364,1387,right
974.399,-302,1090,right
974.479,-304,511,right
974.606,-264,467,right
974.661,-219,482,right
974.744,-211,503,right
974.829,-154,599,right
974.951,-153,604,right
975.030,-144,644,right
975.138,-145,649,right
975.234,-145,658,right
975.349,-144,662,right
975.456,-134,747,right
975.559,-131,793,right
975.660,-119,1073,right
975.777,-142,1100,right
975.880,-173,1232,right
975.989,-185,1240,right
976.088,-205,1281,right
976.198,-208,1292,right
976.287,-218,1382,right
976.399,-300,1569,right
977.967,-677,1122,right
978.073,-676,1123,right
978.162,-688,1199,right
978.266,-691,1221,right
978.374,-689,1232,right
978.471,-689,1232,right
978.563,-689,1232,right
978.671,-692,1241,right
979.266,-820,1301,right
979.367,-829,1302,right
979.465,-856,1254,right
979.574,-863,1236,right
979.671,-908,1123,right
979.763,-908,1120,right
979.864,-908,1120,right
979.954,-908,1120,right
980.083,-898,1119,right
980.189,-898,1119,right
980.302,-900,1090,right
980.405,-901,1090,right
980.506,-901,1091,right
980.603,-901,1090,right
980.700,-926,998,right
980.799,-924,998,right
980.900,-926,998,right
980.989,-924,998,right
981.090,-925,998,right
981.210,-944,984,right
981.313,-944,989,right
981.416,-944,988,right
981.511,-910,971,right
981.603,-909,971,right
981.711,-881,978,right
981.794,-882,982,right
981.899,-918,1075,right
982.012,-920,1057,right
982.358,-920,862,right
982.447,-922,861,right
982.560,-922,740,right
982.675,-915,724,right
982.779,-915,724,right
982.872,-921,697,right
983.707,-808,698,right
983.818,-787,714,right
983.915,-786,708,right
984.007,-786,708,right
984.098,-787,732,right
984.201,-788,730,right
984.278,-751,716,right
984.398,-752,717,right
984.501,-751,717,right
984.588,-751,717,right
984.680,-741,715,right
984.772,-743,715,right
984.873,-734,717,right
984.971,-734,717,right
985.081,-734,717,right
985.169,-734,717,right
985.275,-734,717,right
985.382,-733,716,right
985.494,-734,716,right
985.601,-734,716,right
987.325,-816,677,right
987.425,-850,671,right
987.493,-863,661,right
987.603,-907,647,right
987.683,-908,647,right
987.784,-934,643,right
987.862,-935,643,right
987.962,-994,585,right
988.032,-996,582,right
988.148,-1002,575,right
988.227,-1003,568,right
988.344,-1003,568,right
988.437,-996,554,right
988.539,-996,554,right
988.625,-992,546,right
988.725,-992,549,right
991.044,-1088,879,left
991.121,-1087,879,left
991.873,-1254,1335,left
991.944,-1254,1335,left
996.131,-601,350,left
996.199,-601,350,left
997.185,-393,1048,right
997.266,-393,1048,right
998.421,-80,1399,left
998.519,-79,1399,left
998.764,-71,1410,left
998.862,-70,1410,left
1003.946,-1256,1346,left
1004.026,-1256,1346,left
1008.342,-1178,1892,right
1008.468,-1177,1892,right
1008.598,-1177,1892,right
1008.721,-1177,1892,right
1008.845,-1177,1892,right
1008.967,-1177,1892,right
1009.065,-1177,1892,right
1009.193,-1177,1892,right
1009.679,-1179,1897,right
1009.821,-1179,1897,right
1009.948,-1179,1897,right
1010.068,-1179,1897,right
1010.169,-1179,1897,right
1010.284,-1179,1897,right
1010.384,-1179,1897,right
1010.510,-1179,1897,right
1010.593,-1179,1897,right
1010.727,-1179,1897,right
1010.831,-1179,1897,right
1010.945,-1178,1897,right
1011.045,-1161,1886,right
1011.164,-1160,1888,right
1011.263,-1161,1888,right
1011.377,-1162,1889,right
1011.807,-1163,1892,right
1011.944,-1163,1892,right
1012.040,-1163,1893,right
1012.152,-1163,1893,right
1012.272,-1163,1893,right
1012.396,-1163,1893,right
1014.264,-1188,1908,left
1014.384,-1190,1908,left
1017.249,-1189,1907,right
1017.370,-1189,1907,right
1017.521,-1189,1907,right
1017.642,-1189,1907,right
1017.770,-1189,1907,right
1017.886,-1189,1907,right
1019.251,-1198,1883,right
1019.344,-1198,1884,right
1019.443,-1198,1884,right
1019.542,-1198,1888,right
1019.630,-1198,1888,right
1019.761,-1198,1888,right
1027.837,-1007,1806,right
1027.967,-1009,1813,right
1036.186,-0,0,right
1036.290,-0,0,right
1036.431,-132,262,right
1036.536,-170,304,right
1036.617,-200,335,right
1036.738,-222,345,right
1036.797,-247,356,right
1036.913,-251,358,right
1038.235,-585,1123,right
1038.371,-593,1153,right
1038.730,-405,1082,right
1038.838,-404,1082,right
1040.826,-944,1939,right
1040.928,-945,1937,right
1041.519,-703,1355,right
1041.607,-704,1360,right
1041.716,-682,1410,right
1041.817,-674,1475,right
1041.888,-731,1600,right
1041.984,-746,1632,right
1042.099,-746,1633,right
1042.184,-746,1633,right
1042.289,-733,1622,right
1042.403,-732,1620,right
1043.129,-732,1621,right
1043.257,-732,1621,right
1044.469,-718,1609,right
1044.581,-718,1609,right
1046.531,-527,1307,right
1046.627,-578,1302,right
1046.707,-618,1329,right
1046.802,-707,1309,right
1046.895,-711,1304,right
1046.987,-725,1294,right
1047.060,-726,1294,right
1047.162,-733,1295,right
1047.223,-733,1295,right
1047.342,-734,1296,right
1047.430,-734,1296,right
1047.544,-734,1296,right
1048.421,-787,1314,right
1048.515,-787,1315,right
1048.647,-768,1411,right
1048.727,-766,1413,right
1048.843,-755,1466,right
1048.930,-755,1466,right
1049.090,-755,1466,right
1049.214,-749,1484,right
1051.386,-723,1594,right
1051.500,-723,1594,right
1051.595,-721,1587,right
1051.706,-721,1587,right
1051.917,-738,1729,right
1052.019,-724,1795,right
1052.741,-725,785,right
1052.866,-715,793,right
1052.964,-703,844,right
1053.087,-703,844,right
1055.077,-515,520,right
1055.162,-502,530,right
1055.270,-504,506,right
1055.376,-504,509,right
1055.976,-362,785,right
1056.080,-362,785,right
1056.179,-361,781,right
1056.290,-361,781,right
1056.818,-299,773,right
1056.920,-298,773,right
1057.149,-298,773,right
1057.254,-298,773,right
1059.253,-749,1662,right
1059.350,-748,1662,right
1059.460,-716,1658,right
1059.563,-672,1640,right
1059.645,-581,1618,right
1059.747,-579,1616,right
1059.836,-579,1616,right
1059.942,-579,1616,right
1060.026,-579,1616,right
1060.139,-586,1612,right
1060.212,-586,1612,right
1060.329,-586,1612,right
1060.427,-586,1612,right
1060.523,-586,1612,right
1070.621,-355,1109,right
1070.706,-273,1133,right
1070.774,-202,1099,right
1070.879,-200,1053,right
1070.967,-173,1008,right
1071.049,-165,924,right
1071.159,-110,876,right
1071.253,-94,845,right
1071.340,-84,822,right
1071.464,-62,752,right
1072.023,-382,494,right
1072.110,-391,497,right
1072.215,-418,526,right
1072.311,-419,532,right
1074.102,-661,888,right
1074.204,-658,887,right
1074.276,-654,879,right
1074.404,-644,879,right
1074.467,-629,866,right
1074.583,-597,849,right
1074.653,-572,821,right
1074.761,-568,819,right
1074.823,-561,817,right
1074.942,-561,817,right
1075.006,-552,826,right
1075.135,-550,830,right
1075.214,-470,822,right
1075.335,-457,823,right
1075.413,-454,826,right
1075.517,-454,829,right
1075.616,-379,871,right
1075.731,-378,868,right
1075.806,-378,868,right
1075.916,-397,870,right
1075.991,-417,861,right
1076.105,-424,849,right
1076.182,-428,849,right
1076.283,-430,842,right
1076.376,-495,804,right
1076.500,-497,808,right
1076.570,-505,808,right
1076.684,-504,809,right
1076.755,-504,810,right
1076.871,-504,812,right
1077.374,-452,798,right
1077.506,-452,799,right
1078.594,-501,808,right
1078.699,-500,808,right
1079.227,-396,651,right
1079.322,-318,644,right
1079.398,-248,646,right
1079.488,-259,634,right
1079.575,-242,635,right
1079.683,-116,681,right
1080.109,-303,802,right
1080.190,-307,806,right
1080.274,-308,773,right
1080.381,-307,774,right
1087.026,-1254,1333,left
1087.115,-1254,1333,left
1093.933,-1248,1346,left
1094.040,-1248,1346,left
1097.970,-1254,1332,left
1098.063,-1254,1332,left
1112.771,-1224,1858,right
1112.894,-1224,1864,right
1114.986,-1173,1858,right
1115.116,-1173,1858,right
1121.108,-1004,1429,right
1121.222,-1003,1429,right
1122.082,-802,1609,right
1122.163,-801,1609,right
1122.273,-754,1643,right
1122.376,-753,1644,right
1122.450,-753,1644,right
1122.560,-753,1648,right
1124.699,-119,597,right
1124.795,-118,604,right
1124.883,-87,691,right
1124.985,-82,704,right
1125.061,-8,864,right
1125.170,-0,895,right
1126.996,-137,1337,right
1127.075,-128,1351,right
1127.181,-128,1351,right
1127.270,-128,1351,right
1127.367,-128,1351,right
1127.476,-137,1360,right
1128.420,-291,1738,right
1128.515,-290,1738,right
1128.632,-298,1776,right
1128.735,-298,1776,right
1129.558,-368,1489,right
1129.650,-368,1490,right
1129.760,-396,1693,right
1129.852,-435,1711,right
1129.956,-482,1728,right
1130.047,-487,1740,right
1130.135,-486,1773,right
1130.255,-497,1761,right
1131.940,-0,132,right
1132.060,-74,60,right
1132.144,-171,95,right
1132.268,-341,309,right
1132.351,-498,492,right
1132.456,-598,688,right
1132.534,-533,673,right
1132.621,-580,681,right
1132.714,-690,755,right
1132.815,-764,779,right
1132.889,-770,773,right
1133.003,-787,730,right
1133.079,-777,668,right
1133.187,-781,672,right
1133.275,-787,686,right
1133.371,-786,699,right
1133.453,-737,741,right
1133.567,-790,827,right
1133.639,-787,828,right
1133.756,-754,847,right
1133.836,-720,940,right
1133.950,-727,952,right
1134.031,-743,1014,right
1134.162,-745,1019,right
1134.263,-713,998,right
1134.355,-713,983,right
1134.457,-716,943,right
1134.574,-757,845,right
1134.660,-727,842,right
1134.757,-728,843,right
1134.826,-708,877,right
1134.944,-699,927,right
1135.026,-685,942,right
1135.166,-683,949,right
1135.248,-658,975,right
1135.362,-666,985,right
1135.438,-666,983,right
1135.540,-667,983,right
1135.618,-667,983,right
1135.708,-666,983,right
1135.788,-663,993,right
1135.878,-663,993,right
1135.968,-645,1030,right
1136.080,-643,1032,right
1136.169,-618,1063,right
1136.242,-618,1062,right
1137.499,-521,1063,right
1137.605,-521,1061,right
1137.848,-487,1076,right
1137.968,-483,1074,right
1138.273,-559,824,right
1138.376,-605,768,right
1138.464,-665,724,right
1138.588,-720,643,right
1138.657,-731,638,right
1138.761,-733,638,right
1138.854,-738,605,right
1138.953,-774,539,right
1139.046,-809,530,right
1139.156,-810,535,right
1139.239,-816,494,right
1139.350,-818,456,right
1139.448,-818,451,right
1139.549,-822,425,right
1139.640,-827,408,right
1139.747,-838,396,right
1139.846,-846,394,right
1139.955,-899,354,right
1140.043,-909,346,right
1140.159,-968,324,right
1140.547,-809,494,right
1140.656,-822,520,right
1140.783,-839,545,right
1140.912,-846,554,right
1141.449,-970,762,right
1141.542,-970,768,right
1141.680,-923,871,right
1141.795,-922,872,right
1141.907,-918,910,right
1142.042,-918,919,right
1142.483,-734,1477,right
1142.597,-742,1514,right
1142.718,-791,1663,right
1142.826,-790,1662,right
1142.931,-783,1706,right
1143.048,-782,1710,right
1143.149,-750,1800,right
1143.260,-736,1824,right
1144.614,-871,498,right
1144.733,-918,519,right
1147.216,-863,547,right
1147.318,-944,584,right
1147.407,-960,705,right
1147.515,-971,728,right
1147.597,-969,728,right
1147.720,-985,704,right
1147.796,-998,676,right
1147.906,-1001,671,right
1148.011,-1001,668,right
1148.108,-1034,599,right
1148.208,-1034,509,right
1148.315,-1075,399,right
1148.725,-965,457,right
1148.823,-967,466,right
1148.918,-927,469,right
1149.051,-926,475,right
1149.134,-925,463,right
1149.258,-964,333,right
1149.641,-830,284,right
1149.747,-836,250,right
1149.845,-817,229,right
1149.953,-841,201,right
1150.052,-840,194,right
1150.163,-841,196,right
1150.294,-814,202,right
1150.410,-824,192,right
1150.644,-772,344,right
1150.744,-772,347,right
1150.827,-749,360,right
1150.942,-755,355,right
1151.015,-731,335,right
1151.143,-748,337,right
1151.226,-747,334,right
1151.349,-753,327,right
1151.436,-728,327,right
1151.550,-731,322,right
1151.635,-707,206,right
1151.750,-754,32,right
1151.844,-732,44,right
1151.950,-744,70,right
1152.059,-769,0,right
1152.152,-769,35,right
1152.271,-829,796,right
1152.388,-845,953,right
1152.460,-802,1128,right
1152.558,-833,1084,right
1152.661,-731,1061,right
1152.750,-734,1007,right
1152.814,-717,1058,right
1152.909,-724,1065,right
1152.979,-725,1066,right
1153.082,-726,1064,right
1153.159,-707,1070,right
1153.249,-709,1070,right
1153.325,-709,1067,right
1153.440,-711,1075,right
1153.526,-686,1083,right
1153.645,-697,1075,right
1153.726,-697,1076,right
1153.828,-697,1075,right
1153.921,-695,1073,right
1154.034,-695,1073,right
1154.120,-695,1073,right
1154.236,-695,1074,right
1154.316,-695,1072,right
1154.428,-694,1073,right
1154.516,-694,1073,right
1154.621,-694,1074,right
1154.963,-694,1074,right
1155.037,-696,1079,right
1161.802,-1260,1336,left
1161.903,-1259,1336,left
1163.724,-48,1412,left
1163.816,-48,1412,left
1169.573,-1249,1395,left
1169.651,-1249,1395,left
1172.925,-1094,1746,left
1173.039,-1094,1746,left
1175.430,-1251,1891,left
1175.547,-1251,1891,left
1182.401,-1238,1771,left
1182.490,-1238,1771,left
1186.328,-1192,1843,right
1186.441,-1192,1843,right
1186.560,-1192,1843,right
1186.723,-1192,1843,right
1190.436,-927,1298,right
1190.538,-929,1322,right
1190.637,-928,1325,right
1190.742,-928,1325,right
1190.828,-928,1325,right
1190.943,-928,1325,right
1192.607,-818,1328,right
1192.716,-818,1327,right
1197.086,-632,1407,right
1197.191,-631,1407,right
1197.312,-631,1407,right
1197.428,-631,1407,right
1197.530,-631,1407,right
1197.634,-631,1407,right
1200.866,-736,1841,left
1200.948,-736,1841,left
1202.615,-102,1239,right
1202.686,-102,1239,right
1202.793,-102,1239,right
1202.883,-101,1233,right
1203.957,-596,1366,right
1204.055,-590,1422,right
1204.166,-606,1475,right
1204.263,-617,1517,right
1204.355,-617,1516,right
1204.439,-617,1516,right
1204.543,-626,1516,right
1204.633,-631,1524,right
1204.899,-368,1658,right
1205.008,-422,1648,right
1205.095,-429,1654,right
1205.197,-429,1654,right
1205.282,-429,1654,right
1205.397,-429,1654,right
1208.639,-493,1095,right
1208.743,-493,1095,right
1210.963,-633,965,right
1211.075,-653,875,right
1211.179,-630,682,right
1211.285,-625,649,right
1211.366,-657,636,right
1211.503,-715,612,right
1211.582,-720,566,right
1211.686,-698,494,right
1211.786,-620,294,right
1211.916,-603,233,right
1212.134,-337,17,right
1212.250,-0,0,right
1213.217,-291,1144,right
1213.330,-291,1144,right
1214.224,-225,1139,right
1214.323,-224,1140,right
1216.978,-623,1301,right
1217.075,-625,1310,right
1219.434,-435,1753,right
1219.538,-434,1753,right
1219.599,-436,1753,right
1219.877,-538,1780,right
1219.961,-537,1788,right
1220.070,-548,1790,right
1220.137,-548,1791,right
1220.248,-548,1790,right
1220.328,-541,1783,right
1220.427,-526,1776,right
1220.507,-483,1753,right
1220.611,-483,1752,right
1220.693,-483,1752,right
1220.807,-483,1752,right
1220.903,-484,1752,right
1221.018,-483,1752,right
1221.124,-483,1752,right
1221.227,-483,1752,right
1223.440,-1246,1372,left
1223.521,-1246,1371,left
1226.132,-55,1434,left
1226.235,-55,1434,left
1226.600,-55,1422,left
1226.716,-55,1422,left
1254.384,-1249,1388,left
1254.469,-1248,1388,left
1257.996,-363,1299,right
1258.179,-363,1299,right
1258.405,-363,1299,right
1258.490,-363,1299,right
1258.736,-363,1299,right
1258.835,-363,1299,right
1258.980,-363,1299,right
1259.123,-363,1299,right
1260.107,-1138,1760,right
1260.230,-1145,1771,right
1260.735,-1165,1769,right
1260.842,-1166,1768,right
1261.130,-1174,1771,right
1261.258,-1174,1771,right
1261.556,-1186,1771,right
1261.644,-1186,1770,right
1265.119,-587,1157,right
1265.202,-594,1173,right
1265.304,-828,1168,right
1265.371,-892,1147,right
1265.501,-841,1157,right
1265.586,-851,1165,right
1265.667,-851,1166,right
1265.780,-860,1172,right
1266.103,-896,1279,right
1266.222,-908,1343,right
1266.292,-921,1384,right
1266.399,-934,1391,right
1266.897,-948,1667,right
1266.998,-948,1667,right
1267.416,-958,1548,right
1267.516,-1028,1539,right
1267.618,-1029,1539,right
1267.744,-1055,1530,right
1267.966,-1001,1248,right
1268.086,-1002,1234,right
1268.184,-999,1200,right
1268.288,-998,1200,right
1268.418,-967,1190,right
1268.517,-948,1193,right
1268.620,-848,1246,right
1268.726,-848,1246,right
1268.814,-842,1255,right
1268.925,-844,1265,right
1270.247,-599,1296,right
1270.361,-599,1296,right
1270.444,-599,1296,right
1270.546,-632,1295,right
1271.192,-782,1342,right
1271.308,-791,1349,right
1271.396,-817,1428,right
1271.489,-890,1465,right
1271.581,-914,1534,right
1271.673,-938,1566,right
1271.999,-925,1628,right
1272.053,-952,1643,right
1272.477,-830,1582,right
1272.570,-830,1582,right
1272.661,-831,1583,right
1272.744,-840,1587,right
1273.478,-303,1442,right
1273.558,-296,1421,right
1273.662,-243,977,right
1273.785,-212,670,right
1273.897,-264,418,right
1274.010,-304,118,right
1275.261,-569,997,right
1275.369,-569,997,right
1275.672,-820,1364,right
1275.766,-819,1368,right
1275.871,-815,1360,right
1275.960,-814,1359,right
1276.069,-850,1325,right
1276.189,-959,1308,right
1276.284,-1008,1296,right
1276.368,-1028,1312,right
1276.464,-1015,1330,right
1276.545,-1016,1345,right
1276.902,-706,1340,right
1277.008,-757,1266,right
1277.105,-752,1205,right
1277.208,-745,1135,right
1277.300,-570,1043,right
1277.407,-536,1021,right
1277.486,-489,1011,right
1277.593,-489,1011,right
1277.693,-488,1011,right
1277.797,-441,1006,right
1278.154,-664,1232,right
1278.257,-653,1232,right
1278.350,-637,1273,right
1278.458,-632,1156,right
1278.559,-477,844,right
1278.662,-491,818,right
1278.781,-424,873,right
1278.894,-423,873,right
1279.100,-468,939,right
1279.215,-471,930,right
1280.819,-961,884,right
1280.887,-961,880,right
1280.978,-966,866,right
1281.070,-986,778,right
1281.161,-974,692,right
1281.261,-978,639,right
1281.350,-970,590,right
1281.464,-974,558,right
1281.551,-975,558,right
1281.651,-984,545,right
1281.743,-984,541,right
1281.852,-987,542,right
1281.952,-989,545,right
1282.066,-1001,510,right
1282.184,-1075,366,right
1282.280,-1279,145,right
1282.633,-791,698,right
1282.740,-792,697,right
1282.843,-795,677,right
1282.971,-822,663,right
1283.550,-527,337,right
1283.660,-545,326,right
1283.767,-630,292,right
1283.857,-906,441,right
1283.975,-948,1016,right
1284.066,-974,1097,right
1284.165,-1012,1086,right
1284.257,-1012,1089,right
1284.352,-925,1040,right
1284.459,-924,1042,right
1284.581,-924,1042,right
1284.682,-929,1041,right
1284.932,-848,1038,right
1285.053,-848,1038,right
1285.289,-800,1227,right
1285.390,-800,1228,right
1285.496,-824,1249,right
1285.598,-838,1273,right
1285.710,-870,1280,right
1285.806,-874,1281,right
1286.022,-560,1208,right
1286.126,-577,1204,right
1286.738,-755,1061,right
1286.855,-800,1091,right
1286.982,-992,1207,right
1287.085,-1006,1241,right
1287.190,-1013,1294,right
1287.301,-1012,1302,right
1287.403,-957,1471,right
1287.505,-964,1479,right
1287.615,-981,1496,right
1287.735,-985,1500,right
1287.850,-967,1449,right
1287.953,-941,1350,right
1288.062,-905,1248,right
1288.160,-891,1179,right
1288.256,-929,1175,right
1288.358,-939,1180,right
1288.762,-763,1451,right
1288.871,-766,1451,right
1288.965,-814,1463,right
1289.077,-825,1481,right
1289.188,-834,1502,right
1289.294,-763,1457,right
1289.396,-493,1256,right
1289.504,-493,1256,right
1289.594,-550,1310,right
1289.709,-549,1267,right
1289.803,-505,1064,right
1289.934,-477,893,right
1290.332,-568,712,right
1290.427,-569,698,right
1290.524,-488,606,right
1290.641,-450,572,right
1290.755,-342,490,right
1290.842,-344,494,right
1290.962,-408,542,right
1291.067,-494,533,right
1291.169,-520,507,right
1291.266,-517,507,right
1291.356,-502,498,right
1291.468,-502,498,right
1291.561,-506,512,right
1291.675,-505,514,right
1291.762,-490,492,right
1291.872,-485,490,right
1291.965,-485,487,right
1292.072,-485,487,right
1292.162,-480,480,right
1292.263,-483,492,right
1292.342,-483,491,right
1292.470,-483,498,right
1292.551,-483,493,right
1292.655,-483,493,right
1292.742,-482,487,right
1292.845,-481,488,right
1293.231,-360,643,right
1293.319,-360,643,right
1293.424,-359,645,right
1293.532,-359,643,right
1293.644,-325,653,right
1293.759,-295,664,right
1293.888,-260,696,right
1293.985,-252,711,right
1294.620,-435,965,right
1294.715,-436,965,right
1294.809,-434,965,right
1294.927,-431,968,right
1296.767,-808,1253,right
1296.855,-922,1322,right
1296.950,-933,1303,right
1297.045,-932,1309,right
1297.147,-974,1354,right
1297.257,-1094,1418,right
1297.655,-643,1448,right
1297.745,-642,1449,right
1297.849,-626,1623,right
1297.959,-633,1678,right
1298.576,-191,1108,right
1298.662,-188,1113,right
1298.754,-188,1195,right
1298.856,-184,1184,right
1298.935,-184,1179,right
1299.042,-184,1182,right
1301.494,-180,1257,right
1301.586,-183,1253,right
1301.692,-197,1249,right
1301.790,-211,1252,right
1301.892,-212,1252,right
1301.992,-212,1252,right
1302.088,-212,1252,right
1302.188,-212,1259,right
1303.794,-901,922,right
1303.929,-901,922,right
1304.044,-907,943,right
1304.147,-909,955,right
1304.264,-817,890,right
1304.380,-761,867,right
1304.479,-720,947,right
1304.586,-751,1016,right
1304.702,-818,1406,right
1304.794,-815,1401,right
1304.892,-753,1281,right
1304.999,-753,1280,right
1305.120,-717,1210,right
1305.246,-717,1209,right
1305.388,-688,1177,right
1305.444,-596,1005,right
1305.586,-530,888,right
1305.715,-526,877,right
1305.805,-475,894,right
1305.919,-461,903,right
1306.441,-238,1286,right
1306.538,-308,1262,right
1306.637,-305,1245,right
1306.750,-304,1245,right
1307.420,-341,880,right
1307.504,-341,879,right
1307.668,-284,1071,right
1307.752,-324,1080,right
1307.856,-451,976,right
1307.976,-549,935,right
1308.068,-570,936,right
1308.140,-593,969,right
1308.228,-593,971,right
1308.326,-600,983,right
1310.297,-1246,1280,left
1310.388,-1245,1280,left
1312.135,-68,1408,left
1312.218,-68,1408,left
1321.083,-1267,1260,left
1321.136,-1267,1260,left
1329.464,-1240,1886,left
1329.564,-1240,1886,left
1336.603,-1252,1353,left
1336.686,-1252,1354,left
1338.057,-49,1406,left
1338.146,-49,1406,left
1342.048,-1145,1854,right
1342.145,-1145,1854,right
1349.942,-578,856,right
1350.056,-577,856,right
1350.165,-577,854,right
1350.278,-577,854,right
1352.003,-559,894,right
1352.088,-559,891,right
1352.195,-459,829,right
1352.305,-506,867,right
1352.406,-506,866,right
1352.493,-505,866,right
1352.577,-494,852,right
1352.688,-493,852,right
1352.757,-493,851,right
1352.861,-493,851,right
1352.941,-491,850,right
1353.052,-482,847,right
1353.149,-470,848,right
1353.264,-469,848,right
1353.459,-395,849,right
1353.570,-394,849,right
1353.677,-355,854,right
1353.768,-355,855,right
1355.268,-702,580,right
1355.373,-835,630,right
1355.428,-873,639,right
1355.556,-1073,566,right
1355.603,-1073,566,right
1355.757,-1099,570,right
1356.203,-1100,582,right
1356.288,-1124,583,right
1356.381,-1184,620,right
1356.498,-1218,577,right
1356.608,-1263,354,right
1356.673,-1279,230,right
1357.109,-774,686,right
1357.225,-795,665,right
1358.074,-478,755,right
1358.168,-478,754,right
1359.083,-1097,888,left
1359.183,-1096,886,left
1359.825,-813,1099,right
1359.902,-857,1097,right
1359.988,-1013,1078,right
1360.074,-1076,994,right
1360.157,-1081,847,right
1360.270,-1099,778,right
1360.335,-1098,675,right
1360.451,-1118,581,right
1360.521,-1118,574,right
1360.632,-1168,520,right
1360.968,-972,513,right
1361.059,-971,512,right
1361.167,-971,513,right
1361.280,-973,508,right
1361.379,-982,435,right
1361.490,-994,394,right
1362.245,-850,635,right
1362.342,-868,566,right
1362.445,-935,400,right
1362.552,-940,384,right
1362.641,-941,328,right
1362.759,-971,269,right
1363.378,-872,586,right
1363.496,-883,584,right
1363.934,-932,322,right
1364.066,-934,321,right
1365.177,-964,745,right
1365.262,-1008,783,right
1365.391,-1013,804,right
1365.473,-1032,746,right
1365.603,-1046,426,right
1365.688,-1046,428,right
1365.827,-955,929,right
1365.926,-901,1105,right
1366.017,-873,1285,right
1366.120,-869,1302,right
1366.217,-877,1299,right
1366.317,-961,1204,right
1366.414,-1003,963,right
1366.499,-1105,694,right
1366.585,-963,414,right
1366.699,-1019,298,right
1366.775,-1021,298,right
1366.893,-1106,285,right
1367.293,-892,703,right
1367.407,-884,779,right
1367.503,-884,776,right
1367.624,-883,776,right
1367.702,-884,773,right
1367.850,-887,761,right
1368.559,-795,913,right
1368.653,-801,909,right
1368.770,-885,887,right
1368.887,-922,862,right
1368.978,-931,739,right
1369.082,-932,698,right
1369.178,-873,648,right
1369.279,-846,630,right
1369.405,-685,587,right
1369.511,-674,582,right
1369.606,-626,574,right
1369.741,-626,573,right
1369.853,-627,573,right
1369.961,-629,570,right
1370.095,-715,590,right
1370.195,-770,619,right
1370.302,-800,677,right
1370.407,-815,693,right
1370.508,-848,683,right
1370.608,-854,682,right
1371.208,-749,837,right
1371.328,-750,837,right
1371.424,-809,823,right
1371.545,-846,807,right
1371.649,-854,798,right
1371.781,-911,773,right
1371.914,-934,782,right
1372.029,-983,851,right
1372.481,-628,1361,right
1372.601,-631,1360,right
1372.700,-644,1344,right
1372.806,-644,1344,right
1373.524,-676,1328,right
1373.622,-694,1334,right
1373.717,-685,1360,right
1373.825,-685,1360,right
1373.933,-614,1373,right
1374.039,-589,1369,right
1374.132,-541,1378,right
1374.227,-539,1378,right
1374.709,-433,1524,right
1374.807,-433,1513,right
1374.893,-469,1426,right
1374.998,-622,1065,right
1375.067,-624,1059,right
1375.189,-642,1032,right
1375.269,-643,1032,right
1375.384,-673,1012,right
1375.449,-675,994,right
1375.576,-684,973,right
1375.656,-684,973,right
1375.780,-687,966,right
1375.862,-678,941,right
1375.985,-684,895,right
1376.079,-689,865,right
1376.189,-707,810,right
1376.284,-716,736,right
1376.408,-723,694,right
1376.492,-723,684,right
1376.632,-740,616,right
1377.127,-675,295,right
1377.230,-795,239,right
1377.325,-810,224,right
1377.461,-841,202,right
1377.558,-844,200,right
1377.734,-853,191,right
1377.841,-853,191,right
1377.978,-863,180,right
1379.031,-584,872,right
1379.156,-637,972,right
1379.265,-699,895,right
1379.369,-708,918,right
1379.468,-755,1272,right
1379.566,-756,1283,right
1379.675,-684,1452,right
1379.775,-661,1456,right
1379.873,-562,1490,right
1379.986,-560,1491,right
1380.085,-524,1508,right
1380.193,-523,1509,right
1380.297,-501,1554,right
1380.416,-503,1564,right
1380.509,-502,1576,right
1380.625,-500,1575,right
1380.704,-501,1569,right
1380.810,-551,1505,right
1380.892,-551,1505,right
1380.992,-565,1496,right
1381.061,-564,1486,right
1381.164,-560,1484,right
1381.245,-550,1474,right
1381.365,-550,1476,right
1381.458,-546,1501,right
1381.565,-549,1496,right
1381.642,-547,1491,right
1381.746,-549,1489,right
1381.831,-495,1499,right
1381.954,-475,1502,right
1382.018,-448,1506,right
1382.120,-447,1506,right
1382.234,-447,1507,right
1382.345,-446,1507,right
1382.450,-427,1517,right
1382.564,-420,1518,right
1384.242,-419,1519,right
1384.362,-419,1519,right
1388.406,-1263,1368,left
1388.496,-1259,1366,left
1396.176,-742,1831,left
1396.286,-742,1831,left
1400.360,-1258,1373,left
1400.458,-1258,1373,left
1405.036,-1276,1344,left
1405.144,-1275,1344,left
1405.389,-1270,1344,left
1405.479,-1270,1344,left
1410.679,-1255,1341,left
1410.761,-1253,1341,left
1421.300,-1248,1305,left
1421.399,-1247,1306,left
1424.771,-1214,1797,right
1424.888,-1214,1797,right
1425.434,-1204,1797,right
1425.569,-1203,1797,right
1430.166,-771,797,right
1430.251,-771,796,right
1430.784,-529,348,right
1430.914,-470,0,right
1430.973,-469,0,right
1431.089,-465,0,right
1431.522,-201,800,right
1431.647,-201,803,right
1431.748,-123,805,right
1431.834,-0,585,right
1432.173,-543,896,right
1432.309,-542,898,right
1432.399,-542,898,right
1432.501,-542,898,right
1432.595,-543,894,right
1432.721,-540,894,right
1432.788,-541,894,right
1432.914,-540,894,right
1433.003,-540,894,right
1433.116,-540,894,right
1433.207,-541,894,right
1433.341,-541,895,right
1433.429,-541,895,right
1433.546,-541,895,right
1437.133,-427,832,right
1437.221,-427,832,right
1439.063,-852,326,right
1439.173,-846,337,right
1439.244,-872,343,right
1439.347,-909,338,right
1439.422,-941,320,right
1439.548,-1052,283,right
1439.610,-1103,269,right
1439.741,-1160,250,right
1440.028,-1256,38,right
1440.125,-1231,62,right
1440.228,-1215,96,right
1440.290,-1214,95,right
1440.807,-871,808,right
1440.911,-879,808,right
1441.003,-894,810,right
1441.104,-909,807,right
1441.929,-941,628,right
1442.016,-930,630,right
1442.101,-921,629,right
1442.200,-921,629,right
1445.639,-1244,1390,left
1445.738,-1244,1387,left
1447.119,-283,1147,right
1447.209,-283,1147,right
1447.932,-283,1478,right
1448.007,-283,1478,right
1448.103,-283,1477,right
1448.190,-286,1483,right
1449.125,-480,1430,right
1449.228,-493,1415,right
1449.336,-493,1415,right
1449.478,-493,1415,right
1450.508,-421,1156,right
1450.606,-423,1150,right
1450.723,-454,1173,right
1450.846,-452,1180,right
1450.976,-453,1221,right
1451.070,-442,1229,right
1451.194,-435,1223,right
1451.320,-410,1208,right
1451.441,-415,1208,right
1451.544,-415,1208,right
1451.741,-404,1525,right
1451.846,-402,1525,right
1451.959,-415,1501,right
1452.068,-415,1490,right
1458.174,-347,1096,right
1458.295,-347,1093,right
1458.780,-529,1210,right
1458.839,-572,1236,right
1458.972,-587,1242,right
1459.070,-587,1243,right
1459.177,-599,1259,right
1459.262,-599,1259,right
1459.371,-621,1307,right
1459.454,-621,1308,right
1459.556,-635,1358,right
1459.658,-636,1360,right
1459.786,-679,1429,right
1459.915,-861,1754,right
1460.775,-766,811,right
1460.869,-766,811,right
1460.981,-677,734,right
1461.076,-538,412,right
1461.191,-306,173,right
1461.302,-235,102,right
1461.409,-106,0,right
1461.544,-24,1,right
1461.805,-0,143,right
1461.939,-14,142,right
1462.613,-669,796,right
1462.740,-707,787,right
1462.834,-707,787,right
1462.942,-712,784,right
1464.914,-132,1458,right
1465.047,-142,1458,right
1465.143,-142,1458,right
1465.242,-142,1458,right
1466.185,-335,1040,right
1466.299,-339,1037,right
1466.508,-342,1036,right
1466.641,-342,1036,right
1467.796,-542,1013,right
1467.912,-519,1029,right
1468.009,-493,1058,right
1468.105,-492,1058,right
1468.206,-491,1066,right
1468.313,-491,1066,right
1468.468,-443,1171,right
1468.575,-438,1176,right
1468.672,-439,1176,right
1468.776,-439,1176,right
1468.897,-439,1176,right
1469.002,-446,1177,right
1469.116,-451,1177,right
1469.214,-451,1177,right
1469.319,-451,1177,right
1469.411,-450,1177,right
1469.524,-451,1177,right
1469.607,-451,1177,right
1469.728,-451,1177,right
1469.829,-451,1177,right
1471.501,-218,977,right
1471.591,-212,943,right
1471.678,-191,916,right
1471.808,-0,914,right
1472.884,-587,859,right
1472.975,-620,842,right
1473.085,-629,841,right
1473.180,-659,813,right
1473.291,-727,791,right
1473.409,-835,655,right
1473.882,-954,629,right
1474.007,-954,629,right
1474.094,-968,623,right
1474.217,-968,623,right
1474.768,-938,634,right
1474.853,-938,632,right
1474.972,-977,599,right
1475.093,-984,592,right
1475.502,-1023,370,right
1475.619,-1023,370,right
1476.052,-956,431,right
1476.177,-948,485,right
1476.280,-949,486,right
1476.436,-949,486,right
1477.443,-681,1367,right
1477.533,-681,1367,right
1477.636,-681,1367,right
1477.737,-681,1367,right
1477.854,-706,1446,right
1477.954,-711,1466,right
1478.068,-743,1603,right
1478.176,-744,1604,right
1478.308,-725,1709,right
1478.409,-710,1731,right
1478.499,-701,1792,right
1478.601,-699,1808,right
1480.165,-472,1096,right
1480.287,-471,1096,right
1480.370,-472,1096,right
1480.498,-471,1096,right
1480.596,-477,1090,right
1480.737,-517,1019,right
1482.303,-635,826,right
1482.435,-642,826,right
1484.161,-461,628,right
1484.253,-499,548,right
1484.336,-491,396,right
1484.431,-513,262,right
1484.502,-515,209,right
1484.651,-513,0,right
1485.208,-877,540,right
1485.332,-877,540,right
1485.431,-943,508,right
1485.533,-938,509,right
1486.609,-348,599,right
1486.719,-349,598,right
1486.853,-468,540,right
1486.955,-479,543,right
1487.560,-329,577,right
1487.674,-329,576,right
1487.771,-345,572,right
1487.882,-350,572,right
1487.964,-351,572,right
1488.074,-357,577,right
1488.179,-388,571,right
1488.295,-388,571,right
1491.534,-621,571,right
1491.667,-621,571,right
1492.304,-1012,616,right
1492.443,-1013,617,right
1493.078,-956,639,right
1493.165,-956,639,right
1494.782,-618,770,right
1494.910,-617,770,right
1498.532,-259,1294,right
1498.631,-298,1317,right
1498.732,-378,1493,right
1498.848,-422,1763,right
1498.931,-461,2028,right
1499.072,-553,2047,right
1501.628,-357,772,right
1501.718,-354,772,right
1501.806,-354,772,right
1501.918,-355,772,right
1502.001,-355,772,right
1502.113,-355,772,right
1504.421,-276,1083,right
1504.557,-274,1084,right
1505.568,-372,799,right
1505.661,-371,726,right
1505.747,-402,716,right
1505.848,-431,560,right
1505.925,-431,555,right
1506.035,-501,550,right
1506.134,-516,537,right
1506.238,-522,505,right
1506.369,-530,475,right
1506.391,-531,475,right
1507.000,-803,580,right
1507.089,-832,580,right
1507.250,-863,576,right
1507.311,-851,602,right
1507.398,-854,630,right
1507.497,-864,629,right
1507.567,-864,629,right
1507.658,-865,633,right
1507.940,-790,901,right
1508.034,-786,906,right
1508.141,-703,947,right
1508.273,-715,951,right
1508.358,-756,921,right
1508.469,-759,924,right
1508.546,-758,925,right
1508.661,-775,885,right
1508.727,-757,875,right
1508.824,-760,879,right
1508.903,-758,903,right
1509.011,-757,909,right
1509.089,-748,930,right
1509.203,-748,930,right
1509.275,-747,970,right
1509.397,-752,953,right
1509.482,-748,940,right
1509.589,-741,934,right
1509.662,-707,907,right
1509.784,-708,910,right
1509.875,-709,917,right
1510.002,-709,917,right
1510.102,-707,923,right
1510.228,-707,923,right
1515.087,-1250,1318,left
1515.157,-1250,1318,left
1518.582,-63,975,left
1518.683,-63,975,left
1520.618,-42,982,left
1520.697,-42,982,left
1521.284,-1257,1377,left
1521.368,-1257,1377,left
1522.385,-712,281,left
1522.476,-712,281,left
1524.484,-716,352,left
1524.578,-716,352,left
1525.598,-94,507,left
1525.694,-94,507,left
1526.998,-61,294,left
1527.097,-60,294,left
1527.340,-84,296,left
1527.434,-82,296,left
1528.382,-708,273,left
1528.476,-708,273,left
1540.616,-477,1102,right
1540.716,-477,1102,right
1541.651,-45,1427,left
1541.753,-45,1427,left
1543.330,-1137,1825,left
1543.404,-1137,1825,left
1549.192,-1222,1853,right
1549.324,-1224,1848,right
1549.940,-1231,1813,left
1550.025,-1231,1813,left
1555.003,-887,1012,right
1555.087,-887,1012,right
1555.182,-881,1023,right
1555.267,-879,1024,right
1555.370,-764,1058,right
1555.482,-766,1058,right
1555.568,-784,1081,right
1555.676,-791,1082,right
1555.994,-681,829,right
1556.128,-764,679,right
1556.210,-768,676,right
1556.324,-771,663,right
1556.406,-773,623,right
1556.538,-780,586,right
1556.627,-781,584,right
1556.745,-787,552,right
1556.832,-788,550,right
1556.948,-790,538,right
1557.041,-787,527,right
1557.154,-781,496,right
1557.274,-670,458,right
1557.383,-630,455,right
1557.491,-469,447,right
1557.604,-428,447,right
1557.707,-369,506,right
1557.808,-362,512,right
1557.935,-295,645,right
1558.042,-293,645,right
1558.176,-290,647,right
1558.271,-288,648,right
1558.719,-0,226,right
1558.846,-10,242,right
1559.930,-848,784,right
1560.030,-848,783,right
1560.432,-692,759,right
1560.506,-691,757,right
1561.061,-1018,634,right
1561.164,-1064,605,right
1561.275,-945,666,right
1561.380,-940,641,right
1561.489,-895,628,right
1561.588,-889,648,right
1561.680,-841,763,right
1561.783,-841,751,right
1561.879,-814,782,right
1561.945,-798,784,right
1562.015,-790,795,right
1562.143,-759,822,right
1562.215,-746,839,right
1562.312,-739,886,right
1562.393,-763,936,right
1562.510,-786,931,right
1562.572,-799,950,right
1562.700,-818,951,right
1562.775,-862,1060,right
1562.883,-887,1118,right
1563.084,-886,1177,right
1563.199,-886,1177,right
1564.337,-753,788,right
1564.458,-788,617,right
1564.517,-660,541,right
1564.827,-793,507,right
1564.920,-779,508,right
1565.021,-779,506,right
1565.102,-761,497,right
1565.219,-760,496,right
1565.301,-758,491,right
1565.438,-759,479,right
1565.538,-754,458,right
1565.668,-755,451,right
1565.741,-752,411,right
1565.869,-752,408,right
1565.975,-736,379,right
1566.098,-740,300,right
1566.582,-754,521,right
1566.680,-768,494,right
1566.767,-768,494,right
1566.883,-777,444,right
1566.975,-763,415,right
1567.086,-762,410,right
1567.178,-760,385,right
1567.288,-768,355,right
1567.395,-766,352,right
1567.509,-766,351,right
1567.626,-766,351,right
1567.745,-766,351,right
1568.480,-543,334,right
1568.592,-536,327,right
1568.696,-534,308,right
1568.734,-503,203,right
1569.740,-736,785,right
1569.829,-768,906,right
1569.941,-752,897,right
1570.050,-751,901,right
1570.171,-796,978,right
1570.278,-825,996,right
1570.520,-694,610,right
1570.592,-692,612,right
1570.727,-770,843,right
1570.843,-840,897,right
1570.938,-840,939,right
1571.027,-843,957,right
1571.135,-852,1034,right
1571.224,-852,1019,right
1571.314,-822,1005,right
1571.418,-823,1000,right
1571.503,-823,1000,right
1571.615,-823,1000,right
1571.708,-824,1000,right
1571.828,-823,1000,right
1571.924,-823,1000,right
1572.035,-823,1000,right
1572.137,-823,1000,right
1572.247,-823,1000,right
1579.145,-818,1406,right
1579.236,-825,1407,right
1579.583,-410,1012,right
1579.657,-359,967,right
1579.751,-187,805,right
1579.848,-125,723,right
1581.030,-816,1102,right
1581.146,-886,1178,right
1581.222,-899,1191,right
1581.342,-931,1204,right
1581.423,-980,1203,right
1581.540,-983,1203,right
1581.626,-983,1203,right
1581.737,-995,1188,right
1581.865,-1018,1164,right
1581.978,-1015,1078,right
1582.070,-1000,919,right
1582.218,-994,877,right
1582.316,-994,878,right
1582.463,-994,880,right
1582.583,-952,922,right
1582.704,-952,954,right
1582.822,-952,1239,right
1582.936,-952,1237,right
1583.058,-952,1232,right
1583.165,-948,1215,right
1583.284,-851,1006,right
1583.402,-851,1005,right
1583.533,-851,1005,right
1583.641,-851,997,right
1583.747,-844,992,right
1583.866,-862,887,right
1583.981,-840,800,right
1584.091,-792,784,right
1584.224,-601,696,right
1584.333,-542,659,right
1584.436,-534,647,right
1584.541,-534,646,right
1584.639,-534,646,right
1584.742,-534,646,right
1584.865,-534,646,right
1584.976,-533,646,right
1585.232,-533,646,right
1585.333,-533,646,right
1590.592,-1076,1028,left
1590.689,-1076,1029,left
1595.609,-509,676,right
1595.733,-509,676,right
1598.220,-940,1244,right
1598.340,-990,1300,right
1598.419,-994,1308,right
1598.526,-993,1309,right
1598.604,-1004,1345,right
1598.715,-1015,1365,right
1599.627,-876,1343,right
1599.763,-887,1268,right
1601.896,-451,541,right
1601.995,-451,541,right
1603.338,-168,468,right
1603.439,-169,467,right
1607.380,-526,927,right
1607.473,-527,932,right
1607.581,-522,944,right
1607.697,-521,947,right
1608.006,-515,709,right
1608.111,-532,593,right
1608.200,-539,548,right
1608.321,-557,509,right
1608.399,-605,466,right
1608.511,-677,411,right
1608.949,-953,884,right
1609.046,-953,889,right
1609.326,-853,637,right
1609.428,-853,637,right
1609.819,-681,368,right
1609.933,-675,344,right
1611.590,-443,477,right
1611.694,-453,473,right
1611.821,-455,469,right
1611.917,-484,420,right
1612.053,-458,408,right
1612.137,-458,408,right
1612.253,-408,374,right
1612.350,-384,275,right
1612.452,-365,265,right
1612.534,-355,276,right
1612.660,-279,440,right
1612.748,-263,483,right
1612.852,-238,613,right
1612.930,-260,657,right
1613.042,-290,824,right
1613.133,-294,869,right
1613.237,-324,974,right
1613.337,-372,1023,right
1613.439,-461,1065,right
1613.522,-501,1110,right
1613.627,-553,1187,right
1613.738,-558,1207,right
1614.359,-584,861,right
1614.464,-651,834,right
1614.546,-682,794,right
1614.663,-739,781,right
1614.754,-781,739,right
1614.880,-983,584,right
1615.266,-752,689,right
1615.364,-756,679,right
1615.470,-760,537,right
1615.584,-786,459,right
1615.801,-753,440,right
1615.922,-754,432,right
1616.053,-753,376,right
1616.162,-755,343,right
1616.282,-748,321,right
1616.401,-750,311,right
1616.522,-743,285,right
1616.624,-744,280,right
1617.096,-673,240,right
1617.218,-679,199,right
1617.810,-660,645,right
1617.922,-689,545,right
1618.040,-725,623,right
1618.163,-773,710,right
1618.286,-779,737,right
1618.385,-771,545,right
1618.492,-580,285,right
1618.594,-574,271,right
1618.706,-558,259,right
1618.815,-559,260,right
1618.923,-558,265,right
1619.050,-558,265,right
1619.171,-558,270,right
1619.295,-609,346,right
1619.423,-670,461,right
1619.520,-670,461,right
1619.624,-695,494,right
1619.739,-760,517,right
1619.853,-775,536,right
1619.954,-776,541,right
1620.071,-767,566,right
1620.181,-774,524,right
1620.328,-706,374,right
1620.431,-683,356,right
1620.552,-582,394,right
1620.664,-576,459,right
1620.792,-571,674,right
1620.898,-575,675,right
1621.284,-561,706,right
1621.381,-579,678,right
1621.528,-556,492,right
1621.635,-552,453,right
1621.765,-592,584,right
1621.858,-662,746,right
1621.972,-704,929,right
1622.061,-713,911,right
1622.189,-724,931,right
1622.279,-734,954,right
1622.385,-756,1051,right
1622.479,-787,1074,right
1622.602,-752,1139,right
1622.723,-711,1130,right
1622.792,-714,1101,right
1622.899,-714,1099,right
1622.966,-713,1099,right
1623.081,-718,1099,right
1623.158,-716,1142,right
1623.279,-718,1139,right
1623.348,-717,1139,right
1623.461,-717,1139,right
1623.535,-717,1139,right
1623.654,-719,1128,right
1623.726,-719,1127,right
1623.839,-720,1127,right
1623.930,-719,1128,right
1624.046,-719,1127,right
1624.124,-718,1128,right
1624.233,-719,1125,right
1624.316,-719,1125,right
1624.428,-719,1114,right
1624.518,-718,1112,right
1624.628,-718,1112,right
1624.955,-670,1101,right
1625.051,-670,1100,right
1625.418,-679,1097,right
1625.512,-679,1096,right
1626.546,-529,1003,right
1626.627,-502,948,right
1626.718,-486,929,right
1626.818,-403,762,right
1626.919,-187,511,right
1626.983,-114,491,right
1627.634,-726,1161,right
1627.749,-738,1165,right
1627.842,-741,1150,right
1627.948,-739,1150,right
1628.027,-738,1140,right
1628.139,-738,1143,right
1628.225,-738,1143,right
1628.341,-740,1146,right
1629.376,-943,1106,right
1629.487,-943,1106,right
1633.729,-531,1174,right
1633.863,-555,1185,right
1639.713,-349,650,right
1639.801,-351,644,right
1639.892,-300,349,right
1640.006,-287,158,right
1640.616,-727,898,right
1640.690,-726,900,right
1642.813,-437,1098,right
1642.925,-441,1095,right
1644.120,-1100,875,left
1644.192,-1100,877,left
1644.806,-439,1381,right
1644.922,-437,1380,right
1645.017,-437,1376,right
1645.134,-436,1376,right
1645.823,-0,972,right
1645.967,-0,965,right
1647.071,-678,1535,right
1647.149,-678,1534,right
1647.372,-730,1426,right
1647.481,-748,1398,right
1647.593,-708,1274,right
1647.712,-710,1227,right
1647.818,-726,1206,right
1647.909,-717,1126,right
1648.015,-569,935,right
1648.100,-567,891,right
1648.194,-521,783,right
1648.282,-516,756,right
1648.375,-508,682,right
1648.496,-492,512,right
1649.370,-408,920,right
1649.491,-407,917,right
1649.585,-403,912,right
1649.673,-403,912,right
1649.800,-304,846,right
1649.897,-304,845,right
1650.024,-304,847,right
1650.088,-349,850,right
1650.201,-591,759,right
1650.291,-793,811,right
1650.378,-771,809,right
1650.502,-748,802,right
1650.587,-718,768,right
1650.692,-777,794,right
1650.798,-750,756,right
1650.930,-751,716,right
1651.021,-742,693,right
1651.150,-742,690,right
1652.814,-618,587,right
1652.906,-609,551,right
1652.995,-573,508,right
1653.096,-569,516,right
1653.173,-477,516,right
1653.301,-466,530,right
1654.850,-462,598,right
1654.968,-435,592,right
1655.346,-527,446,right
1655.477,-279,349,right
1656.805,-767,536,right
1656.866,-805,504,right
1657.117,-807,629,right
1657.218,-748,700,right
1657.649,-973,695,right
1657.787,-1015,695,right
1658.024,-1070,790,right
1658.128,-1070,790,right
1658.659,-713,924,right
1658.790,-886,725,right
1658.864,-851,672,right
1658.995,-852,671,right
1659.058,-853,671,right
1659.160,-870,666,right
1659.256,-871,666,right
1659.374,-885,654,right
1659.611,-913,625,right
1659.725,-940,592,right
1659.841,-869,565,right
1659.980,-462,276,right
1660.068,-512,207,right
1660.203,-686,170,right
1660.282,-813,132,right
1660.384,-949,151,right
1660.476,-949,151,right
1660.566,-958,150,right
1660.835,-317,455,right
1660.915,-269,473,right
1661.025,-187,513,right
1661.131,-188,514,right
1661.229,-315,561,right
1661.354,-361,566,right
1661.443,-406,536,right
1661.569,-406,514,right
1661.625,-411,476,right
1661.728,-409,477,right
1661.803,-408,484,right
1661.911,-407,485,right
1661.993,-408,486,right
1662.106,-411,495,right
1662.308,-640,518,right
1662.414,-722,467,right
1662.501,-720,463,right
1662.610,-741,471,right
1662.705,-744,472,right
1662.819,-763,490,right
1662.905,-817,457,right
1663.030,-823,475,right
1663.131,-824,472,right
1663.260,-825,477,right
1663.501,-1001,408,right
1663.659,-1142,371,right
1663.755,-1156,333,right
1663.862,-1189,312,right
1664.350,-964,399,right
1664.454,-963,401,right
1664.552,-965,398,right
1664.665,-1171,306,right
1665.050,-621,379,right
1665.161,-608,368,right
1665.251,-496,247,right
1665.366,-497,248,right
1665.999,-677,450,right
1666.099,-772,441,right
1666.181,-718,432,right
1666.287,-752,446,right
1666.371,-768,430,right
1666.482,-786,460,right
1666.598,-701,425,right
1666.723,-700,426,right
1666.856,-611,439,right
1666.970,-635,428,right
1667.036,-614,419,right
1667.146,-641,418,right
1667.262,-654,399,right
1667.347,-653,392,right
1667.621,-570,378,right
1667.719,-664,512,right
1667.820,-848,684,right
1667.903,-906,816,right
1667.988,-850,911,right
1668.098,-867,942,right
1668.187,-893,1077,right
1668.297,-899,1113,right
1668.376,-913,1132,right
1668.487,-946,1151,right
1668.586,-957,1143,right
1668.692,-959,1143,right
1669.615,-1267,1321,left
1669.677,-1267,1321,left
1672.265,-389,1031,right
1672.387,-389,1031,right
1673.553,-47,1421,left
1673.653,-46,1422,left
1687.610,-740,1859,left
1687.699,-740,1859,left