z,y,x,button
0.124,-799,1012,right
0.243,-888,919,right
0.345,-862,891,right
0.432,-865,894,right
0.541,-870,897,right
0.631,-870,897,right
1.242,-925,879,right
1.345,-926,876,right
3.095,-592,1363,right
3.179,-594,1305,right
3.283,-548,1179,right
3.362,-499,1061,right
3.457,-457,1069,right
3.552,-454,1082,right
3.688,-368,1517,right
3.803,-371,1516,right
5.449,-412,1466,right
5.557,-489,1064,right
5.636,-570,1008,right
5.774,-633,906,right
5.845,-644,866,right
5.996,-644,867,right
7.916,-991,1366,right
8.020,-998,1314,right
8.137,-999,1314,right
8.231,-986,1322,right
8.360,-875,1456,right
8.453,-872,1452,right
8.586,-838,1458,right
8.681,-832,1457,right
8.816,-763,1431,right
8.899,-761,1426,right
9.037,-756,1408,right
9.130,-750,1389,right
9.267,-742,1379,right
9.376,-706,1336,right
9.507,-654,1309,right
9.636,-642,1284,right
9.744,-599,1207,right
9.845,-577,1096,right
9.957,-576,1086,right
10.077,-574,1067,right
10.198,-564,1006,right
10.310,-548,955,right
10.446,-545,940,right
10.555,-544,940,right
10.826,-662,1566,right
10.909,-673,1598,right
11.032,-721,1628,right
11.143,-738,1617,right
11.496,-702,1423,right
11.558,-701,1423,right
11.749,-704,1413,right
11.853,-685,1350,right
11.956,-672,1185,right
12.075,-674,1167,right
12.560,-902,1615,right
12.658,-901,1615,right
12.766,-908,1622,right
12.885,-916,1616,right
13.106,-922,1612,right
13.147,-922,1612,right
13.299,-784,1698,right
13.414,-781,1686,right
13.575,-667,1441,right
13.692,-657,1343,right
13.817,-679,1284,right
13.914,-728,1200,right
14.023,-730,1195,right
14.117,-730,1194,right
14.942,-745,1347,right
15.035,-740,1343,right
15.136,-779,1449,right
15.225,-847,1519,right
16.254,-755,1329,right
16.373,-752,1320,right
16.484,-753,1320,right
16.590,-755,1311,right
16.715,-722,1269,right
16.822,-720,1224,right
16.920,-720,1220,right
17.031,-720,1218,right
17.152,-718,1199,right
17.258,-718,1193,right
18.109,-428,912,right
18.222,-420,679,right
18.321,-399,573,right
18.400,-377,520,right
18.502,-335,433,right
18.627,-296,85,right
19.231,-587,1089,right
19.348,-587,1088,right
19.466,-608,1050,right
19.572,-617,987,right
19.698,-621,975,right
19.815,-634,927,right
19.933,-650,888,right
20.042,-665,816,right
20.170,-715,749,right
20.281,-723,713,right
21.145,-916,513,right
21.276,-916,513,right
21.385,-927,514,right
21.457,-938,511,right
21.564,-955,465,right
21.639,-955,464,right
25.684,-1022,798,left
25.764,-1022,798,left
27.895,-1005,1145,left
27.984,-1005,1145,left
29.817,-21,1815,right
29.894,-17,1806,right
30.020,-346,1463,right
30.122,-520,1282,right
30.221,-618,1339,right
30.313,-561,1382,right
30.391,-522,1430,right
30.497,-517,1442,right
31.132,-575,1189,right
31.246,-609,1147,right
31.365,-613,1134,right
31.447,-612,1134,right
31.573,-611,1131,right
31.661,-609,1131,right
32.557,-576,1086,right
32.663,-584,1111,right
32.775,-615,1126,right
32.861,-616,1127,right
32.991,-688,1150,right
33.098,-703,1151,right
33.274,-702,1151,right
33.367,-674,1156,right
39.044,-541,1342,left
39.614,-640,1024,left
42.086,-904,759,right
42.183,-932,694,right
42.290,-949,678,right
42.401,-948,676,right
42.909,-762,773,right
43.032,-762,775,right
43.138,-790,754,right
43.258,-796,764,right
43.691,-594,883,right
43.803,-636,901,right
43.913,-647,909,right
44.006,-651,923,right
44.137,-756,967,right
44.277,-783,966,right
44.370,-802,929,right
44.508,-802,823,right
44.611,-776,728,right
44.717,-777,697,right
44.818,-774,682,right
45.142,-805,575,right
45.251,-805,566,right
45.340,-803,575,right
45.543,-695,870,right
45.667,-694,870,right
45.776,-659,899,right
45.887,-660,896,right
46.000,-629,903,right
46.149,-628,901,right
46.258,-627,901,right
46.396,-627,900,right
46.829,-638,823,right
46.942,-653,737,right
47.063,-571,722,right
47.164,-530,771,right
47.288,-470,1104,right
47.410,-467,1125,right
47.550,-302,1612,right
47.668,-293,1640,right
47.752,-286,1674,right
47.858,-334,1673,right
47.951,-347,1673,right
48.072,-406,1579,right
48.150,-404,1579,right
48.262,-404,1579,right
48.374,-407,1584,right
48.469,-407,1583,right
48.594,-366,1603,right
48.707,-365,1604,right
48.824,-369,1622,right
48.937,-369,1621,right
49.338,-357,1618,right
49.436,-357,1615,right
49.590,-353,1635,right
49.703,-355,1625,right
49.826,-365,1575,right
49.927,-371,1525,right
50.029,-449,1206,right
50.113,-490,1086,right
50.228,-502,1076,right
50.319,-518,1031,right
50.434,-551,998,right
50.524,-582,954,right
50.625,-601,951,right
50.726,-613,954,right
50.838,-631,1019,right
50.934,-636,1042,right
51.033,-668,1111,right
51.143,-687,1132,right
51.245,-713,1147,right
51.340,-743,1153,right
51.446,-764,1146,right
51.539,-772,1126,right
51.660,-782,1132,right
51.752,-787,1107,right
51.867,-788,1105,right
51.956,-788,1096,right
52.079,-666,1045,right
52.173,-639,1010,right
52.277,-504,948,right
52.369,-463,922,right
53.161,-762,828,right
53.260,-765,835,right
53.386,-756,820,right
53.478,-753,742,right
53.609,-635,967,right
53.719,-634,989,right
53.854,-561,1190,right
53.960,-571,1172,right
54.126,-577,1359,right
54.225,-596,1386,right
54.341,-608,1391,right
54.422,-650,1400,right
54.535,-649,1408,right
54.620,-651,1408,right
54.732,-654,1408,right
54.842,-661,1409,right
56.494,-705,757,right
56.598,-766,585,right
56.674,-792,578,right
56.786,-852,501,right
56.871,-920,477,right
56.984,-998,469,right
57.343,-954,542,right
57.447,-874,592,right
58.989,-476,970,right
59.111,-475,959,right
59.863,-468,1470,right
59.947,-477,1473,right
60.077,-493,1478,right
60.168,-485,1463,right
60.276,-485,1463,right
60.374,-485,1466,right
60.523,-486,1466,right
60.639,-486,1464,right
60.887,-487,1456,right
61.010,-488,1451,right
62.606,-378,1144,right
62.708,-417,1055,right
62.812,-420,1050,right
62.915,-419,1043,right
63.244,-332,939,right
63.346,-338,902,right
63.646,-369,847,right
63.768,-490,771,right
63.872,-601,820,right
63.978,-611,850,right
64.083,-652,1029,right
64.199,-661,1049,right
64.314,-645,1180,right
64.410,-645,1186,right
65.046,-564,1269,right
65.139,-703,1142,right
65.260,-706,1158,right
65.345,-705,1161,right
65.773,-381,1447,right
65.870,-384,1434,right
68.526,-664,1261,right
68.641,-693,1202,right
68.762,-729,1159,right
68.852,-754,1104,right
68.965,-768,1087,right
69.091,-777,1044,right
69.559,-507,1327,right
69.653,-516,1350,right
70.140,-326,1357,right
70.243,-325,1359,right
71.664,-746,944,right
71.804,-841,928,right
71.876,-850,936,right
72.024,-852,943,right
72.159,-852,942,right
72.301,-856,857,right
72.404,-837,788,right
72.521,-839,704,right
72.999,-291,1243,right
73.058,-291,1243,right
73.210,-319,1166,right
73.357,-328,1165,right
73.431,-340,1169,right
73.544,-340,1172,right
73.660,-340,1172,right
73.801,-344,1160,right
75.181,-355,1397,right
75.273,-355,1393,right
76.393,-558,1069,right
76.503,-698,947,right
76.594,-697,869,right
76.692,-703,840,right
76.798,-709,809,right
76.898,-718,768,right
77.017,-721,763,right
77.131,-728,728,right
77.232,-737,718,right
77.346,-750,692,right
77.479,-752,693,right
77.592,-752,692,right
77.699,-750,692,right
77.813,-749,691,right
77.927,-749,690,right
78.036,-748,682,right
78.145,-748,680,right
78.250,-759,636,right
78.348,-770,630,right
78.463,-796,594,right
78.599,-796,594,right
78.675,-796,590,right
79.581,-837,835,right
79.650,-838,836,right
79.792,-877,865,right
79.908,-823,888,right
80.003,-778,782,right
80.108,-797,676,right
80.218,-831,639,right
80.321,-887,520,right
80.948,-440,1123,right
81.050,-437,1127,right
81.192,-433,1141,right
81.306,-435,1130,right
81.445,-437,1130,right
81.555,-437,1131,right
83.224,-601,1126,right
83.324,-605,1135,right
83.455,-625,1131,right
83.553,-624,1139,right
83.662,-642,1228,right
83.774,-634,1239,right
84.819,-607,1275,right
84.907,-753,1219,right
85.001,-791,1233,right
85.098,-796,1230,right
85.185,-862,1223,right
85.305,-922,1222,right
85.397,-930,1212,right
85.502,-939,1125,right
85.600,-929,1004,right
85.711,-936,913,right
85.800,-933,832,right
85.916,-938,805,right
85.996,-943,790,right
86.130,-951,745,right
86.218,-967,710,right
86.325,-983,668,right
86.435,-986,658,right
86.543,-985,658,right
86.664,-986,659,right
86.792,-985,660,right
86.897,-984,659,right
87.017,-983,658,right
87.128,-983,658,right
87.241,-987,637,right
87.347,-987,633,right
87.458,-997,593,right
87.571,-998,591,right
87.687,-999,583,right
87.793,-1000,579,right
87.903,-1006,559,right
88.012,-1010,552,right
88.112,-1015,532,right
88.238,-1017,516,right
88.384,-1021,469,right
88.530,-1016,445,right
88.655,-1012,355,right
89.030,-872,799,right
89.143,-863,819,right
89.245,-863,817,right
89.358,-870,787,right
89.963,-684,1177,right
90.050,-662,1179,right
90.222,-591,1178,right
90.336,-570,1181,right
90.442,-576,1239,right
90.560,-582,1248,right
90.662,-582,1248,right
90.779,-585,1231,right
90.948,-586,1230,right
91.084,-589,1206,right
93.247,-510,1095,right
93.363,-495,1081,right
93.464,-494,1077,right
93.563,-496,1069,right
94.552,-1089,877,left
94.626,-1089,877,left
94.973,-765,1116,right
95.071,-765,1117,right
95.180,-766,1119,right
95.288,-760,1115,right
95.424,-681,1130,right
95.534,-677,1126,right
95.652,-629,1158,right
95.743,-616,1162,right
96.650,-180,1133,right
96.792,-661,759,right
96.892,-711,721,right
97.001,-830,641,right
97.647,-695,531,right
97.735,-676,539,right
97.854,-694,504,right
97.964,-697,480,right
98.082,-697,475,right
98.192,-703,440,right
98.435,-376,916,right
98.544,-409,939,right
98.646,-418,984,right
98.741,-419,988,right
98.855,-433,1005,right
98.965,-443,1021,right
99.122,-498,1104,right
99.221,-499,1107,right
99.341,-501,1188,right
99.443,-528,1181,right
100.591,-429,746,right
100.695,-511,489,right
100.795,-525,480,right
100.905,-535,474,right
101.278,-702,708,right
101.378,-681,782,right
101.492,-704,1184,right
101.579,-693,1191,right
101.690,-582,1276,right
101.778,-560,1284,right
101.888,-544,1312,right
101.985,-544,1312,right
102.148,-536,1297,right
102.235,-536,1297,right
102.930,-409,1368,right
103.024,-404,1379,right
103.760,-612,1077,right
103.858,-706,730,right
103.946,-776,523,right
104.054,-874,434,right
104.992,-905,972,right
105.069,-903,972,right
105.215,-800,923,right
105.332,-802,908,right
105.490,-964,1067,right
105.533,-958,1078,right
105.659,-808,1259,right
105.768,-801,1265,right
105.920,-617,1520,right
106.008,-539,1588,right
106.110,-481,1737,right
106.225,-479,1746,right
107.245,-759,1135,right
107.343,-865,1017,right
107.451,-905,939,right
107.550,-905,934,right
107.650,-905,934,right
107.794,-909,922,right
108.210,-702,1113,right
108.338,-707,1024,right
108.430,-745,972,right
108.537,-799,934,right
108.654,-880,955,right
108.760,-955,945,right
108.873,-992,951,right
108.982,-991,968,right
109.123,-879,1356,right
109.223,-817,1385,right
109.314,-709,1582,right
109.406,-709,1585,right
110.753,-652,1065,right
110.850,-673,1038,right
110.948,-773,938,right
111.048,-835,839,right
111.145,-888,800,right
111.246,-882,803,right
112.008,-899,938,right
112.116,-978,893,right
112.223,-982,911,right
112.319,-1134,798,right
112.630,-779,1166,right
112.740,-788,1202,right
112.817,-838,1275,right
112.925,-865,1266,right
113.033,-892,1261,right
113.150,-930,1271,right
114.084,-515,1125,right
114.208,-740,897,right
114.312,-786,825,right
114.432,-808,731,right
114.548,-819,692,right
114.679,-826,649,right
114.825,-847,630,right
114.943,-848,627,right
115.068,-849,628,right
115.159,-855,627,right
115.354,-888,1072,right
115.462,-892,1055,right
115.562,-892,1082,right
115.654,-856,1112,right
116.834,-383,1446,right
116.952,-413,1436,right
117.064,-420,1444,right
117.162,-420,1443,right
117.254,-409,1433,right
117.358,-408,1425,right
117.458,-398,1430,right
117.544,-410,1432,right
117.688,-412,1435,right
117.780,-411,1435,right
117.944,-413,1438,right
118.003,-413,1438,right
119.509,-443,1276,right
119.626,-628,790,right
119.721,-642,788,right
119.831,-641,802,right
120.006,-521,1072,right
120.129,-512,1076,right
120.221,-544,1004,right
120.331,-548,1001,right
120.437,-589,973,right
120.546,-604,940,right
122.532,-562,941,right
122.656,-702,654,right
122.743,-725,640,right
122.854,-776,620,right
123.232,-725,1082,right
123.354,-730,1090,right
123.414,-836,1006,right
123.551,-910,973,right
123.647,-896,1061,right
123.748,-879,1107,right
124.744,-1079,975,left
124.834,-1079,975,left
125.051,-1087,959,left
125.129,-1087,957,left
125.892,-537,1257,right
126.007,-656,1065,right
126.094,-739,911,right
126.200,-777,825,right
126.365,-787,805,right
126.496,-789,793,right
127.010,-463,1456,right
127.094,-613,1463,right
127.210,-613,1471,right
127.285,-635,1457,right
127.429,-603,1539,right
127.495,-638,1431,right
127.596,-758,1029,right
127.699,-809,892,right
127.765,-799,755,right
127.886,-794,728,right
127.969,-792,744,right
128.088,-809,776,right
128.254,-808,1149,right
128.405,-837,1155,right
128.501,-799,1290,right
128.609,-797,1315,right
128.711,-743,1488,right
128.820,-686,1499,right
130.158,-725,1118,right
130.255,-896,700,right
130.333,-908,678,right
130.462,-909,676,right
130.560,-910,676,right
130.668,-914,671,right
130.788,-887,704,right
130.909,-864,731,right
131.021,-874,735,right
131.114,-874,735,right
131.366,-550,1061,right
131.466,-534,1077,right
131.575,-453,1156,right
131.674,-442,1162,right
131.802,-397,1231,right
131.899,-393,1246,right
133.430,-358,1139,right
133.531,-583,679,right
133.613,-686,626,right
133.728,-700,653,right
133.827,-689,785,right
133.937,-692,799,right
135.270,-366,1544,right
135.403,-634,972,right
135.497,-653,917,right
135.628,-668,865,right
136.006,-626,1171,right
136.113,-652,1169,right
136.207,-664,1201,right
136.314,-660,1204,right
136.909,-628,1099,right
137.012,-715,1080,right
137.097,-757,1080,right
137.189,-751,1088,right
137.315,-836,1296,right
137.379,-868,1147,right
137.522,-648,1120,right
137.623,-630,1119,right
137.731,-587,1132,right
137.820,-586,1132,right
138.716,-565,1055,right
138.846,-816,859,right
138.923,-877,853,right
139.057,-924,881,right
139.165,-951,1076,right
139.267,-966,1096,right
139.390,-806,1330,right
139.515,-796,1325,right
139.850,-409,1438,right
139.962,-409,1437,right
140.493,-393,1488,right
140.598,-540,969,right
140.678,-670,784,right
140.778,-858,632,right
140.878,-885,625,right
140.980,-971,619,right
141.071,-1007,604,right
141.191,-1024,594,right
141.286,-1020,581,right
141.422,-1022,581,right
141.886,-986,655,right
141.988,-986,656,right
142.139,-994,654,right
142.243,-992,645,right
142.899,-917,745,right
142.987,-917,742,right
143.102,-918,743,right
143.188,-919,752,right
143.703,-893,939,right
143.770,-892,946,right
143.907,-900,950,right
143.987,-911,931,right
144.152,-875,855,right
144.271,-851,578,right
144.391,-881,488,right
144.490,-875,501,right
144.619,-781,590,right
144.705,-731,612,right
144.849,-604,754,right
144.948,-596,768,right
145.054,-582,814,right
145.163,-590,816,right
145.266,-523,913,right
145.351,-482,965,right
146.259,-332,1328,right
146.367,-583,809,right
146.462,-699,638,right
146.569,-867,496,right
147.415,-789,588,right
147.524,-834,583,right
147.638,-879,628,right
147.738,-885,643,right
147.838,-907,768,right
147.941,-893,820,right
148.192,-755,1408,right
148.315,-753,1407,right
148.412,-723,1408,right
148.503,-722,1408,right
148.617,-720,1421,right
148.691,-720,1422,right
149.644,-578,1459,right
149.742,-647,1090,right
149.858,-653,1074,right
149.964,-698,933,right
150.381,-515,1050,right
150.539,-699,758,right
150.637,-742,727,right
150.747,-797,630,right
150.845,-806,626,right
150.941,-770,725,right
152.628,-606,1502,right
152.723,-674,1070,right
152.839,-710,859,right
152.930,-742,701,right
153.075,-763,729,right
153.197,-815,751,right
153.339,-897,812,right
153.427,-901,815,right
155.494,-796,922,right
155.583,-916,752,right
155.684,-919,717,right
155.765,-936,676,right
155.879,-948,670,right
155.981,-971,621,right
156.091,-994,528,right
156.179,-1009,452,right
156.294,-1009,412,right
156.387,-1059,298,right
156.710,-850,830,right
156.803,-849,832,right
156.916,-849,833,right
157.019,-847,835,right
157.154,-787,974,right
157.247,-663,1033,right
157.348,-459,1204,right
157.449,-458,1209,right
157.567,-354,1416,right
157.656,-348,1435,right
157.801,-248,1570,right
157.878,-230,1601,right
158.170,-154,1615,right
158.281,-153,1615,right
158.390,-188,1608,right
158.507,-361,1164,right
158.596,-457,924,right
158.712,-656,769,right
159.489,-452,724,right
159.597,-447,722,right
159.707,-446,670,right
159.802,-434,669,right
160.108,-692,966,right
160.218,-732,1037,right
160.312,-747,1109,right
160.412,-763,1112,right
160.513,-684,1249,right
160.623,-685,1253,right
160.736,-739,1287,right
160.843,-760,1297,right
160.955,-768,1306,right
161.051,-723,1329,right
161.394,-194,1520,right
161.520,-194,1519,right
162.085,-297,1380,right
162.180,-516,951,right
162.281,-638,687,right
162.396,-682,590,right
162.511,-679,583,right
162.654,-678,583,right
163.039,-668,564,right
163.119,-690,559,right
163.213,-737,572,right
163.330,-839,568,right
163.443,-866,584,right
163.557,-898,618,right
163.785,-494,1250,right
163.889,-478,1277,right
164.005,-376,1461,right
164.101,-348,1474,right
164.430,-212,1637,right
164.639,-302,1535,right
164.750,-402,1270,right
164.849,-659,696,right
164.945,-757,585,right
165.047,-806,564,right
165.149,-822,555,right
165.253,-837,552,right
165.368,-829,568,right
165.470,-828,567,right
165.943,-771,749,right
166.008,-774,738,right
166.143,-709,769,right
166.249,-636,772,right
166.360,-818,716,right
166.473,-865,682,right
166.591,-875,860,right
166.688,-874,866,right
167.507,-707,864,right
167.604,-767,666,right
167.742,-716,613,right
167.832,-514,687,right
167.935,-376,1066,right
168.024,-471,1140,right
168.749,-435,1307,right
168.860,-668,859,right
168.944,-740,776,right
169.045,-844,654,right
169.598,-843,547,right
169.694,-842,551,right
169.824,-843,549,right
169.914,-838,552,right
170.019,-872,499,right
170.101,-875,491,right
170.795,-1108,778,left
170.884,-1107,778,left
171.119,-984,837,right
171.212,-968,841,right
171.310,-915,871,right
171.415,-925,878,right
171.533,-715,1030,right
171.638,-685,1061,right
171.740,-635,1129,right
171.849,-632,1134,right
173.237,-646,1012,right
173.344,-685,838,right
173.427,-758,734,right
173.528,-772,688,right
173.641,-752,662,right
173.737,-710,648,right
174.496,-256,1210,right
174.596,-532,740,right
174.698,-620,496,right
174.809,-691,350,right
175.492,-726,364,right
175.620,-731,360,right
175.745,-749,355,right
175.860,-721,370,right
176.684,-710,697,right
176.768,-718,699,right
176.870,-741,749,right
176.962,-750,748,right
177.057,-716,780,right
177.158,-696,820,right
178.400,-664,926,right
178.511,-762,551,right
178.621,-779,535,right
178.716,-811,531,right
179.363,-815,527,right
179.449,-827,536,right
179.558,-952,669,right
179.647,-960,697,right
179.756,-891,975,right
179.833,-795,1011,right
180.923,-582,927,right
181.016,-714,602,right
181.116,-719,589,right
181.226,-749,562,right
181.785,-439,939,right
181.908,-456,1002,right
182.730,-616,680,right
182.835,-727,526,right
183.273,-803,802,right
183.370,-798,822,right
183.485,-699,885,right
183.578,-650,898,right
184.910,-728,739,right
185.005,-847,671,right
185.130,-1010,672,right
185.204,-1113,657,right
185.742,-831,904,right
185.839,-863,913,right
185.951,-938,1092,right
186.063,-927,1104,right
186.168,-880,1204,right
186.263,-880,1202,right
186.721,-608,1246,right
186.803,-593,1259,right
186.965,-433,1437,right
187.036,-351,1498,right
188.143,-553,1009,right
188.272,-585,947,right
188.467,-586,945,right
188.596,-586,945,right
189.078,-367,1316,right
189.208,-436,1279,right
189.316,-424,1381,right
189.399,-424,1379,right
190.675,-466,1163,right
190.765,-595,999,right
190.866,-598,995,right
190.956,-598,995,right
191.493,-701,1120,right
191.597,-782,1118,right
191.699,-797,1123,right
191.780,-795,1123,right
191.914,-651,1106,right
192.008,-653,1115,right
192.615,-530,1016,right
192.716,-629,891,right
192.812,-741,838,right
192.923,-790,889,right
193.002,-849,843,right
193.098,-941,736,right
193.199,-960,728,right
193.305,-1008,695,right
193.414,-1019,686,right
193.544,-1279,385,right
193.780,-912,873,right
193.861,-912,875,right
193.974,-909,933,right
194.074,-909,939,right
194.190,-906,964,right
194.296,-907,968,right
194.802,-648,1393,right
194.900,-538,1426,right
195.102,-235,1663,right
195.201,-235,1663,right
195.882,-355,1376,right
195.977,-551,987,right
196.081,-604,918,right
196.190,-650,853,right
196.325,-723,764,right
196.437,-725,750,right
197.053,-737,688,right
197.117,-738,689,right
197.243,-792,809,right
197.346,-813,822,right
199.517,-639,1116,right
199.625,-716,915,right
199.723,-775,844,right
199.829,-875,699,right
199.918,-878,686,right
200.055,-858,562,right
200.207,-791,408,right
200.336,-790,408,right
200.846,-616,520,right
200.934,-590,533,right
201.054,-512,643,right
201.167,-498,661,right
201.289,-399,871,right
201.392,-287,985,right
201.759,-572,1340,right
201.880,-755,1326,right
201.987,-841,1318,right
202.102,-856,1320,right
202.194,-900,1294,right
202.318,-910,1278,right
202.412,-911,1278,right
202.513,-950,1273,right
202.617,-948,1272,right
202.714,-947,1272,right
203.128,-739,1531,right
203.242,-769,1544,right
203.811,-151,1740,right
203.905,-377,1631,right
203.992,-494,1385,right
204.083,-722,1067,right
204.179,-747,1005,right
204.286,-904,830,right
204.378,-925,774,right
204.495,-937,745,right
205.191,-854,788,right
205.312,-856,773,right
205.465,-866,697,right
205.549,-866,645,right
205.693,-737,591,right
205.783,-722,591,right
206.250,-213,1327,right
206.345,-221,1328,right
206.941,-423,1261,right
207.031,-704,1190,right
207.129,-782,1157,right
207.223,-853,1116,right
207.341,-875,1127,right
207.456,-884,1136,right
207.721,-306,1339,right
207.819,-309,1367,right
207.935,-280,1431,right
208.041,-326,1422,right
208.774,-347,1305,right
208.886,-427,986,right
208.973,-522,791,right
209.076,-537,699,right
209.159,-550,670,right
209.270,-633,551,right
209.358,-637,542,right
209.475,-638,537,right
209.706,-337,1060,right
209.818,-283,1233,right
209.910,-241,1281,right
210.007,-243,1281,right
210.991,-497,915,right
211.092,-682,636,right
211.196,-758,494,right
211.309,-860,398,right
211.403,-934,350,right
211.512,-967,332,right
211.606,-1015,334,right
211.720,-1110,357,right
211.814,-1133,460,right
211.925,-1131,533,right
212.153,-1093,889,right
212.268,-1096,899,right
213.675,-465,989,right
213.795,-553,861,right
214.050,-625,1229,right
214.154,-627,1232,right
214.255,-618,1287,right
214.367,-643,1279,right
215.864,-316,1246,right
215.964,-520,950,right
216.047,-664,585,right
216.147,-768,461,right
216.235,-825,405,right
216.342,-848,388,right
216.429,-864,381,right
216.533,-889,349,right
216.626,-885,358,right
216.744,-938,348,right
216.849,-967,358,right
216.970,-968,361,right
217.147,-987,965,right
217.272,-945,1013,right
217.345,-946,1025,right
217.454,-1010,1009,right
218.347,-1090,786,left
218.434,-1100,768,left
218.608,-774,1073,right
218.703,-733,1131,right
218.816,-555,1255,right
218.911,-475,1265,right
219.464,-119,1632,right
219.575,-119,1631,right
220.331,-72,1794,right
220.436,-79,1809,right
220.867,-239,1531,right
220.977,-448,1096,right
221.072,-557,1020,right
221.184,-611,997,right
221.293,-627,995,right
221.474,-683,972,right
221.532,-687,969,right
221.648,-707,942,right
221.777,-755,946,right
221.877,-770,934,right
222.006,-774,1014,right
222.097,-774,1052,right
222.190,-767,1225,right
222.306,-779,1225,right
222.392,-767,1242,right
222.491,-777,1225,right
222.672,-637,1278,right
222.791,-644,1251,right
222.903,-677,1135,right
222.986,-686,1091,right
223.114,-479,1184,right
223.192,-477,1177,right
223.829,-207,1394,right
223.944,-521,1114,right
224.015,-715,741,right
224.126,-881,507,right
224.217,-908,503,right
224.340,-919,515,right
224.840,-996,819,right
224.950,-996,817,right
225.788,-542,1140,right
225.894,-544,1137,right
226.874,-723,1033,right
226.986,-850,1022,right
227.113,-848,1157,right
227.206,-843,1173,right
227.311,-815,1271,right
227.417,-823,1263,right
227.556,-825,1252,right
227.689,-892,1224,right
227.807,-913,1287,right
227.904,-913,1295,right
228.177,-629,1552,right
228.269,-514,1616,right
228.389,-443,1761,right
228.487,-432,1769,right
228.588,-354,1841,right
228.693,-354,1834,right
229.020,-112,1800,right
229.155,-138,1800,right
229.244,-374,1506,right
229.354,-603,1271,right
229.425,-730,1155,right
229.551,-904,1018,right
229.617,-930,1011,right
229.734,-935,1011,right
229.819,-935,1002,right
229.937,-952,955,right
230.032,-924,928,right
230.143,-895,864,right
230.257,-785,878,right
230.363,-756,885,right
230.454,-642,892,right
230.568,-643,869,right
230.683,-646,860,right
230.784,-695,794,right
231.021,-460,1068,right
231.151,-459,1073,right
231.267,-417,1068,right
231.380,-433,981,right
231.481,-449,982,right
231.587,-448,994,right
231.706,-422,1147,right
231.793,-410,1200,right
231.916,-384,1404,right
232.029,-366,1435,right
232.129,-362,1443,right
232.223,-356,1458,right
232.575,-179,1783,right
232.689,-184,1733,right
232.775,-361,1304,right
232.881,-512,1154,right
232.976,-549,945,right
233.090,-625,824,right
233.163,-628,815,right
233.277,-662,795,right
233.361,-666,778,right
233.496,-708,703,right
233.602,-722,698,right
233.716,-788,710,right
233.834,-871,844,right
233.933,-887,891,right
234.036,-904,1061,right
234.153,-880,1066,right
234.241,-847,1139,right
234.312,-846,1428,right
234.848,-1191,1186,right
234.967,-1241,1213,right
235.094,-1012,1309,right
235.218,-1008,1286,right
235.312,-1011,1286,right
235.399,-1011,1293,right
235.506,-883,1366,right
235.605,-794,1380,right
236.011,-156,1669,right
236.116,-191,1630,right
236.219,-343,1409,right
236.304,-541,1154,right
236.405,-662,1074,right
236.512,-809,958,right
236.631,-870,940,right
236.742,-904,816,right
236.836,-899,794,right
236.942,-921,739,right
237.072,-927,736,right
237.177,-950,642,right
237.308,-724,706,right
237.436,-707,699,right
237.548,-620,686,right
237.633,-618,691,right
237.756,-578,984,right
237.850,-594,995,right
238.342,-491,1589,right
238.431,-492,1576,right
238.576,-496,1568,right
238.649,-498,1557,right
238.939,-550,1417,right
239.046,-661,864,right
239.136,-685,736,right
239.242,-706,627,right
239.348,-707,626,right
239.448,-705,646,right
240.461,-540,1211,right
240.598,-614,791,right
240.712,-770,680,right
240.858,-905,578,right
240.975,-995,526,right
241.092,-1005,528,right
241.212,-1057,613,right
241.340,-1068,689,right
241.493,-947,1022,right
241.605,-887,1046,right
241.704,-748,1144,right
241.810,-712,1153,right
242.544,-363,1411,right
242.660,-428,1162,right
242.769,-551,834,right
242.868,-661,492,right
243.337,-852,813,right
243.440,-883,825,right
243.561,-710,933,right
243.639,-709,937,right
243.790,-711,1108,right
243.902,-734,1036,right
243.997,-772,1044,right
244.094,-800,1056,right
244.814,-284,1341,right
244.926,-610,874,right
245.029,-632,824,right
245.131,-701,477,right
245.246,-753,455,right
245.365,-753,460,right
245.894,-623,555,right
245.997,-619,556,right
246.107,-530,635,right
246.203,-480,686,right
247.031,-313,1179,right
247.085,-326,1168,right
248.024,-333,1201,right
248.136,-591,680,right
248.232,-710,594,right
248.343,-763,551,right
249.105,-919,565,right
249.216,-919,565,right
249.385,-914,829,right
249.486,-910,845,right
249.610,-908,881,right
249.727,-903,889,right
249.867,-902,891,right
249.954,-865,933,right
250.343,-786,1072,right
250.482,-824,1003,right
250.585,-831,973,right
250.668,-896,889,right
250.765,-946,709,right
250.880,-997,541,right
250.954,-1081,458,right
251.054,-1216,260,right
252.018,-810,382,right
252.119,-810,381,right
252.257,-740,407,right
252.347,-728,414,right
252.499,-622,613,right
252.591,-612,621,right
253.928,-513,828,right
254.058,-855,615,right
254.150,-933,607,right
254.244,-975,598,right
254.701,-714,857,right
254.800,-648,858,right
256.333,-554,797,right
256.427,-625,736,right
256.514,-709,728,right
256.613,-795,709,right
256.725,-763,722,right
256.840,-763,720,right
256.967,-718,715,right
257.057,-687,715,right
257.292,-482,994,right
257.394,-456,1019,right
258.191,-202,1166,right
258.297,-297,994,right
258.400,-501,714,right
258.514,-586,623,right
259.422,-581,800,right
259.492,-650,802,right
259.613,-714,892,right
259.729,-663,968,right
259.818,-599,1065,right
259.926,-587,1080,right
260.026,-567,1176,right
260.115,-556,1188,right
260.224,-503,1284,right
260.346,-515,1263,right
261.294,-666,1239,right
261.378,-755,1137,right
261.484,-810,1149,right
261.594,-837,1098,right
261.715,-943,1025,right
261.826,-1013,969,right
261.941,-947,958,right
262.047,-938,894,right
262.309,-787,694,right
262.409,-777,700,right
262.517,-728,629,right
262.626,-722,591,right
262.745,-722,582,right
262.858,-715,531,right
263.356,-414,824,right
263.454,-401,841,right
263.584,-428,1187,right
263.663,-427,1195,right
264.134,-211,1665,right
264.248,-218,1653,right
264.344,-264,1219,right
264.452,-626,740,right
264.559,-720,651,right
264.659,-778,615,right
264.774,-908,506,right
264.889,-909,509,right
265.019,-909,509,right
265.149,-908,509,right
265.450,-831,905,right
265.539,-847,928,right
265.664,-814,1030,right
265.770,-792,1037,right
265.872,-695,1221,right
265.985,-695,1217,right
266.446,-244,1412,right
266.546,-221,1426,right
267.393,-260,1296,right
267.493,-396,1112,right
267.591,-490,913,right
267.693,-605,731,right
268.588,-485,905,right
268.691,-485,906,right
269.985,-498,1341,right
270.102,-849,826,right
270.214,-872,788,right
270.299,-885,765,right
270.572,-879,850,right
270.648,-933,793,right
271.838,-615,1038,right
271.935,-679,952,right
272.023,-721,936,right
272.127,-771,901,right
273.722,-574,1088,right
273.845,-804,714,right
273.889,-810,705,right
274.022,-914,600,right
274.118,-955,613,right
274.225,-985,607,right
274.330,-997,604,right
274.436,-997,604,right
274.956,-989,911,right
275.069,-997,917,right
277.102,-647,862,right
277.170,-647,866,right
277.298,-566,1031,right
277.394,-576,1043,right
277.548,-541,1119,right
277.636,-477,1167,right
278.585,-313,1502,right
278.681,-548,1033,right
278.780,-640,839,right
278.885,-694,700,right
280.084,-859,658,right
280.164,-866,687,right
280.285,-901,831,right
280.362,-901,831,right
280.836,-911,781,right
280.937,-909,785,right
281.032,-901,765,right
281.125,-901,679,right
282.712,-537,779,right
282.857,-565,670,right
283.554,-318,1037,right
283.657,-519,649,right
283.748,-557,507,right
283.843,-586,403,right
283.936,-598,379,right
284.048,-626,303,right
284.132,-626,282,right
284.266,-631,254,right
284.381,-629,246,right
284.485,-618,248,right
284.594,-610,250,right
284.694,-611,249,right
284.805,-618,250,right
284.923,-621,237,right
285.349,-530,783,right
285.463,-572,770,right
285.617,-584,797,right
285.763,-591,717,right
285.851,-574,685,right
285.986,-617,588,right
286.046,-640,565,right
286.171,-695,519,right
286.263,-699,499,right
286.375,-702,447,right
290.003,-916,376,right
290.114,-943,334,right
290.223,-952,360,right
290.334,-951,366,right
291.117,-975,280,right
291.233,-978,255,right
293.979,-753,549,right
294.077,-824,411,right
294.158,-799,450,right
294.257,-822,401,right
294.349,-776,353,right
294.453,-771,330,right
294.535,-772,318,right
294.649,-805,222,right
294.744,-821,161,right
294.848,-823,169,right
297.462,-1241,1334,left
297.549,-1240,1334,left
304.252,-278,1153,right
304.380,-278,1153,right
305.629,-1156,1861,left
305.725,-1156,1861,left
310.048,-882,961,right
310.144,-882,960,right
310.222,-882,960,right
310.315,-882,960,right
310.418,-880,975,right
310.513,-881,972,right
310.623,-838,1037,right
310.722,-835,1037,right
310.832,-780,1058,right
310.969,-779,1058,right
311.055,-779,1058,right
311.158,-779,1058,right
311.285,-779,1058,right
311.356,-779,1057,right
311.715,-779,1057,right
311.792,-779,1063,right
312.398,-484,1172,right
312.514,-511,1116,right
312.998,-574,1051,right
313.155,-813,879,right
313.239,-821,882,right
313.333,-831,878,right
314.473,-546,1106,right
314.540,-546,1105,right
316.063,-593,1138,right
316.143,-594,1150,right
316.249,-625,1275,right
316.328,-644,1266,right
316.447,-703,1295,right
316.547,-725,1299,right
316.675,-741,1312,right
316.760,-745,1318,right
319.673,-1081,1035,left
319.750,-1080,1034,left
321.433,-633,877,right
321.549,-631,873,right
321.657,-612,885,right
321.757,-611,881,right
321.865,-611,881,right
321.980,-611,881,right
322.563,-349,1078,right
322.660,-370,1052,right
322.762,-372,1049,right
322.845,-371,1050,right
323.570,-445,1055,right
323.675,-445,1056,right
325.352,-565,1235,right
325.420,-595,1236,right
325.531,-732,1177,right
325.623,-884,1001,right
325.718,-910,1011,right
325.797,-912,1030,right
326.926,-588,1092,right
327.043,-689,885,right
327.133,-763,816,right
327.252,-819,773,right
330.849,-566,1297,right
330.974,-565,1297,right
333.184,-478,1598,left
333.600,-640,1024,left
334.084,-441,1604,right
334.178,-441,1605,right
336.573,-429,1634,right
336.667,-429,1635,right
337.514,-674,1255,right
337.623,-708,1214,right
337.737,-719,1213,right
337.824,-736,1189,right
337.954,-744,1186,right
338.058,-747,1180,right
338.623,-597,1414,right
338.709,-593,1439,right
338.823,-541,1523,right
338.915,-531,1533,right
340.249,-238,1553,right
340.372,-257,1453,right
340.474,-257,1458,right
340.551,-257,1458,right
341.599,-221,1456,right
341.708,-220,1455,right
343.603,-855,763,right
343.704,-851,774,right
343.807,-866,781,right
343.907,-868,784,right
343.998,-903,818,right
344.108,-915,813,right
344.193,-925,820,right
344.337,-928,810,right
344.438,-902,703,right
344.542,-912,639,right
344.636,-909,607,right
344.770,-940,519,right
345.400,-992,340,right
345.496,-992,334,right
347.279,-741,709,right
347.374,-740,709,right
347.477,-692,580,right
347.569,-702,517,right
347.663,-715,487,right
347.761,-725,469,right
347.980,-783,368,right
348.135,-1148,0,right
348.337,-939,449,right
348.435,-955,462,right
348.783,-1030,371,right
348.857,-1029,368,right
349.362,-860,737,right
349.444,-860,726,right
349.540,-861,725,right
349.630,-901,683,right
350.272,-828,977,right
350.354,-822,976,right
351.278,-680,858,right
351.396,-774,521,right
351.471,-777,509,right
351.580,-797,472,right
351.680,-806,458,right
351.813,-829,417,right
353.884,-838,748,right
354.001,-886,766,right
354.083,-906,773,right
354.211,-966,741,right
354.327,-981,739,right
354.424,-982,741,right
354.561,-873,927,right
354.665,-825,1015,right
355.025,-372,1387,right
355.133,-372,1387,right
355.222,-372,1389,right
355.343,-372,1389,right
356.321,-270,1253,right
356.421,-482,1044,right
356.514,-626,902,right
356.625,-782,677,right
356.704,-792,648,right
356.817,-800,634,right
356.912,-817,600,right
357.026,-850,550,right
357.123,-867,538,right
357.242,-893,514,right
357.346,-899,510,right
357.447,-915,489,right
357.539,-922,487,right
357.643,-971,444,right
357.746,-972,443,right
357.839,-983,428,right
357.950,-983,427,right
358.052,-996,389,right
358.161,-996,387,right
358.267,-1002,371,right
358.422,-990,375,right
358.517,-967,374,right
358.625,-867,355,right
358.728,-853,349,right
358.828,-798,352,right
358.923,-874,656,right
359.007,-904,1032,right
359.126,-913,1039,right
359.230,-828,1043,right
359.349,-813,1053,right
359.450,-756,1107,right
359.555,-751,1109,right
359.644,-732,1139,right
359.777,-923,1147,right
359.866,-939,1151,right
359.970,-940,1160,right
360.062,-919,1179,right
360.164,-901,1206,right
360.275,-727,1328,right
360.390,-651,1354,right
360.476,-559,1424,right
360.593,-552,1427,right
360.842,-333,1421,right
360.950,-299,1411,right
361.051,-287,1374,right
361.175,-276,1303,right
361.264,-264,1301,right
361.349,-274,1324,right
361.449,-312,1318,right
361.564,-503,1086,right
361.647,-615,948,right
361.767,-697,847,right
361.891,-754,839,right
361.994,-722,859,right
362.110,-630,882,right
362.219,-691,802,right
362.319,-824,820,right
362.426,-911,934,right
362.506,-898,1059,right
362.625,-953,1083,right
362.704,-988,1167,right
362.833,-991,1176,right
362.934,-913,1345,right
363.040,-902,1324,right
363.187,-595,1344,right
363.291,-575,1344,right
363.422,-446,1292,right
363.519,-374,1253,right
364.157,-182,1248,right
364.258,-424,1044,right
364.345,-583,790,right
364.448,-744,640,right
364.531,-787,574,right
364.638,-836,556,right
364.728,-841,540,right
364.851,-872,480,right
364.962,-897,436,right
365.057,-897,436,right
365.178,-742,553,right
365.288,-715,549,right
365.394,-653,584,right
365.487,-652,585,right
365.824,-601,868,right
365.925,-601,871,right
366.061,-606,859,right
366.183,-796,649,right
366.284,-967,860,right
366.373,-977,874,right
366.457,-925,996,right
366.575,-927,1010,right
366.652,-938,1024,right
366.767,-950,1024,right
366.889,-916,1193,right
366.998,-850,1240,right
367.094,-647,1327,right
367.232,-568,1346,right
367.312,-432,1349,right
367.404,-352,1381,right
367.535,-195,1508,right
367.674,-201,1510,right
367.773,-222,1405,right
367.884,-237,1365,right
367.968,-283,1259,right
368.060,-454,1127,right
368.141,-595,943,right
368.268,-704,753,right
368.344,-724,686,right
368.444,-737,638,right
368.547,-738,599,right
368.651,-738,596,right
368.777,-724,594,right
368.891,-702,557,right
368.994,-637,544,right
369.099,-630,541,right
369.190,-642,497,right
369.339,-725,392,right
369.417,-751,380,right
369.547,-838,368,right
369.655,-847,371,right
369.779,-907,326,right
369.908,-894,323,right
370.008,-881,333,right
370.930,-285,1052,right
371.049,-371,937,right
371.886,-811,505,right
371.992,-870,532,right
372.108,-933,552,right
372.184,-925,544,right
372.494,-397,607,right
372.595,-409,593,right
372.737,-418,578,right
372.815,-417,577,right
374.514,-511,491,right
374.634,-745,352,right
374.735,-813,347,right
374.841,-858,346,right
374.961,-892,386,right
375.065,-920,438,right
375.183,-981,635,right
375.299,-1000,626,right
375.415,-996,599,right
375.515,-996,605,right
376.926,-715,820,right
377.014,-841,666,right
377.125,-967,622,right
377.225,-980,479,right
377.329,-983,426,right
377.423,-984,404,right
377.534,-953,377,right
377.667,-925,320,right
377.767,-935,279,right
377.893,-970,237,right
378.112,-850,199,right
378.215,-742,187,right
378.318,-566,288,right
378.421,-532,359,right
378.572,-487,673,right
378.642,-448,753,right
378.797,-297,1096,right
378.910,-276,1136,right
379.011,-204,1253,right
379.119,-197,1261,right
379.440,-207,1471,right
379.570,-207,1471,right
379.962,-353,1466,right
380.124,-387,1459,right
380.220,-301,1509,right
380.321,-335,1488,right
380.414,-311,1458,right
380.533,-358,1311,right
380.627,-473,885,right
380.730,-525,729,right
380.819,-549,683,right
380.932,-586,613,right
381.043,-615,592,right
381.180,-661,534,right
382.224,-577,635,right
382.325,-524,617,right
382.417,-335,515,right
382.512,-218,106,right
382.616,-0,158,right
382.719,-392,61,right
382.812,-421,94,right
382.937,-723,4,right
383.009,-766,0,right
383.105,-888,8,right
383.180,-918,0,right
383.280,-1101,22,right
383.389,-1133,272,right
383.493,-1223,280,right
383.612,-1218,371,right
383.683,-1218,368,right
384.031,-1221,356,right
384.204,-923,441,right
387.796,-626,1605,left
388.531,-640,1024,left
390.133,-1256,1285,left
390.223,-1256,1285,left
393.419,-588,221,left
393.492,-588,221,left
394.222,-374,999,right
394.308,-374,999,right
397.877,-1055,1798,left
397.979,-1055,1798,left
402.943,-869,1029,right
403.054,-869,1032,right
403.142,-853,1022,right
403.225,-813,1008,right
403.356,-671,1006,right
403.438,-625,989,right
403.531,-598,987,right
403.616,-611,1013,right
403.720,-609,1049,right
403.800,-610,1033,right
403.905,-589,1026,right
403.999,-591,1009,right
404.102,-591,1034,right
404.197,-602,986,right
404.292,-593,982,right
404.380,-581,968,right
404.479,-528,992,right
404.583,-526,962,right
404.655,-526,949,right
404.755,-527,949,right
404.839,-524,952,right
404.946,-527,948,right
405.024,-521,957,right
405.113,-527,968,right
405.222,-545,1062,right
405.327,-569,1076,right
405.397,-554,1081,right
405.516,-553,1080,right
405.605,-516,1191,right
405.713,-511,1162,right
405.783,-508,1142,right
405.887,-508,1152,right
405.971,-473,1139,right
406.082,-468,1138,right
406.164,-408,1082,right
406.270,-431,1025,right
406.351,-432,1079,right
406.454,-441,1070,right
406.536,-370,976,right
406.658,-384,880,right
406.744,-385,889,right
406.850,-382,899,right
406.922,-348,934,right
407.045,-342,938,right
407.134,-145,934,right
407.189,-160,901,right
407.244,-270,884,right
407.306,-429,892,right
407.391,-382,882,right
407.493,-401,838,right
407.574,-423,907,right
407.675,-429,912,right
407.754,-416,895,right
407.862,-418,876,right
407.954,-341,763,right
408.058,-345,715,right
408.404,-129,188,right
408.514,-261,443,right
408.596,-152,348,right
408.721,-149,200,right
408.799,-139,253,right
408.900,-150,258,right
408.986,-161,278,right
409.136,-180,271,right
409.203,-181,271,right
409.318,-188,269,right
409.440,-0,0,right
409.568,-1,0,right
416.573,-1279,1318,left
416.649,-1279,1318,left
416.951,-1218,1325,left
417.041,-1218,1325,left
417.297,-1261,1345,left
417.383,-1261,1345,left
422.426,-1107,869,left
422.535,-1107,869,left
424.582,-1223,1975,right
424.637,-1223,1974,right
425.024,-1081,1883,right
425.091,-1081,1885,right
425.795,-1095,1895,right
425.904,-1095,1895,right
443.097,-1130,1889,left
443.202,-1130,1889,left
444.360,-257,1479,left
445.020,-640,1024,left
446.185,-528,943,right
446.282,-536,983,right
446.376,-523,1068,right
446.481,-523,1075,right
446.568,-515,1098,right
446.681,-516,1091,right
446.770,-524,1091,right
446.898,-559,1086,right
446.979,-560,1083,right
447.102,-575,1061,right
447.219,-573,1056,right
447.320,-573,1056,right
447.421,-563,1059,right
447.508,-563,1067,right
447.607,-550,1093,right
447.722,-559,1088,right
447.836,-559,1087,right
447.925,-559,1083,right
449.289,-600,944,right
449.386,-701,742,right
449.472,-734,738,right
449.571,-749,702,right
449.662,-742,671,right
449.755,-709,653,right
451.579,-715,533,right
451.669,-710,508,right
451.766,-713,511,right
451.866,-706,537,right
453.064,-205,1230,right
453.181,-206,1233,right
453.279,-206,1233,right
453.392,-211,1239,right
453.488,-211,1239,right
453.625,-211,1239,right
454.236,-372,815,right
454.364,-582,665,right
454.438,-607,669,right
454.556,-621,676,right
455.993,-390,667,right
456.286,-671,443,right
456.382,-720,455,right
456.484,-823,503,right
456.587,-885,601,right
456.702,-891,632,right
456.822,-858,827,right
456.924,-630,903,right
457.071,-386,1137,right
457.177,-379,1147,right
457.283,-272,1250,right
457.387,-270,1250,right
457.472,-270,1260,right
457.588,-289,1252,right
458.236,-369,1489,right
458.351,-523,1527,right
458.441,-585,1546,right
458.513,-584,1548,right
459.740,-443,1638,right
459.837,-649,1445,right
459.922,-696,1362,right
460.009,-745,1287,right
460.172,-727,1558,right
460.307,-875,1411,right
460.406,-826,1483,right
460.486,-768,1516,right
460.600,-644,1719,right
460.738,-641,1720,right
461.097,-1075,1179,right
461.188,-1094,1148,right
461.279,-1070,1137,right
461.368,-1070,1130,right
461.748,-825,822,right
461.843,-806,823,right
461.937,-816,827,right
462.051,-831,788,right
462.309,-843,704,right
462.410,-843,690,right
462.529,-843,691,right
462.689,-793,532,right
462.864,-710,500,right
462.998,-704,498,right
463.302,-663,482,right
463.429,-661,474,right
464.317,-698,800,right
464.427,-714,830,right
464.823,-747,1030,right
464.935,-744,1043,right
465.058,-624,1073,right
465.180,-610,1075,right
465.609,-727,856,right
465.723,-808,804,right
465.820,-823,794,right
465.938,-858,758,right
467.050,-1240,1876,right
467.179,-1238,1888,right
467.404,-1237,1889,right
467.508,-1237,1889,right
467.854,-1237,1889,left
467.929,-1237,1889,left
471.457,-431,1388,right
471.567,-427,1390,right
471.690,-430,1403,right
471.816,-429,1403,right
474.390,-277,377,right
474.483,-277,380,right
474.592,-304,412,right
474.682,-317,450,right
478.049,-167,1139,right
478.146,-176,1156,right
478.244,-182,1156,right
478.329,-190,1160,right
478.442,-249,1559,right
478.529,-274,1514,right
478.619,-282,1480,right
478.711,-328,1437,right
478.808,-338,1433,right
478.899,-351,1417,right
478.993,-361,1422,right
479.074,-381,1442,right
479.175,-398,1479,right
479.271,-409,1495,right
479.371,-409,1494,right
479.467,-410,1495,right
479.542,-408,1493,right
479.649,-409,1498,right
479.747,-407,1498,right
479.868,-411,1504,right
482.754,-594,1218,left
482.857,-593,1218,left
484.161,-606,1187,right
484.250,-643,1146,right
484.347,-683,1205,right
484.464,-736,1179,right
484.542,-744,1146,right
484.652,-755,1044,right
484.735,-755,950,right
484.842,-773,887,right
484.919,-772,841,right
485.015,-784,768,right
485.121,-792,637,right
485.227,-792,637,right
485.338,-768,393,right
485.466,-781,0,right
485.688,-709,586,right
485.808,-736,506,right
485.907,-736,507,right
486.027,-744,532,right
486.170,-858,641,right
486.320,-826,673,right
486.551,-655,1319,right
486.648,-540,1590,right
486.745,-467,1638,right
486.848,-441,1707,right
486.933,-415,1813,right
487.050,-412,1824,right
487.137,-361,1843,right
487.267,-370,1825,right
487.547,-217,1946,right
487.741,-228,1931,right
488.090,-223,1815,right
488.191,-357,1636,right
488.307,-279,1410,right
488.410,-230,1303,right
488.510,-227,1300,right
488.620,-197,1283,right
488.730,-13,1166,right
488.804,-160,1229,right
488.949,-297,1288,right
489.046,-296,1288,right
489.168,-314,1286,right
489.287,-367,1282,right
489.412,-533,1177,right
489.489,-558,1164,right
489.692,-601,1164,right
489.813,-607,1175,right
490.073,-672,1161,right
490.216,-681,1112,right
490.427,-594,1221,right
490.527,-553,1214,right
490.769,-382,1403,right
490.898,-329,1389,right
490.979,-217,1355,right
491.109,-257,1340,right
491.196,-294,1290,right
491.333,-344,1183,right
491.421,-390,1133,right
491.530,-632,1007,right
492.442,-1100,799,left
492.533,-1099,799,left
493.005,-565,1076,right
493.103,-586,1017,right
493.174,-593,914,right
493.277,-628,869,right
493.374,-638,840,right
493.466,-643,812,right
494.153,-496,683,right
494.279,-500,675,right
494.392,-499,676,right
494.511,-498,676,right
497.033,-574,1550,right
497.138,-559,1483,right
497.231,-612,1503,right
497.318,-624,1541,right
497.419,-639,1645,right
497.522,-640,1651,right
498.149,-497,1461,right
498.236,-498,1468,right
498.346,-474,1484,right
498.444,-428,1501,right
498.570,-225,1490,right
498.699,-201,1484,right
499.118,-0,541,right
499.237,-2,322,right
502.249,-0,224,right
502.337,-14,246,right
503.758,-335,1412,right
503.860,-334,1413,right
504.189,-215,1364,left
504.715,-640,1024,left
506.894,-1004,1879,left
506.996,-1005,1878,left
515.183,-207,1061,right
515.278,-213,1074,right
515.354,-215,1070,right
515.473,-257,1047,right
515.743,-606,273,right
515.864,-607,282,right
515.952,-651,371,right
516.068,-651,379,right
516.143,-643,391,right
516.284,-642,392,right
518.537,-556,729,right
518.634,-566,739,right
519.570,-547,762,right
519.654,-551,769,right
519.745,-736,750,right
519.832,-752,766,right
519.908,-768,771,right
520.015,-820,774,right
520.086,-830,762,right
520.197,-844,757,right
520.278,-845,739,right
520.380,-862,717,right
520.449,-885,695,right
520.554,-931,671,right
520.637,-937,690,right
520.736,-946,697,right
520.824,-943,690,right
520.930,-963,642,right
521.003,-969,612,right
521.117,-979,620,right
521.212,-1012,572,right
521.339,-1279,0,right
521.486,-984,428,right
521.601,-979,416,right
521.669,-971,319,right
521.790,-1034,179,right
521.856,-1053,157,right
521.993,-1112,137,right
522.076,-1111,110,right
522.223,-1129,60,right
522.316,-1124,39,right
522.476,-1170,0,right
522.970,-603,818,right
523.066,-616,794,right
523.168,-646,784,right
523.264,-693,832,right
523.547,-809,730,right
523.645,-815,707,right
523.726,-846,493,right
523.831,-885,480,right
524.253,-785,1175,right
524.346,-801,1135,right
524.427,-811,855,right
524.533,-871,390,right
524.603,-840,397,right
524.712,-864,324,right
524.785,-812,197,right
524.892,-866,55,right
524.966,-856,33,right
525.074,-872,30,right
525.158,-846,2,right
525.268,-878,0,right
525.358,-873,6,right
525.465,-849,201,right
525.598,-764,453,right
525.627,-751,589,right
525.762,-703,669,right
525.866,-719,563,right
525.938,-720,573,right
526.048,-782,634,right
526.130,-814,675,right
526.225,-820,664,right
526.336,-760,643,right
526.449,-759,656,right
529.527,-1253,1349,left
529.619,-1251,1349,left
530.990,-478,222,left
531.041,-477,222,left
531.978,-390,1154,left
532.071,-389,1155,left
532.738,-152,1162,right
532.839,-152,1162,right
533.738,-165,1161,left
533.818,-165,1161,left
538.896,-1124,1873,left
539.010,-1124,1872,left
542.157,-1124,1873,right
542.258,-1124,1873,right
542.384,-1123,1874,right
542.450,-1123,1874,right
542.573,-1123,1874,right
542.660,-1123,1875,right
542.759,-1123,1875,right
542.861,-1123,1875,right
542.973,-1123,1875,right
543.089,-1123,1875,right
543.214,-1123,1875,right
543.328,-1123,1874,right
543.446,-1123,1874,right
543.578,-1123,1874,right
543.711,-1123,1874,right
543.828,-1123,1874,right
548.556,-1101,1875,right
548.640,-1103,1868,right
550.291,-391,1118,right
550.420,-397,1080,right
550.472,-397,1079,right
550.600,-396,1077,right
561.716,-759,1152,right
561.807,-759,1152,right
561.930,-702,1202,right
562.043,-695,1205,right
562.148,-670,1221,right
562.239,-651,1231,right
562.338,-634,1256,right
562.451,-634,1256,right
566.485,-665,1261,right
566.587,-686,1265,right
566.683,-693,1282,right
566.790,-700,1285,right
566.894,-698,1281,right
567.023,-699,1266,right
569.915,-799,329,right
570.035,-889,245,right
570.801,-194,721,right
570.893,-269,731,right
570.992,-306,803,right
571.085,-290,798,right
571.184,-293,790,right
571.304,-310,810,right
572.826,-600,838,right
572.922,-739,804,right
573.010,-782,795,right
573.111,-832,778,right
573.194,-855,774,right
573.308,-866,762,right
573.394,-835,859,right
573.513,-832,863,right
574.896,-565,970,right
575.036,-613,746,right
575.078,-614,745,right
575.211,-624,716,right
575.637,-331,1085,right
575.735,-417,1119,right
575.821,-397,1177,right
575.910,-417,1234,right
576.444,-379,1256,right
576.567,-486,867,right
576.738,-786,1023,right
576.841,-877,1226,right
576.916,-870,1316,right
577.055,-873,1331,right
577.107,-873,1329,right
577.234,-873,1332,right
577.346,-856,1297,right
577.470,-878,986,right
577.548,-944,846,right
577.672,-965,853,right
577.755,-984,887,right
577.867,-984,887,right
577.968,-983,886,right
578.087,-982,883,right
578.448,-840,774,right
578.532,-802,769,right
578.633,-700,772,right
578.717,-696,769,right
578.838,-667,796,right
578.958,-661,797,right
579.477,-525,1068,right
579.575,-479,1104,right
579.684,-440,1251,right
579.797,-379,1304,right
580.994,-308,1377,right
581.112,-313,1374,right
581.202,-381,1295,right
581.313,-514,1145,right
581.391,-707,1047,right
581.514,-830,918,right
581.741,-728,1081,right
581.873,-817,944,right
581.983,-819,955,right
582.046,-774,991,right
582.270,-221,1296,right
582.404,-227,1306,right
582.592,-291,1355,right
582.681,-295,1359,right
583.042,-390,1021,right
583.146,-414,885,right
583.261,-418,868,right
583.382,-417,868,right
583.534,-398,961,right
583.674,-398,961,right
583.816,-398,964,right
583.905,-397,979,right
584.022,-432,1204,right
584.126,-445,1190,right
584.263,-447,1195,right
584.395,-447,1195,right
584.531,-568,1184,right
584.637,-836,1044,right
584.717,-852,1030,right
584.817,-873,968,right
584.899,-937,957,right
584.996,-973,947,right
585.080,-971,957,right
585.211,-970,959,right
585.617,-970,957,right
585.734,-992,943,right
586.112,-813,786,right
586.203,-790,733,right
586.302,-712,744,right
586.403,-681,754,right
586.507,-560,905,right
586.623,-524,936,right
586.705,-491,1005,right
586.818,-498,999,right
586.944,-621,839,right
587.078,-763,689,right
587.182,-762,770,right
587.294,-808,782,right
587.399,-842,772,right
587.509,-842,772,right
588.391,-899,717,right
588.482,-906,731,right
588.588,-914,733,right
588.720,-968,621,right
589.084,-809,533,right
589.176,-745,606,right
589.284,-748,593,right
589.397,-780,524,right
591.444,-194,967,right
591.544,-194,967,right
592.972,-362,920,right
593.083,-664,736,right
593.151,-707,727,right
593.264,-882,576,right
593.319,-873,574,right
593.440,-877,604,right
593.532,-871,629,right
593.652,-870,636,right
594.112,-733,733,right
594.229,-762,704,right
594.333,-763,703,right
594.426,-786,682,right
594.559,-782,703,right
594.665,-752,721,right
594.770,-629,1049,right
594.873,-669,1046,right
594.979,-584,1085,right
595.103,-583,1084,right
596.326,-512,1077,right
596.441,-622,816,right
596.524,-677,693,right
596.625,-728,593,right
596.722,-763,577,right
596.841,-768,570,right
596.921,-769,563,right
597.033,-778,537,right
597.129,-779,538,right
597.238,-783,535,right
597.342,-783,537,right
597.471,-789,528,right
597.604,-768,549,right
597.722,-766,549,right
597.844,-754,586,right
597.953,-754,579,right
598.067,-753,578,right
598.204,-776,532,right
598.317,-780,545,right
598.445,-782,532,right
598.851,-692,815,right
598.968,-708,819,right
599.076,-722,752,right
599.179,-730,741,right
599.660,-499,1078,right
599.740,-496,1073,right
599.861,-518,998,right
599.966,-532,943,right
600.076,-587,791,right
600.198,-679,658,right
600.313,-664,629,right
600.392,-596,665,right
601.500,-623,908,right
601.601,-758,883,right
601.682,-774,874,right
601.790,-895,816,right
601.875,-927,797,right
601.981,-916,816,right
602.084,-821,1036,right
602.201,-823,1147,right
602.289,-814,1179,right
602.367,-804,1180,right
603.066,-497,1318,right
603.154,-493,1324,right
603.258,-470,1330,right
603.348,-472,1304,right
603.490,-397,1282,right
603.617,-342,1258,right
603.696,-320,1187,right
603.822,-338,1138,right
603.902,-336,1126,right
604.003,-336,1119,right
604.096,-315,1158,right
604.196,-316,1168,right
604.272,-323,1162,right
604.384,-338,1142,right
604.451,-339,1141,right
604.553,-339,1142,right
604.663,-271,1179,right
604.778,-273,1208,right
604.920,-235,1275,right
605.050,-194,1290,right
605.132,-160,1317,right
605.245,-164,1301,right
605.328,-165,1305,right
605.428,-174,1283,right
605.522,-308,1197,right
605.619,-637,1038,right
605.702,-753,935,right
605.813,-822,857,right
605.889,-858,805,right
606.000,-871,778,right
606.087,-870,777,right
606.194,-870,766,right
606.288,-841,723,right
606.391,-839,723,right
606.489,-781,723,right
606.597,-764,713,right
606.697,-751,691,right
606.807,-800,570,right
606.899,-889,250,right
607.002,-891,231,right
607.087,-804,385,right
607.212,-800,408,right
607.303,-819,374,right
607.415,-875,349,right
607.506,-907,261,right
607.603,-908,261,right
607.698,-887,251,right
607.800,-891,252,right
607.912,-864,301,right
608.015,-867,308,right
608.114,-867,307,right
608.250,-887,274,right
609.429,-881,887,right
609.531,-882,879,right
609.633,-1108,612,right
609.735,-1279,396,right
609.841,-989,801,right
609.984,-994,826,right
610.033,-994,820,right
610.133,-1011,782,right
610.216,-1000,789,right
610.343,-1012,814,right
610.460,-1009,850,right
610.568,-996,907,right
610.647,-976,976,right
610.762,-992,985,right
610.847,-973,1002,right
610.968,-972,1008,right
611.058,-869,1127,right
611.163,-851,1142,right
611.268,-768,1264,right
611.389,-741,1269,right
611.470,-718,1138,right
611.594,-721,1112,right
611.711,-588,1259,right
611.833,-570,1328,right
611.905,-590,1272,right
611.996,-590,1284,right
612.082,-585,1284,right
612.188,-622,1245,right
612.270,-613,1249,right
612.380,-679,1091,right
612.454,-698,939,right
612.553,-699,930,right
612.646,-670,989,right
612.743,-696,922,right
612.833,-682,942,right
612.927,-697,923,right
613.022,-690,902,right
613.143,-760,851,right
613.236,-779,836,right
613.349,-792,817,right
613.450,-793,807,right
613.552,-800,788,right
613.779,-347,1165,right
613.916,-347,1163,right
614.018,-334,1189,right
614.132,-352,1211,right
614.232,-385,1195,right
614.340,-410,1185,right
614.435,-437,1166,right
614.540,-435,1166,right
614.632,-509,1013,right
614.731,-675,737,right
614.816,-707,687,right
614.931,-731,696,right
615.341,-233,1411,right
615.443,-237,1414,right
615.549,-253,1399,right
615.651,-259,1409,right
615.758,-276,1392,right
615.856,-281,1395,right
615.938,-292,1406,right
616.049,-296,1413,right
616.143,-296,1413,right
616.256,-296,1413,right
616.418,-303,1383,right
616.505,-455,1072,right
620.733,-1092,777,left
620.807,-1092,777,left
621.639,-1241,1293,left
621.719,-1241,1293,left
625.654,-184,1045,right
625.757,-183,1045,right
627.537,-1239,1263,left
627.626,-1239,1263,left
629.084,-582,210,left
629.194,-582,210,left
631.958,-367,1330,right
632.094,-366,1330,right
636.786,-1186,2005,left
636.923,-1185,2005,left
639.189,-1121,1878,left
639.315,-1125,1878,left
639.849,-1035,1763,left
639.947,-1035,1763,left
644.286,-386,984,right
644.351,-386,984,right
644.476,-386,985,right
644.561,-388,986,right
644.681,-397,988,right
644.774,-400,990,right
644.894,-382,999,right
644.978,-378,999,right
645.074,-323,1038,right
645.153,-323,1032,right
645.554,-287,1119,right
645.654,-294,1116,right
645.767,-333,1077,right
645.866,-392,974,right
645.956,-439,955,right
646.049,-496,916,right
646.142,-507,918,right
646.260,-506,919,right
647.144,-458,966,right
647.256,-516,920,right
647.324,-591,896,right
647.447,-622,864,right
647.556,-610,856,right
647.666,-512,832,right
647.756,-332,873,right
647.862,-326,879,right
647.951,-269,919,right
648.060,-253,938,right
648.165,-244,963,right
648.263,-272,998,right
649.086,-404,1252,right
649.182,-416,1259,right
649.280,-436,1261,right
649.384,-436,1266,right
649.492,-409,1275,right
649.587,-402,1275,right
649.819,-293,1284,right
649.911,-315,1322,right
650.017,-316,1343,right
650.110,-317,1350,right
650.598,-273,1328,right
650.722,-272,1328,right
650.861,-272,1323,right
650.946,-273,1313,right
651.064,-228,1286,right
651.162,-242,1255,right
651.280,-208,1243,right
651.403,-197,1242,right
651.485,-174,1241,right
651.595,-171,1245,right
652.163,-304,1258,right
652.257,-304,1258,right
652.769,-364,1109,right
652.862,-427,971,right
652.965,-440,969,right
653.078,-483,934,right
653.198,-499,934,right
653.323,-518,936,right
654.052,-354,934,right
654.152,-351,931,right
654.253,-320,923,right
654.356,-320,925,right
654.507,-287,966,right
654.600,-244,1016,right
655.329,-320,1197,right
655.449,-319,1196,right
655.556,-317,1185,right
655.645,-319,1177,right
656.176,-302,1212,right
656.310,-306,1224,right
656.366,-306,1224,right
656.481,-306,1224,right
657.461,-284,1491,right
657.561,-306,1523,right
657.656,-340,1556,right
657.756,-346,1589,right
658.457,-328,1067,right
658.545,-326,1067,right
659.764,-423,1109,right
659.845,-422,1112,right
659.950,-393,1156,right
660.023,-398,1155,right
660.127,-413,1154,right
660.218,-413,1154,right
662.055,-346,789,right
662.163,-346,789,right
662.261,-320,778,right
662.367,-319,782,right
662.795,-416,1052,right
662.879,-415,1053,right
663.051,-415,1058,right
663.160,-414,1063,right
665.629,-510,866,right
665.771,-544,856,right
666.055,-543,868,right
666.143,-543,868,right
667.225,-452,949,right
667.334,-487,900,right
667.427,-516,905,right
667.528,-561,878,right
667.624,-597,874,right
667.740,-628,885,right
667.954,-399,800,right
668.060,-374,793,right
668.167,-320,805,right
668.256,-265,826,right
668.368,-220,919,right
668.482,-222,925,right
669.650,-318,817,right
669.771,-386,702,right
669.860,-398,700,right
669.965,-441,708,right
670.073,-495,740,right
670.202,-522,747,right
670.307,-539,744,right
670.425,-595,746,right
670.947,-523,1180,right
671.042,-526,1186,right
671.284,-526,1066,right
671.396,-522,1053,right
671.487,-522,1055,right
671.570,-522,1055,right
673.039,-477,1281,right
673.130,-487,1255,right
673.238,-493,1219,right
673.318,-513,1165,right
674.137,-1085,864,left
674.244,-1085,864,left
674.484,-562,1214,right
674.591,-562,1214,right
674.716,-448,1230,right
674.821,-414,1259,right
674.982,-380,1329,right
675.084,-382,1338,right
675.241,-382,1348,right
675.328,-382,1348,right
676.782,-511,1157,right
676.899,-511,1159,right
677.027,-511,1159,right
677.166,-457,1223,right
677.855,-459,1225,right
677.970,-457,1224,right
678.931,-448,1210,right
679.040,-447,1210,right
679.983,-444,1313,right
680.093,-444,1313,right
681.295,-579,1202,right
681.422,-579,1197,right
681.530,-580,1191,right
681.638,-580,1190,right
682.531,-480,1175,right
682.653,-480,1176,right
683.451,-437,980,right
683.568,-453,930,right
683.659,-485,855,right
683.755,-495,755,right
683.847,-510,740,right
683.941,-544,734,right
684.042,-591,750,right
684.159,-607,735,right
685.231,-556,805,right
685.334,-565,717,right
685.458,-521,634,right
685.543,-478,559,right
685.644,-461,530,right
685.762,-469,480,right
685.876,-476,474,right
686.014,-486,444,right
686.137,-513,382,right
686.248,-545,55,right
686.347,-568,0,right
686.450,-576,0,right
687.492,-441,697,right
687.590,-435,548,right
687.689,-418,445,right
687.793,-384,164,right
687.896,-328,0,right
688.026,-318,0,right
688.602,-233,267,right
688.761,-233,267,right
691.281,-244,864,right
691.364,-243,869,right
691.496,-169,1795,right
691.603,-128,1978,right
691.678,-116,2047,right
691.780,-115,2046,right
691.867,-111,2036,right
691.967,-139,1935,right
692.086,-149,1963,right
692.198,-149,1953,right
692.665,-330,1644,right
692.732,-333,1650,right
692.836,-325,1737,right
692.938,-321,1787,right
693.588,-240,1649,right
693.697,-240,1651,right
694.511,-377,1853,right
694.643,-377,1851,right
696.802,-382,1487,right
696.922,-382,1492,right
698.622,-577,1188,right
698.729,-582,1198,right
699.028,-768,1593,right
699.138,-774,1609,right
699.248,-773,1622,right
699.346,-772,1617,right
699.456,-766,1605,right
699.560,-766,1605,right
699.679,-766,1605,right
699.778,-766,1605,right
699.891,-766,1605,right
700.003,-766,1605,right
700.126,-766,1605,right
700.221,-766,1605,right
700.344,-766,1605,right
700.453,-766,1605,right
700.610,-766,1605,right
700.724,-766,1605,right
703.117,-766,1604,right
703.289,-766,1604,right
711.749,-688,848,right
711.842,-713,577,right
711.930,-722,582,right
712.045,-733,475,right
712.661,-492,952,right
712.763,-493,952,right
712.857,-509,906,right
712.962,-541,879,right
713.050,-613,816,right
713.149,-723,660,right
713.222,-764,603,right
713.338,-810,579,right
713.407,-853,593,right
713.517,-900,658,right
713.640,-844,859,right
713.747,-852,1005,right
713.864,-800,1231,right
713.975,-783,1304,right
714.064,-714,1538,right
714.172,-712,1539,right
714.271,-708,1551,right
714.365,-717,1565,right
714.473,-716,1591,right
714.573,-716,1593,right
714.689,-710,1583,right
714.803,-702,1392,right
714.904,-749,1052,right
715.001,-839,749,right
715.093,-895,669,right
715.219,-923,668,right
715.776,-720,649,right
715.876,-712,616,right
715.966,-699,502,right
716.075,-705,420,right
716.155,-705,413,right
716.279,-719,338,right
716.383,-743,229,right
716.512,-743,226,right
716.641,-530,115,right
716.757,-443,0,right
717.333,-674,263,right
717.443,-676,251,right
718.067,-578,229,right
718.163,-583,244,right
718.358,-581,631,right
718.457,-586,626,right
718.558,-595,676,right
718.647,-617,710,right
718.768,-634,832,right
718.867,-635,815,right
719.013,-616,884,right
719.122,-606,960,right
719.229,-612,1126,right
719.338,-612,1132,right
719.464,-562,1191,right
719.543,-554,1144,right
719.672,-530,1111,right
719.779,-510,1090,right
719.867,-468,1008,right
719.967,-470,1014,right
720.073,-471,1018,right
720.175,-479,1038,right
720.291,-487,1047,right
720.398,-511,1011,right
720.496,-701,956,right
720.589,-757,894,right
720.689,-775,889,right
720.803,-767,952,right
720.886,-742,1082,right
721.008,-827,1094,right
721.102,-846,1052,right
721.229,-850,1020,right
721.343,-853,994,right
721.452,-870,927,right
721.540,-875,890,right
721.670,-879,840,right
721.762,-840,767,right
721.872,-816,680,right
721.980,-805,615,right
722.074,-798,600,right
722.176,-725,539,right
722.282,-694,485,right
722.382,-658,417,right
722.490,-657,417,right
722.591,-637,433,right
722.702,-638,446,right
722.869,-546,1041,right
722.989,-513,1252,right
723.094,-535,1396,right
723.191,-535,1418,right
723.288,-523,1508,right
723.384,-515,1518,right
723.493,-448,1483,right
723.618,-442,1480,right
723.688,-440,1476,right
723.803,-442,1488,right
723.892,-446,1512,right
723.996,-450,1519,right
724.114,-423,1513,right
724.213,-425,1529,right
724.302,-432,1558,right
724.416,-442,1590,right
724.555,-496,1407,right
724.649,-577,1142,right
724.750,-647,924,right
724.794,-649,948,right
724.973,-524,1417,right
725.092,-521,1420,right
725.207,-520,1425,right
725.305,-530,1373,right
725.401,-547,1226,right
725.503,-649,936,right
725.891,-670,790,right
725.982,-701,626,right
726.096,-680,615,right
726.217,-619,579,right
726.325,-533,543,right
726.429,-529,542,right
726.578,-517,569,right
726.705,-514,580,right
726.839,-517,571,right
726.952,-518,531,right
727.086,-523,528,right
727.216,-577,519,right
727.320,-638,504,right
727.427,-682,416,right
727.539,-769,448,right
727.656,-803,471,right
727.767,-810,442,right
727.881,-849,289,right
727.998,-865,224,right
728.108,-864,222,right
728.316,-596,0,right
728.412,-613,25,right
728.720,-636,495,right
728.825,-674,388,right
728.956,-668,367,right
729.029,-647,296,right
729.438,-478,742,right
729.535,-426,769,right
729.649,-378,845,right
729.744,-374,881,right
731.044,-410,1092,right
731.184,-617,949,right
731.264,-811,830,right
731.372,-862,805,right
731.464,-867,765,right
731.570,-870,711,right
731.696,-862,705,right
731.829,-862,704,right
732.014,-871,656,right
732.133,-878,603,right
732.213,-877,566,right
732.345,-893,537,right
733.079,-819,605,right
733.187,-807,634,right
733.314,-745,773,right
733.438,-737,810,right
733.559,-736,815,right
733.643,-634,651,right
733.721,-457,622,right
733.820,-445,503,right
733.934,-380,399,right
734.041,-379,337,right
734.151,-365,334,right
734.269,-364,334,right
734.430,-348,335,right
734.539,-347,301,right
734.633,-348,297,right
734.751,-442,222,right
734.872,-478,191,right
735.001,-361,2,right
735.090,-484,135,right
735.205,-712,191,right
735.306,-641,374,right
735.435,-610,782,right
735.532,-518,810,right
735.657,-529,914,right
735.732,-548,1077,right
735.856,-553,1079,right
735.979,-492,1196,right
736.107,-497,1192,right
736.192,-529,1177,right
736.333,-551,1125,right
736.425,-467,1000,right
736.614,-427,628,right
736.663,-415,626,right
736.777,-399,616,right
736.889,-375,536,right
736.982,-349,493,right
737.073,-336,488,right
737.185,-336,467,right
737.307,-339,456,right
737.441,-255,414,right
737.749,-314,648,right
737.867,-352,639,right
737.974,-305,607,right
738.087,-295,641,right
738.196,-265,932,right
738.311,-291,1020,right
738.425,-317,1031,right
738.525,-347,1083,right
738.629,-380,1336,right
738.735,-396,1346,right
738.824,-411,1742,right
738.947,-411,1774,right
739.124,-394,1891,right
739.228,-400,1916,right
739.305,-387,1932,right
739.395,-397,1932,right
739.689,-432,1916,right
739.820,-430,1916,right
740.132,-465,1766,right
740.236,-547,1710,right
740.320,-598,1704,right
740.429,-625,1681,right
740.547,-604,1685,right
740.674,-598,1706,right
740.801,-576,1806,right
740.917,-576,1806,right
741.344,-547,867,right
741.454,-605,736,right
741.538,-666,515,right
741.677,-712,486,right
741.761,-775,514,right
741.882,-792,530,right
742.046,-740,592,right
742.164,-735,590,right
742.269,-623,555,right
742.404,-511,552,right
742.513,-424,623,right
742.612,-413,695,right
742.712,-420,907,right
742.828,-434,887,right
743.299,-350,843,right
743.417,-349,852,right
743.559,-367,878,right
743.582,-367,878,right
743.779,-345,907,right
743.892,-347,905,right
744.005,-374,900,right
744.104,-516,832,right
744.214,-670,771,right
744.331,-752,699,right
744.423,-817,677,right
744.546,-825,675,right
744.655,-816,651,right
744.759,-816,655,right
744.863,-818,649,right
744.972,-821,639,right
745.076,-823,639,right
745.184,-828,637,right
745.329,-794,701,right
745.428,-745,713,right
745.589,-617,868,right
745.745,-622,925,right
745.857,-657,1038,right
745.959,-661,1034,right
746.083,-673,1019,right
746.196,-679,986,right
746.318,-689,942,right
746.419,-733,636,right
746.503,-758,451,right
746.627,-771,397,right
746.735,-782,389,right
746.840,-782,391,right
746.978,-729,471,right
747.089,-644,540,right
747.186,-532,576,right
747.288,-466,627,right
747.392,-384,1110,right
747.502,-371,1221,right
747.879,-262,1464,right
747.991,-266,1462,right
748.075,-277,1461,right
748.187,-309,1412,right
748.268,-318,1395,right
748.372,-347,1395,right
748.490,-346,1387,right
748.590,-343,1388,right
748.680,-325,1379,right
748.790,-311,1406,right
748.849,-307,1423,right
749.002,-352,1377,right
749.057,-352,1376,right
749.197,-358,1351,right
749.241,-356,1345,right
749.339,-357,1344,right
749.409,-353,1323,right
749.507,-359,1307,right
749.599,-356,1296,right
749.699,-367,1106,right
749.778,-365,1116,right
749.921,-375,1125,right
749.995,-379,1118,right
750.115,-378,1116,right
750.215,-379,1114,right
750.320,-378,1119,right
750.436,-377,1125,right
750.539,-377,1125,right
750.752,-377,1125,right
750.839,-378,1124,right
750.949,-380,1124,right
751.056,-412,1102,right
751.156,-437,1092,right
751.246,-460,1052,right
751.331,-469,1040,right
751.426,-537,821,right
751.518,-548,726,right
751.627,-601,613,right
751.721,-616,604,right
751.824,-651,583,right
751.920,-653,582,right
752.045,-662,543,right
752.137,-671,516,right
752.265,-685,489,right
752.357,-693,467,right
752.476,-714,389,right
752.564,-727,362,right
752.682,-757,302,right
752.800,-713,242,right
752.914,-660,218,right
753.014,-510,48,right
753.132,-565,0,right
753.426,-521,439,right
753.525,-514,452,right
753.671,-491,446,right
753.782,-490,444,right
753.935,-431,446,right
754.039,-430,447,right
755.052,-1092,1011,left
755.131,-1092,1013,left
755.401,-649,625,right
755.497,-631,452,right
755.618,-636,384,right
755.734,-604,22,right
755.843,-592,0,right
755.943,-575,6,right
756.041,-451,98,right
756.148,-440,189,right
756.287,-367,413,right
756.418,-365,370,right
756.940,-254,130,right
757.057,-254,131,right
757.665,-378,375,right
757.753,-395,318,right
757.858,-398,301,right
757.961,-400,294,right
758.075,-422,217,right
758.185,-438,173,right
758.297,-437,165,right
758.426,-437,160,right
758.536,-434,154,right
758.672,-439,134,right
758.799,-439,134,right
758.934,-439,134,right
765.894,-665,638,right
765.985,-650,663,right
766.097,-638,517,right
766.204,-620,487,right
766.289,-620,488,right
766.399,-619,492,right
766.501,-618,496,right
766.625,-618,500,right
766.830,-619,499,right
766.928,-651,466,right
767.022,-667,458,right
767.136,-715,378,right
767.450,-1167,105,right
767.549,-1106,177,right
767.941,-1031,0,right
768.058,-1034,0,right
768.946,-902,522,right
769.051,-957,500,right
769.186,-980,508,right
769.255,-1002,513,right
769.850,-635,472,right
769.956,-635,471,right
770.055,-635,472,right
770.192,-637,473,right
770.325,-640,474,right
770.457,-657,470,right
770.596,-663,474,right
770.712,-672,467,right
771.498,-906,389,right
771.599,-923,382,right
771.721,-1160,198,right
771.833,-1279,0,right
772.603,-859,420,right
772.698,-865,416,right
773.459,-965,559,right
773.508,-966,560,right
773.632,-972,578,right
773.727,-977,585,right
773.823,-1005,601,right
773.953,-1025,603,right
774.055,-1042,608,right
774.198,-1057,604,right
774.660,-1071,597,right
774.771,-1074,594,right
775.212,-836,694,right
775.339,-851,685,right
775.439,-877,680,right
775.597,-935,667,right
775.789,-1030,757,right
775.917,-1069,750,right
776.695,-889,841,right
776.800,-906,827,right
776.891,-922,819,right
777.000,-986,797,right
778.455,-978,655,right
778.541,-1002,664,right
778.657,-1017,672,right
778.737,-1019,676,right
778.838,-1026,697,right
778.927,-1041,695,right
787.902,-1259,1278,left
788.037,-1258,1278,left
789.712,-367,1168,right
789.845,-367,1168,right
796.696,-1141,1925,right
796.837,-1141,1926,right
802.410,-1137,1846,right
802.525,-1138,1851,right
802.874,-1144,1866,left
802.962,-1144,1866,left
803.955,-1164,1954,left
804.080,-1164,1956,left
810.771,-734,1107,right
810.875,-729,1085,right
810.958,-713,1044,right
811.051,-712,1034,right
811.130,-699,1031,right
811.238,-706,1017,right
811.311,-679,1022,right
811.425,-673,1029,right
811.511,-663,1069,right
811.623,-666,1073,right
811.698,-667,1073,right
811.795,-670,1056,right
811.897,-640,1086,right
812.017,-663,1266,right
812.062,-648,1331,right
812.182,-655,1337,right
812.265,-632,1350,right
812.384,-624,1351,right
812.455,-619,1350,right
812.576,-631,1347,right
812.654,-631,1344,right
812.756,-661,1324,right
812.849,-648,1192,right
812.971,-658,1037,right
813.024,-676,956,right
813.142,-756,904,right
813.240,-726,1212,right
813.375,-690,1363,right
813.429,-695,1270,right
813.547,-715,1263,right
813.635,-794,1241,right
813.720,-761,1259,right
813.800,-710,1281,right
813.918,-711,1262,right
813.980,-711,1261,right
814.086,-727,1261,right
814.163,-722,1235,right
814.285,-740,1243,right
814.373,-729,1252,right
814.461,-723,1270,right
814.540,-680,1384,right
814.640,-702,1373,right
814.738,-689,1427,right
814.830,-673,1480,right
814.911,-567,1485,right
815.052,-579,1489,right
815.128,-540,1447,right
815.242,-538,1449,right
815.330,-391,1449,right
815.450,-387,1449,right
815.532,-308,1428,right
815.651,-305,1389,right
815.762,-54,1345,right
815.831,-40,1345,right
815.910,-54,1348,right
815.986,-194,1344,right
816.066,-128,1344,right
816.181,-81,1345,right
816.472,-170,1336,right
816.577,-173,1309,right
816.666,-167,1293,right
816.784,-178,1289,right
816.881,-178,1277,right
816.979,-182,1277,right
817.082,-193,1256,right
817.190,-324,1183,right
817.270,-591,1056,right
817.382,-724,944,right
817.461,-662,861,right
817.573,-645,863,right
817.659,-555,865,right
817.773,-511,871,right
817.854,-473,847,right
817.971,-505,819,right
818.053,-499,809,right
818.152,-492,655,right
818.234,-437,531,right
818.337,-442,492,right
818.462,-180,548,right
818.570,-175,551,right
818.667,-92,575,right
818.785,-36,580,right
818.885,-0,612,right
819.002,-2,613,right
819.253,-325,744,right
819.352,-305,738,right
819.436,-260,710,right
819.546,-349,710,right
819.658,-393,728,right
819.779,-392,730,right
823.063,-1255,1275,left
823.129,-1255,1275,left
828.250,-1247,1291,left
828.357,-1249,1291,left
838.621,-1235,1366,left
838.716,-1234,1366,left
840.453,-1275,1349,left
840.535,-1275,1349,left
840.747,-1268,1349,left
840.847,-1268,1349,left
843.424,-115,1551,right
843.520,-115,1551,right
846.366,-1148,1845,right
846.493,-1148,1845,right
851.160,-1020,1780,left
851.286,-1020,1779,left
853.545,-604,682,right
853.637,-637,585,right
853.741,-638,581,right
853.820,-637,581,right
853.905,-637,583,right
854.006,-637,583,right
855.133,-1194,1833,left
855.255,-1193,1831,left
855.593,-516,651,right
855.713,-381,444,right
855.776,-381,434,right
855.928,-418,367,right
857.679,-530,568,right
857.763,-530,575,right
857.894,-418,685,right
857.981,-407,684,right
858.085,-400,688,right
858.194,-400,689,right
858.603,-428,638,right
858.694,-492,628,right
858.803,-548,550,right
858.900,-561,501,right
859.009,-593,488,right
859.108,-613,507,right
859.253,-629,680,right
859.369,-686,757,right
859.481,-745,872,right
859.559,-748,880,right
859.669,-752,1080,right
859.766,-754,1086,right
860.107,-764,1144,right
860.209,-764,1135,right
860.317,-786,1184,right
860.442,-794,1189,right
860.546,-800,1225,right
860.658,-803,1237,right
860.764,-804,1378,right
860.866,-805,1385,right
860.971,-804,1430,right
861.085,-810,1451,right
862.248,-595,881,right
862.350,-595,886,right
862.450,-582,957,right
862.549,-599,998,right
862.630,-603,1013,right
862.750,-354,1255,right
863.554,-508,1585,right
863.647,-573,1493,right
863.748,-532,1436,right
863.827,-536,1375,right
863.932,-498,1208,right
864.052,-451,1117,right
864.140,-386,1118,right
864.241,-367,1118,right
864.374,-358,1166,right
864.469,-358,1171,right
864.571,-355,1170,right
864.673,-337,1171,right
864.762,-353,1167,right
864.894,-358,1194,right
864.980,-350,1219,right
865.084,-353,1226,right
865.188,-396,1245,right
865.295,-511,1260,right
865.380,-629,1256,right
865.487,-746,1264,right
865.590,-773,1286,right
865.691,-769,1293,right
865.799,-739,1382,right
865.895,-738,1381,right
865.994,-639,1464,right
866.108,-638,1464,right
866.214,-623,1462,right
866.261,-629,1455,right
866.461,-494,1583,right
866.559,-496,1592,right
866.686,-496,1581,right
866.786,-512,1561,right
866.895,-545,1466,right
867.013,-611,1247,right
867.096,-642,1184,right
867.206,-680,1129,right
867.289,-764,1143,right
867.423,-802,1188,right
867.514,-794,1248,right
867.606,-793,1247,right
869.241,-592,1451,right
869.342,-704,1224,right
869.411,-755,1109,right
869.524,-780,964,right
869.605,-738,940,right
869.707,-727,938,right
869.811,-635,962,right
869.924,-641,954,right
870.016,-638,973,right
870.134,-637,971,right
872.092,-484,1216,right
872.195,-495,1174,right
872.289,-492,1160,right
872.397,-494,1170,right
874.097,-574,1178,right
874.196,-660,1163,right
874.306,-637,1191,right
874.383,-559,1195,right
874.561,-421,1229,right
874.686,-421,1230,right
874.998,-537,1125,right
875.110,-537,1125,right
875.953,-386,1204,right
876.238,-536,820,right
876.779,-386,1336,right
876.922,-461,1326,right
877.034,-462,1320,right
877.139,-465,1318,right
877.521,-285,1360,right
877.608,-279,1362,right
877.732,-246,1410,right
877.802,-257,1434,right
877.907,-248,1491,right
878.017,-249,1493,right
880.366,-637,1380,right
880.473,-646,1382,right
880.569,-741,1315,right
880.663,-784,1269,right
880.749,-806,1207,right
880.855,-863,1066,right
880.958,-881,1043,right
881.078,-892,1044,right
881.454,-668,987,right
881.560,-663,996,right
881.654,-653,1042,right
881.773,-700,998,right
881.903,-688,740,right
882.012,-627,805,right
882.119,-465,987,right
882.240,-333,1115,right
882.313,-245,1448,right
882.436,-247,1514,right
882.521,-249,1583,right
882.635,-248,1593,right
882.721,-234,1719,right
882.826,-239,1737,right
883.995,-519,1446,right
884.102,-519,1445,right
884.198,-519,1445,right
884.312,-523,1439,right
884.961,-28,1381,right
885.082,-0,1258,right
885.146,-2,1258,right
885.255,-51,1287,right
885.595,-86,1591,right
885.719,-79,1587,right
886.847,-284,1135,right
886.947,-355,1051,right
888.226,-408,1097,right
888.345,-417,1091,right
888.908,-572,921,right
888.998,-573,922,right
889.822,-176,1496,right
889.906,-164,1540,right
890.014,-128,1610,right
890.110,-84,1673,right
890.829,-535,1140,right
890.925,-593,1045,right
891.011,-809,647,right
891.095,-927,477,right
891.185,-991,481,right
891.337,-1279,161,right
892.153,-417,1034,right
892.264,-417,1032,right
893.432,-876,497,right
893.558,-885,509,right
893.628,-941,499,right
893.723,-948,474,right
896.192,-544,719,right
896.292,-545,720,right
896.383,-545,720,right
896.473,-565,705,right
896.581,-572,707,right
896.705,-587,708,right
897.552,-853,261,right
897.657,-739,255,right
897.742,-787,87,right
897.850,-844,0,right
897.945,-908,0,right
898.024,-1031,0,right
898.503,-422,666,right
898.609,-400,673,right
898.713,-286,663,right
898.828,-247,668,right
898.923,-258,660,right
899.055,-382,582,right
899.183,-430,561,right
899.303,-442,540,right
899.390,-612,363,right
899.485,-692,322,right
899.590,-713,322,right
899.705,-741,290,right
900.311,-1279,172,right
900.358,-1279,93,right
900.867,-753,480,right
900.962,-752,481,right
903.444,-0,379,right
903.555,-1,384,right
903.767,-287,149,right
903.866,-379,13,right
903.943,-403,0,right
904.063,-575,0,right
904.188,-591,136,right
904.283,-643,188,right
904.362,-644,169,right
904.456,-648,151,right
908.736,-323,242,right
908.821,-368,133,right
908.906,-381,58,right
909.011,-395,23,right
909.173,-451,351,right
909.257,-456,363,right
909.340,-452,385,right
909.437,-490,331,right
909.507,-491,336,right
909.608,-518,327,right
909.690,-514,327,right
909.772,-532,273,right
910.582,-917,42,right
910.745,-1143,36,right
910.782,-1134,27,right
910.920,-1279,125,right
911.513,-453,408,right
911.640,-515,407,right
911.748,-508,378,right
911.835,-554,429,right
911.944,-622,549,right
912.052,-696,584,right
912.133,-725,567,right
912.246,-739,560,right
912.330,-743,554,right
912.438,-758,550,right
912.516,-759,547,right
912.644,-715,539,right
913.927,-941,353,right
914.021,-954,352,right
914.108,-997,345,right
914.202,-1048,308,right
914.292,-1102,192,right
914.407,-1279,0,right
914.556,-1030,316,right
914.652,-1029,335,right
914.733,-1028,335,right
914.840,-1042,338,right
914.978,-1056,328,right
915.101,-1072,319,right
915.689,-1146,792,right
915.796,-1117,876,right
915.905,-1004,1009,right
916.006,-921,1156,right
916.081,-914,1393,right
916.211,-997,1547,right
916.792,-879,1518,right
916.879,-880,1495,right
916.980,-881,1490,right
917.067,-902,1478,right
917.185,-916,1477,right
917.259,-893,1487,right
918.752,-600,661,right
918.862,-732,615,right
918.941,-721,609,right
919.053,-746,618,right
919.146,-760,633,right
919.285,-786,630,right
919.829,-740,1091,right
919.932,-851,1013,right
920.023,-904,999,right
920.124,-924,980,right
920.251,-924,980,right
920.370,-936,961,right
920.722,-840,956,right
920.827,-826,960,right
920.929,-796,973,right
921.042,-783,980,right
921.139,-683,1045,right
921.254,-682,1050,right
921.406,-695,1072,right
921.514,-719,1051,right
921.665,-714,1077,right
921.775,-715,1084,right
921.890,-715,1100,right
922.006,-716,1102,right
922.162,-677,1203,right
922.260,-677,1202,right
922.418,-635,1158,right
922.535,-634,1143,right
922.660,-639,1140,right
922.753,-639,1088,right
922.870,-632,986,right
922.991,-636,872,right
923.080,-632,861,right
923.192,-632,857,right
923.298,-548,900,right
923.403,-514,911,right
923.562,-317,959,right
923.688,-321,956,right
923.772,-333,956,right
923.879,-344,950,right
924.247,-527,998,right
924.361,-762,1018,right
924.439,-810,1046,right
924.542,-834,1098,right
924.627,-820,1194,right
924.727,-826,1202,right
924.798,-822,1196,right
924.923,-843,1185,right
925.009,-845,1178,right
925.127,-825,1225,right
925.238,-661,1454,right
925.357,-648,1450,right
925.461,-663,1431,right
925.564,-689,1412,right
925.678,-610,1451,right
925.800,-618,1434,right
926.038,-668,1206,right
926.134,-798,1009,right
926.231,-807,964,right
926.335,-820,819,right
926.434,-788,768,right
926.532,-782,758,right
926.648,-624,798,right
926.761,-566,831,right
926.850,-475,882,right
926.951,-469,875,right
927.039,-465,869,right
927.122,-487,845,right
927.228,-489,846,right
927.318,-492,842,right
927.425,-481,846,right
927.523,-480,846,right
927.625,-379,880,right
927.738,-389,861,right
927.849,-400,859,right
927.949,-423,836,right
928.052,-433,826,right
928.157,-485,720,right
928.234,-545,673,right
928.341,-698,519,right
928.433,-755,495,right
928.555,-834,466,right
928.642,-847,477,right
928.759,-882,469,right
928.865,-955,591,right
928.981,-961,607,right
929.090,-913,754,right
929.212,-981,591,right
929.324,-966,644,right
929.438,-859,797,right
929.525,-790,966,right
929.625,-783,940,right
929.745,-634,883,right
929.848,-613,873,right
929.946,-562,878,right
930.053,-565,874,right
930.359,-588,837,right
930.458,-636,765,right
930.565,-598,578,right
930.663,-619,414,right
930.781,-601,462,right
930.890,-593,465,right
931.005,-444,571,right
931.108,-377,640,right
931.212,-296,779,right
931.324,-301,792,right
931.414,-293,862,right
931.511,-297,880,right
931.618,-279,1000,right
931.732,-236,1116,right
931.982,-95,1550,right
932.103,-118,1515,right
932.190,-296,1213,right
932.290,-471,806,right
932.386,-610,549,right
932.475,-684,432,right
932.563,-725,370,right
932.676,-725,370,right
932.804,-741,396,right
932.906,-748,382,right
933.285,-756,620,right
933.394,-754,619,right
933.521,-749,596,right
933.615,-745,606,right
933.757,-527,765,right
933.885,-463,776,right
934.255,-1167,934,right
934.360,-945,877,right
934.439,-874,972,right
934.554,-897,1016,right
934.639,-908,1092,right
934.738,-926,1112,right
934.828,-958,1278,right
934.917,-962,1288,right
935.018,-972,1540,right
935.134,-1000,1534,right
935.221,-986,1574,right
935.326,-994,1566,right
935.546,-930,1662,right
935.656,-929,1657,right
936.895,-573,1447,right
937.025,-626,1389,right
937.401,-607,1491,right
937.496,-606,1480,right
937.605,-608,1528,right
937.675,-613,1543,right
937.764,-590,1702,right
937.884,-635,1684,right
937.995,-572,1669,right
938.099,-571,1664,right
938.187,-563,1657,right
938.284,-602,1603,right
938.383,-587,1630,right
938.472,-549,1649,right
938.553,-485,1690,right
938.659,-511,1660,right
938.730,-561,1634,right
938.854,-586,1586,right
938.936,-608,1554,right
939.042,-670,1488,right
939.125,-698,1484,right
939.236,-716,1470,right
939.309,-766,1491,right
939.426,-876,1505,right
939.500,-903,1500,right
939.592,-953,1467,right
939.683,-939,1488,right
939.792,-957,1520,right
939.890,-1006,1518,right
940.001,-1017,1475,right
940.140,-1042,1295,right
940.243,-1037,1292,right
940.339,-1002,1283,right
940.426,-852,1369,right
940.548,-476,1758,right
940.684,-467,1751,right
940.755,-401,1770,right
940.844,-410,1775,right
940.940,-392,1775,right
941.046,-389,1780,right
941.121,-380,1781,right
941.227,-392,1757,right
941.328,-392,1758,right
941.431,-391,1768,right
941.613,-473,1692,right
941.773,-699,1462,right
941.839,-725,1434,right
941.951,-790,1478,right
942.072,-770,1589,right
942.160,-684,1585,right
942.256,-470,1579,right
942.356,-431,1618,right
942.450,-319,1751,right
942.579,-320,1735,right
942.666,-311,1780,right
942.803,-328,1778,right
942.896,-309,1807,right
943.023,-316,1790,right
943.153,-426,1596,right
943.278,-492,1462,right
943.370,-597,1395,right
943.479,-674,1287,right
943.576,-707,1312,right
943.679,-740,1271,right
943.779,-798,1286,right
943.877,-839,1249,right
943.961,-845,1203,right
944.068,-857,1135,right
944.159,-870,1107,right
944.253,-898,1061,right
944.342,-924,950,right
944.440,-938,890,right
944.533,-937,892,right
944.633,-952,843,right
944.728,-951,826,right
944.812,-959,747,right
948.158,-1078,868,left
948.238,-1078,868,left
949.041,-1260,1326,left
949.131,-1260,1327,left
974.558,-929,1617,right
974.675,-899,1403,right
974.749,-987,1109,right
974.851,-1008,1033,right
976.071,-526,1425,right
976.188,-569,1381,right
976.272,-642,1282,right
976.364,-670,1226,right
976.454,-670,1325,right
976.549,-686,1332,right
976.631,-695,1335,right
976.762,-713,1355,right
977.870,-924,1046,right
977.970,-924,1046,right
978.056,-929,1046,right
978.149,-947,1045,right
978.766,-760,1483,right
978.893,-904,1457,right
978.975,-954,1429,right
979.059,-957,1442,right
979.168,-884,1570,right
979.275,-858,1591,right
979.360,-801,1679,right
979.458,-787,1657,right
979.564,-704,1662,right
979.681,-674,1674,right
979.794,-490,1722,right
979.891,-483,1747,right
979.961,-423,1855,right
980.128,-558,1878,right
980.151,-548,1882,right
980.254,-520,1918,right
980.307,-509,1938,right
980.420,-520,1937,right
980.512,-495,2047,right
980.631,-524,2033,right
980.716,-522,2027,right
980.829,-523,2000,right
980.902,-514,2020,right
981.021,-555,2015,right
981.098,-560,2011,right
981.211,-560,2020,right
981.301,-565,2047,right
981.410,-591,2043,right
981.937,-949,0,right
982.037,-901,74,right
982.138,-787,601,right
982.241,-818,929,right
982.339,-740,1196,right
982.457,-717,1384,right
982.553,-678,1429,right
982.651,-647,1471,right
982.764,-593,1546,right
982.874,-585,1622,right
982.928,-602,1742,right
983.077,-681,1774,right
983.155,-760,1888,right
983.272,-767,1876,right
983.397,-728,1916,right
983.511,-725,1968,right
983.658,-704,1945,right
983.748,-825,1760,right
983.858,-723,1237,right
983.972,-687,879,right
984.065,-712,843,right
984.163,-718,787,right
984.258,-665,583,right
984.368,-674,495,right
984.464,-662,453,right
984.575,-680,406,right
984.683,-671,404,right
984.823,-618,206,right
985.317,-420,718,right
985.421,-409,714,right
985.530,-399,744,right
985.642,-449,823,right
985.805,-421,976,right
985.852,-420,999,right
985.949,-425,1151,right
986.063,-417,1054,right
986.890,-581,1101,right
986.982,-605,1064,right
987.098,-643,992,right
987.197,-638,976,right
987.433,-636,968,right
987.471,-636,968,right
987.833,-630,1158,right
987.963,-675,1411,right
988.078,-727,1576,right
988.153,-733,1600,right
988.266,-743,1655,right
988.356,-747,1671,right
989.710,-614,980,right
989.809,-613,987,right
989.970,-614,1000,right
990.073,-614,1000,right
990.825,-592,1165,right
990.921,-592,1165,right
991.368,-665,1115,right
991.465,-669,1112,right
991.630,-690,945,right
991.756,-695,927,right
992.919,-659,1168,right
993.036,-660,1168,right
993.148,-660,1292,right
993.268,-688,1302,right
993.538,-843,1343,right
993.647,-858,1357,right
993.749,-854,1349,right
993.833,-852,1338,right
993.956,-801,1267,right
994.056,-805,1254,right
994.154,-805,1253,right
994.258,-821,1238,right
994.361,-821,1239,right
994.468,-821,1239,right
994.587,-822,1239,right
994.700,-823,1240,right
995.118,-847,1570,right
995.216,-843,1652,right
995.324,-884,1717,right
995.414,-810,1769,right
995.501,-706,1986,right
995.622,-614,2047,right
995.956,-627,1221,right
996.069,-774,1018,right
996.163,-734,1032,right
996.259,-803,1060,right
996.366,-832,1128,right
996.458,-831,1131,right
996.555,-806,1137,right
996.672,-819,1117,right
996.789,-927,1048,right
996.894,-1014,960,right
996.990,-999,955,right
997.098,-965,1006,right
999.128,-514,1127,right
999.200,-531,1160,right
999.285,-493,1295,right
999.396,-581,1222,right
999.482,-534,1255,right
999.583,-527,1322,right
999.673,-538,1307,right
999.752,-544,1276,right
999.841,-533,1266,right
999.940,-536,1265,right
1000.025,-541,1254,right
1000.131,-571,1236,right
1000.209,-564,1238,right
1000.312,-563,1234,right
1000.399,-549,1229,right
1000.514,-549,1232,right
1000.592,-567,1230,right
1000.712,-698,1117,right
1000.782,-695,1106,right
1000.884,-707,1102,right
1000.979,-706,1102,right
1001.102,-745,1108,right
1001.172,-751,1123,right
1001.282,-802,1065,right
1001.358,-797,1093,right
1001.466,-814,1081,right
1014.067,-1239,1286,left
1014.180,-1240,1293,left
1021.939,-265,1167,right
1022.064,-265,1167,right
1023.885,-265,1167,right
1024.005,-265,1167,right
1034.026,-1243,1803,right
1034.138,-1243,1802,right
1036.292,-741,769,right
1036.416,-744,778,right
1036.513,-750,852,right
1036.613,-749,870,right
1036.725,-697,1109,right
1036.838,-697,1113,right
1036.958,-696,1121,right
1037.112,-698,1118,right
1037.495,-785,1013,right
1037.586,-802,993,right
1037.684,-804,987,right
1037.780,-804,987,right
1037.890,-781,1007,right
1038.002,-777,1010,right
1038.107,-729,1091,right
1038.209,-729,1097,right
1038.321,-728,1164,right
1038.431,-736,1168,right
1038.559,-685,1225,right
1038.669,-635,1282,right
1038.773,-588,1408,right
1038.878,-589,1408,right
1040.596,-436,1657,right
1040.679,-477,1536,right
1040.778,-492,1586,right
1040.873,-523,1516,right
1040.965,-517,1507,right
1041.061,-523,1501,right
1041.152,-474,1656,right
1041.260,-507,1706,right
1041.335,-583,1614,right
1041.441,-588,1615,right
1041.517,-536,1685,right
1041.611,-539,1636,right
1041.711,-546,1628,right
1041.814,-541,1649,right
1041.893,-512,1746,right
1042.013,-521,1744,right
1042.056,-519,1736,right
1042.235,-514,1748,right
1042.273,-512,1748,right
1042.394,-514,1747,right
1042.483,-511,1715,right
1042.880,-513,1679,right
1064.800,-1021,1767,left
1064.927,-1021,1767,left
1075.499,-1178,1804,left
1075.582,-1182,1797,left
1078.083,-540,873,right
1078.174,-670,757,right
1078.251,-673,757,right
1078.342,-702,738,right
1078.445,-758,702,right
1078.565,-778,682,right
1078.713,-800,664,right
1078.771,-821,647,right
1079.634,-510,1676,right
1079.743,-853,1720,right
1079.857,-955,1723,right
1079.936,-1039,1692,right
1080.052,-1045,1724,right
1080.169,-1068,1746,right
1080.291,-1057,1750,right
1080.541,-1061,1757,right
1080.627,-1050,1773,right
1080.747,-1051,1762,right
1081.169,-1049,1762,left
1081.269,-1049,1762,left
1082.070,-974,1229,right
1082.154,-974,1229,right
1082.251,-964,1221,right
1082.348,-954,1213,right
1082.443,-919,1185,right
1082.562,-919,1185,right
1082.642,-916,1178,right
1082.767,-917,1179,right
1082.863,-912,1166,right
1082.978,-911,1166,right
1083.077,-910,1162,right
1083.180,-910,1162,right
1083.281,-898,1152,right
1083.414,-898,1152,right
1084.193,-786,1185,right
1084.284,-775,1188,right
1084.383,-736,1179,right
1084.488,-705,1168,right
1084.593,-581,1104,right
1084.723,-572,1028,right
1084.809,-570,960,right
1084.928,-582,951,right
1085.023,-600,891,right
1085.162,-606,849,right
1085.229,-608,849,right
1085.361,-608,849,right
1085.441,-608,849,right
1085.567,-635,810,right
1085.660,-666,789,right
1085.775,-684,756,right
1085.919,-698,773,right
1086.035,-700,773,right
1086.712,-1086,878,left
1086.792,-1086,878,left
1087.592,-611,767,right
1087.671,-610,766,right
1087.782,-597,779,right
1087.860,-597,779,right
1088.172,-552,792,right
1088.251,-552,792,right
1088.392,-551,808,right
1088.486,-551,808,right
1088.595,-551,808,right
1088.703,-552,812,right
1088.805,-552,812,right
1088.919,-552,812,right
1089.045,-551,838,right
1089.133,-560,856,right
1089.238,-561,859,right
1089.352,-562,865,right
1089.581,-570,657,right
1089.684,-577,626,right
1089.792,-577,624,right
1089.908,-577,624,right
1090.901,-488,801,right
1090.985,-486,805,right
1091.089,-462,869,right
1091.197,-461,872,right
1091.292,-439,906,right
1091.402,-448,902,right
1091.564,-468,942,right
1091.696,-497,979,right
1094.898,-385,1076,right
1094.996,-423,1057,right
1095.090,-425,1065,right
1095.198,-428,1082,right
1095.314,-379,1080,right
1095.440,-374,1078,right
1095.544,-321,1092,right
1095.664,-316,1092,right
1095.750,-307,1092,right
1095.871,-307,1092,right
1096.036,-318,1095,right
1096.093,-344,1108,right
1096.186,-365,1142,right
1096.308,-378,1159,right
1096.410,-390,1180,right
1096.513,-390,1188,right
1096.721,-379,1086,right
1096.837,-379,1086,right
1096.949,-379,1085,right
1097.018,-379,1085,right
1097.329,-285,1084,right
1097.430,-285,1083,right
1098.731,-305,1050,right
1098.805,-305,1052,right
1100.105,-386,1031,right
1100.207,-370,1033,right
1100.311,-370,1039,right
1100.422,-360,1042,right
1101.187,-358,1094,right
1101.289,-358,1094,right
1101.823,-274,1261,right
1101.924,-276,1271,right
1102.496,-292,1541,right
1102.598,-305,1556,right
1103.640,-240,1365,right
1103.748,-239,1365,right
1104.577,-230,1870,right
1104.718,-231,1879,right
1107.058,-283,1185,right
1107.186,-284,1191,right
1108.208,-417,1302,right
1108.327,-517,1279,right
1108.410,-537,1267,right
1108.505,-557,1249,right
1108.608,-572,1268,right
1108.741,-574,1280,right
1108.810,-582,1253,right
1108.922,-602,1213,right
1109.001,-604,1208,right
1109.100,-616,1201,right
1109.201,-622,1211,right
1109.309,-622,1210,right
1109.436,-619,1078,right
1109.537,-622,924,right
1109.626,-603,863,right
1109.732,-547,766,right
1109.829,-476,729,right
1109.938,-448,761,right
1110.055,-340,959,right
1110.169,-357,1007,right
1110.423,-458,1414,right
1110.573,-497,1444,right
1110.633,-497,1432,right
1110.759,-509,1423,right
1110.847,-567,1346,right
1110.965,-564,1349,right
1111.042,-536,1408,right
1111.160,-536,1405,right
1111.242,-518,1400,right
1111.528,-513,1382,right
1111.641,-513,1381,right
1111.742,-513,1380,right
1111.852,-513,1380,right
1111.948,-512,1380,right
1112.069,-448,1365,right
1112.170,-447,1366,right
1112.268,-409,1417,right
1112.373,-410,1428,right
1112.469,-430,1472,right
1112.596,-467,1516,right
1112.698,-485,1533,right
1112.812,-485,1525,right
1112.925,-486,1518,right
1113.049,-484,1514,right
1113.180,-485,1508,right
1113.308,-485,1495,right
1113.403,-473,1497,right
1113.519,-476,1498,right
1113.636,-479,1492,right
1113.726,-479,1491,right
1113.826,-476,1478,right
1113.939,-476,1469,right
1114.032,-462,1476,right
1114.151,-466,1477,right
1114.259,-467,1477,right
1114.358,-468,1483,right
1114.457,-477,1507,right
1114.570,-478,1517,right
1114.676,-471,1511,right
1114.786,-470,1509,right
1114.898,-465,1507,right
1115.008,-464,1491,right
1115.167,-438,1505,right
1115.274,-428,1504,right
1115.382,-403,1516,right
1115.484,-401,1518,right
1115.577,-401,1518,right
1115.686,-401,1517,right
1115.792,-401,1517,right
1115.894,-401,1517,right
1116.461,-410,1427,right
1116.562,-457,1320,right
1116.660,-463,1295,right
1116.763,-502,1171,right
1116.852,-529,1134,right
1116.946,-561,998,right
1117.111,-515,853,right
1117.249,-481,769,right
1117.345,-442,693,right
1117.454,-439,673,right
1117.537,-439,671,right
1117.651,-439,672,right
1117.747,-441,671,right
1117.858,-441,672,right
1117.961,-443,671,right
1118.074,-449,664,right
1118.220,-452,674,right
1118.304,-450,672,right
1118.480,-253,849,right
1118.578,-226,855,right
1118.661,-242,876,right
1118.777,-277,859,right
1118.891,-298,862,right
1119.022,-464,865,right
1119.108,-482,866,right
1119.195,-483,878,right
1119.300,-413,897,right
1119.397,-416,904,right
1119.989,-410,1027,right
1120.105,-410,1026,right
1120.202,-419,994,right
1120.309,-429,972,right
1120.398,-416,937,right
1120.518,-412,919,right
1120.649,-414,918,right
1120.757,-414,920,right
1121.245,-364,900,right
1121.343,-364,884,right
1121.447,-367,887,right
1121.537,-368,891,right
1121.812,-340,741,right
1121.916,-380,510,right
1121.999,-430,520,right
1122.116,-546,478,right
1122.188,-602,456,right
1122.311,-637,440,right
1122.408,-646,429,right
1122.510,-665,402,right
1122.823,-587,493,right
1122.945,-645,353,right
1123.033,-692,364,right
1123.110,-760,374,right
1123.887,-589,727,right
1123.994,-603,675,right
1124.064,-601,654,right
1124.181,-746,374,right
1124.252,-742,318,right
1124.360,-716,384,right
1124.854,-588,874,right
1124.991,-590,865,right
1125.070,-595,851,right
1125.197,-597,820,right
1125.264,-628,789,right
1125.354,-692,794,right
1125.450,-771,482,right
1125.548,-715,568,right
1125.656,-566,780,right
1125.788,-565,799,right
1125.884,-520,821,right
1125.999,-510,843,right
1126.095,-504,946,right
1126.219,-511,999,right
1126.320,-509,1108,right
1126.424,-525,1118,right
1126.507,-520,1174,right
1126.613,-524,1198,right
1126.728,-474,1273,right
1126.825,-475,1297,right
1126.921,-472,1298,right
1127.033,-486,1291,right
1127.266,-616,905,right
1127.404,-680,785,right
1127.479,-663,717,right
1127.607,-669,740,right
1127.658,-671,748,right
1127.773,-677,814,right
1127.847,-676,831,right
1127.974,-693,781,right
1128.026,-685,756,right
1128.129,-686,775,right
1128.237,-665,893,right
1128.330,-671,943,right
1128.436,-565,980,right
1128.542,-560,892,right
1128.656,-577,551,right
1128.768,-717,465,right
1128.846,-730,445,right
1128.967,-750,404,right
1129.067,-715,361,right
1129.249,-739,275,right
1129.339,-454,462,right
1129.474,-365,612,right
1129.557,-312,639,right
1129.674,-302,670,right
1129.772,-248,834,right
1129.886,-307,830,right
1130.064,-485,910,right
1130.176,-525,887,right
1130.261,-569,838,right
1130.399,-660,787,right
1130.462,-658,776,right
1130.592,-665,801,right
1130.683,-661,795,right
1130.774,-607,813,right
1130.873,-360,797,right
1130.978,-391,836,right
1131.082,-287,873,right
1131.187,-299,909,right
1131.277,-292,881,right
1131.384,-343,876,right
1131.489,-466,789,right
1131.597,-615,700,right
1131.701,-700,646,right
1131.799,-725,613,right
1131.883,-705,560,right
1131.969,-692,555,right
1132.058,-645,495,right
1132.165,-646,427,right
1132.261,-601,426,right
1132.372,-630,371,right
1132.488,-583,417,right
1132.536,-585,445,right
1136.822,-1085,952,left
1136.935,-1085,951,left
1137.908,-1243,1425,left
1138.014,-1243,1425,left
1140.519,-1220,1777,left
1140.641,-1220,1782,left
1143.453,-1008,1838,left
1143.572,-1007,1838,left
1146.481,-1249,1789,left
1146.595,-1252,1776,left
1153.430,-146,1273,left
1153.564,-139,1292,left
1153.940,-93,1332,left
1154.044,-93,1332,left
1180.619,-732,993,left
1180.742,-732,993,left