z,y,x,button
1.349,-1107,856,left
1.452,-1106,856,left
8.296,-679,1415,right
8.389,-667,1378,right
8.489,-667,1353,right
8.570,-700,1333,right
8.680,-674,1296,right
8.793,-600,1122,right
8.882,-577,1104,right
8.989,-641,1084,right
9.632,-1235,1315,left
9.732,-1235,1315,left
11.570,-231,192,right
11.659,-230,192,right
12.647,-229,275,right
12.725,-229,275,right
12.831,-229,275,right
12.892,-229,275,right
13.554,-234,339,right
13.661,-233,339,right
14.650,-368,1214,right
14.720,-352,1225,right
14.820,-314,1408,right
14.916,-307,1450,right
14.988,-285,1584,right
15.114,-272,1637,right
15.531,-245,2034,right
15.619,-349,1998,right
15.718,-358,1887,right
15.815,-369,1852,right
16.490,-595,1501,right
16.583,-583,1508,right
16.679,-575,1534,right
16.791,-575,1533,right
17.434,-506,1615,right
17.528,-506,1614,right
18.019,-512,1638,right
18.114,-521,1628,right
18.253,-519,1620,right
18.352,-519,1619,right
19.213,-577,1728,right
19.314,-570,1734,right
19.418,-590,1720,right
19.522,-615,1704,right
20.063,-829,1786,right
20.180,-798,1773,right
20.279,-813,1799,right
20.393,-820,1820,right
20.677,-747,1925,right
20.782,-747,1925,right
20.893,-659,1952,right
21.011,-557,1966,right
21.464,-482,1685,right
21.569,-488,1684,right
21.669,-495,1693,right
21.780,-502,1691,right
22.868,-703,1498,right
22.961,-702,1498,right
23.054,-709,1493,right
23.135,-709,1495,right
30.500,-337,1495,right
30.611,-336,1495,right
31.287,-368,1476,right
31.364,-368,1476,right
31.539,-375,1550,right
31.644,-374,1550,right
32.122,-379,1571,right
32.238,-380,1572,right
33.416,-512,1101,right
33.523,-511,1102,right
33.730,-596,1081,right
33.819,-603,1077,right
34.162,-514,1248,right
34.258,-514,1250,right
35.053,-548,1030,right
35.140,-557,1006,right
37.139,-1232,1948,right
37.243,-1232,1948,right
41.373,-390,1323,right
41.481,-390,1323,right
41.577,-406,1368,right
41.682,-413,1378,right
41.783,-450,1405,right
41.882,-459,1424,right
42.488,-669,1418,right
42.562,-669,1418,right
42.662,-705,1408,right
42.767,-719,1410,right
42.870,-783,1411,right
42.986,-849,1406,right
43.113,-848,1439,right
43.172,-634,1681,right
44.269,-1155,1317,left
44.745,-1158,1384,left
45.336,-824,1131,right
45.409,-810,1110,right
45.518,-829,1060,right
45.620,-830,1015,right
45.719,-673,1067,right
45.836,-672,1061,right
46.100,-605,1251,right
46.235,-558,1277,right
46.330,-515,1308,right
46.435,-533,1312,right
46.532,-625,1170,right
46.684,-740,1126,right
46.746,-762,1127,right
46.882,-771,1118,right
46.970,-728,1114,right
47.084,-748,1046,right
47.183,-762,1011,right
47.288,-747,952,right
47.371,-689,804,right
47.483,-700,692,right
47.565,-710,599,right
47.706,-714,480,right
48.242,-648,514,right
48.333,-666,511,right
48.446,-689,520,right
48.546,-687,521,right
48.823,-633,519,right
48.959,-611,520,right
49.108,-642,547,right
49.216,-668,559,right
49.351,-646,655,right
49.460,-643,665,right
49.577,-644,665,right
49.682,-647,669,right
50.378,-553,704,right
50.489,-534,710,right
50.598,-529,730,right
50.702,-574,734,right
50.815,-701,868,right
50.919,-720,884,right
51.029,-726,912,right
51.133,-732,921,right
51.224,-756,1006,right
51.339,-766,1021,right
51.467,-721,1026,right
51.559,-719,1026,right
51.671,-624,869,right
51.789,-629,838,right
51.904,-689,955,right
52.034,-723,990,right
52.121,-715,776,right
52.253,-726,701,right
52.371,-707,783,right
52.488,-644,1061,right
52.575,-687,1255,right
52.690,-698,1258,right
52.833,-678,1239,right
52.943,-680,1234,right
53.323,-663,1360,right
53.379,-688,1279,right
53.507,-649,1051,right
53.602,-612,1080,right
53.693,-566,1260,right
53.821,-581,1277,right
53.955,-587,1252,right
54.057,-552,1207,right
54.152,-503,609,right
54.277,-435,769,right
54.376,-441,783,right
54.491,-397,845,right
54.566,-298,907,right
54.690,-301,870,right
54.784,-153,857,right
54.907,-108,880,right
55.349,-548,1099,right
55.438,-554,1082,right
55.543,-546,1071,right
55.645,-546,1070,right
55.755,-529,1069,right
55.860,-523,1070,right
56.427,-616,1268,right
56.531,-609,1276,right
56.648,-599,1388,right
56.729,-618,1316,right
56.858,-588,1104,right
56.958,-497,945,right
57.042,-390,956,right
57.181,-409,944,right
57.294,-434,896,right
57.422,-481,838,right
57.520,-624,771,right
57.631,-677,757,right
57.744,-680,729,right
57.849,-704,710,right
57.950,-743,647,right
58.066,-755,627,right
58.160,-765,617,right
58.274,-883,564,right
58.383,-927,560,right
58.486,-936,561,right
58.563,-961,550,right
58.688,-1090,481,right
59.083,-862,621,right
59.173,-862,623,right
59.288,-867,628,right
59.413,-881,619,right
59.848,-876,991,right
59.931,-877,1001,right
60.037,-850,1023,right
60.155,-855,1015,right
60.246,-865,981,right
60.366,-850,975,right
60.469,-686,1117,right
60.591,-667,1131,right
60.693,-546,1210,right
60.811,-537,1214,right
60.908,-483,1246,right
61.016,-474,1261,right
61.097,-471,1317,right
61.213,-477,1315,right
61.297,-461,1318,right
61.418,-479,1294,right
61.510,-474,1290,right
61.607,-473,1291,right
61.774,-457,1314,right
61.817,-457,1314,right
62.631,-201,1156,right
62.748,-203,1162,right
62.830,-256,1210,right
62.927,-274,1191,right
63.010,-253,1167,right
63.129,-247,1171,right
63.228,-214,1150,right
63.346,-189,1102,right
63.442,-174,1080,right
63.534,-170,1074,right
66.883,-624,946,right
66.954,-626,893,right
67.035,-627,863,right
67.136,-627,864,right
67.230,-602,828,right
67.354,-592,798,right
67.439,-571,777,right
67.556,-564,778,right
67.654,-508,803,right
67.767,-508,803,right
67.884,-508,803,right
67.990,-508,803,right
68.099,-581,785,right
68.205,-744,802,right
68.312,-787,835,right
68.409,-795,835,right
68.500,-816,831,right
68.607,-929,810,right
68.932,-899,937,right
69.038,-900,942,right
69.129,-899,959,right
69.242,-904,968,right
70.433,-962,977,right
70.541,-996,981,right
70.629,-1001,970,right
70.726,-1038,946,right
71.049,-809,921,right
71.141,-826,910,right
71.242,-913,912,right
71.345,-930,916,right
71.446,-936,916,right
71.566,-939,903,right
71.784,-911,1007,right
71.877,-904,1009,right
71.994,-872,1029,right
72.100,-881,1035,right
72.224,-845,1112,right
72.322,-844,1108,right
72.455,-806,1083,right
72.545,-809,1071,right
72.687,-757,1078,right
72.787,-710,1015,right
72.889,-702,1003,right
72.996,-701,1000,right
73.083,-702,1001,right
73.193,-697,1003,right
73.824,-703,1086,right
73.916,-718,1040,right
74.016,-711,1038,right
74.125,-710,1041,right
74.845,-389,933,right
74.953,-389,933,right
75.061,-423,916,right
75.176,-565,879,right
75.281,-662,803,right
75.395,-779,765,right
75.502,-823,770,right
75.616,-927,725,right
75.737,-998,730,right
75.854,-1019,718,right
76.437,-946,973,right
76.529,-932,994,right
76.624,-905,1038,right
76.741,-905,1033,right
76.846,-916,1028,right
76.960,-923,1040,right
77.087,-931,1032,right
77.196,-956,969,right
77.612,-914,755,right
77.717,-898,794,right
77.809,-907,947,right
77.939,-911,948,right
78.016,-923,832,right
78.125,-928,824,right
78.229,-929,787,right
78.337,-935,762,right
78.445,-930,756,right
78.571,-930,755,right
78.714,-868,751,right
78.836,-805,743,right
78.940,-765,739,right
79.042,-799,655,right
79.162,-812,613,right
79.283,-813,612,right
79.551,-647,823,right
79.652,-639,837,right
79.762,-635,835,right
79.883,-633,827,right
79.998,-661,788,right
80.108,-720,721,right
80.239,-721,718,right
80.355,-770,694,right
80.491,-807,728,right
80.606,-808,734,right
80.728,-803,834,right
80.843,-803,836,right
81.390,-839,1145,right
81.507,-832,1139,right
81.603,-844,1142,right
81.711,-862,1157,right
81.816,-820,1043,right
81.943,-753,942,right
82.049,-727,917,right
82.179,-758,838,right
82.302,-776,818,right
82.428,-776,818,right
82.567,-825,965,right
82.687,-882,980,right
82.794,-901,985,right
82.909,-909,968,right
83.022,-850,859,right
83.138,-812,784,right
83.232,-723,667,right
83.361,-722,666,right
83.461,-701,665,right
83.601,-704,667,right
83.727,-706,659,right
83.851,-710,593,right
83.952,-818,465,right
84.071,-839,454,right
84.334,-651,559,right
84.444,-662,555,right
84.556,-796,505,right
84.689,-1169,206,right
85.029,-764,411,right
85.133,-762,409,right
85.242,-797,344,right
85.362,-819,316,right
85.478,-813,313,right
85.584,-794,291,right
86.011,-647,524,right
86.125,-647,524,right
86.237,-650,473,right
86.364,-651,476,right
86.489,-653,487,right
86.623,-798,490,right
86.731,-850,521,right
86.846,-904,520,right
86.968,-881,526,right
87.085,-861,546,right
87.212,-713,682,right
87.326,-711,681,right
87.452,-663,616,right
87.560,-664,593,right
87.676,-675,573,right
87.803,-702,538,right
88.233,-687,795,right
88.328,-697,777,right
88.905,-483,717,right
88.992,-479,701,right
89.105,-475,647,right
89.213,-476,635,right
89.338,-475,629,right
89.432,-467,631,right
89.534,-416,636,right
89.667,-415,636,right
89.786,-410,634,right
89.898,-406,615,right
90.015,-393,573,right
90.127,-386,536,right
90.247,-383,523,right
90.375,-381,507,right
90.529,-390,470,right
90.649,-413,422,right
90.755,-486,329,right
90.895,-566,214,right
91.325,-584,512,right
91.436,-589,522,right
91.549,-607,527,right
91.646,-609,530,right
91.777,-407,797,right
91.888,-406,798,right
92.014,-407,793,right
92.118,-386,760,right
92.212,-313,710,right
92.338,-301,678,right
92.452,-273,674,right
92.577,-253,615,right
92.677,-249,617,right
92.785,-244,623,right
92.903,-273,811,right
93.030,-352,848,right
93.114,-373,860,right
93.237,-388,852,right
93.350,-438,860,right
93.467,-471,844,right
93.562,-535,807,right
93.681,-587,750,right
93.769,-618,737,right
93.904,-657,736,right
94.008,-695,711,right
94.124,-738,670,right
94.232,-772,637,right
94.334,-785,637,right
94.448,-810,640,right
94.566,-822,638,right
94.667,-837,627,right
94.787,-860,629,right
95.189,-870,886,right
95.305,-919,899,right
95.408,-934,873,right
95.534,-953,852,right
96.303,-778,1122,right
96.425,-802,1121,right
96.499,-863,1086,right
96.648,-885,1087,right
96.727,-898,1067,right
96.860,-926,1002,right
96.965,-925,889,right
97.096,-946,785,right
97.188,-962,702,right
97.323,-982,643,right
97.414,-991,622,right
97.543,-994,548,right
97.628,-964,445,right
97.761,-964,442,right
97.872,-964,442,right
97.986,-965,439,right
98.156,-927,438,right
98.285,-927,429,right
98.837,-891,879,right
98.889,-895,881,right
99.036,-945,819,right
99.140,-945,818,right
99.324,-858,455,right
99.455,-867,436,right
99.557,-865,430,right
99.668,-790,474,right
99.778,-604,671,right
99.918,-601,674,right
100.026,-584,592,right
100.154,-575,578,right
100.251,-561,549,right
100.376,-560,549,right
100.475,-532,552,right
100.596,-530,551,right
100.711,-475,567,right
100.842,-462,569,right
100.952,-461,538,right
101.097,-450,289,right
101.171,-451,283,right
101.316,-484,221,right
101.415,-501,197,right
101.550,-501,196,right
101.660,-501,196,right
101.796,-501,195,right
101.916,-445,172,right
102.037,-431,170,right
102.145,-360,187,right
102.271,-329,207,right
102.370,-243,368,right
102.505,-231,460,right
102.593,-223,518,right
102.712,-222,528,right
102.806,-219,595,right
102.929,-220,601,right
103.071,-233,549,right
103.180,-252,475,right
103.299,-249,541,right
103.406,-246,552,right
103.534,-245,742,right
103.649,-250,753,right
103.775,-266,800,right
103.907,-298,802,right
103.988,-399,797,right
104.128,-503,791,right
104.212,-514,791,right
104.349,-532,802,right
104.454,-533,850,right
104.564,-540,852,right
104.674,-564,863,right
104.794,-590,862,right
104.916,-648,957,right
105.001,-652,999,right
105.114,-552,1270,right
105.219,-569,1261,right
105.320,-580,1280,right
105.451,-620,1289,right
106.201,-781,1266,right
106.283,-798,1250,right
106.394,-814,1209,right
106.505,-842,1177,right
106.637,-851,1170,right
106.751,-851,1169,right
107.055,-852,1263,right
107.160,-852,1264,right
107.294,-833,1320,right
107.395,-832,1320,right
107.514,-776,1370,right
107.618,-774,1372,right
108.224,-761,1472,right
108.306,-771,1473,right
108.416,-788,1496,right
108.537,-788,1497,right
108.675,-805,1476,right
108.801,-828,1445,right
109.170,-667,1400,right
109.275,-680,1378,right
109.402,-785,1474,right
109.512,-812,1505,right
109.661,-655,1384,right
109.783,-606,1328,right
109.882,-586,1310,right
110.001,-571,1292,right
110.123,-488,1272,right
110.233,-482,1270,right
110.342,-421,1246,right
110.444,-423,1242,right
110.570,-423,1242,right
110.681,-423,1242,right
111.054,-706,1433,right
111.159,-782,1451,right
111.232,-827,1450,right
111.365,-835,1467,right
111.463,-829,1501,right
111.571,-827,1501,right
111.702,-782,1515,right
111.810,-782,1515,right
112.160,-748,1678,right
112.285,-748,1683,right
112.416,-531,1724,right
112.533,-523,1718,right
112.645,-534,1686,right
112.766,-565,1652,right
112.881,-519,1627,right
112.991,-539,1585,right
113.101,-580,1587,right
113.219,-674,1598,right
113.324,-735,1599,right
113.429,-747,1577,right
113.516,-748,1560,right
113.637,-768,1539,right
113.734,-807,1493,right
113.848,-813,1486,right
113.951,-827,1468,right
114.080,-861,1385,right
114.190,-861,1378,right
114.296,-866,1362,right
115.041,-592,1624,right
115.140,-590,1624,right
115.232,-584,1590,right
115.347,-631,1504,right
115.451,-613,1465,right
115.573,-584,1358,right
115.681,-550,1323,right
115.785,-548,1309,right
115.896,-534,1301,right
115.983,-533,1300,right
116.081,-520,1293,right
116.187,-519,1292,right
116.428,-353,1422,right
116.550,-346,1441,right
116.658,-366,1461,right
116.797,-381,1490,right
116.881,-380,1490,right
116.985,-390,1472,right
117.117,-378,1501,right
117.214,-383,1530,right
117.319,-365,1556,right
117.424,-360,1546,right
117.522,-360,1547,right
117.613,-360,1547,right
117.712,-355,1574,right
117.806,-354,1576,right
117.985,-420,1606,right
118.086,-423,1614,right
118.201,-432,1644,right
118.346,-422,1648,right
118.429,-411,1653,right
118.562,-411,1653,right
118.612,-412,1653,right
118.728,-411,1653,right
118.884,-441,1653,right
118.949,-446,1656,right
119.605,-566,1775,right
119.708,-566,1783,right
119.807,-555,1800,right
119.915,-545,1813,right
119.988,-536,1822,right
120.117,-539,1822,right
120.205,-542,1836,right
120.316,-545,1840,right
120.380,-545,1840,right
120.507,-545,1840,right
120.624,-688,1827,right
120.743,-707,1816,right
121.723,-1259,1352,left
121.820,-1259,1352,left
128.296,-1091,1874,right
128.446,-1182,1910,right
128.548,-1199,1941,right
128.699,-1220,1966,right
128.751,-1222,1968,right
128.878,-1225,1972,right
128.977,-1236,1979,right
129.094,-1235,1979,right
129.192,-1234,1977,right
129.312,-1233,1977,right
137.901,-890,1049,right
138.009,-886,1042,right
138.109,-713,893,right
138.202,-668,817,right
138.298,-603,845,right
138.425,-612,832,right
138.519,-570,799,right
138.634,-540,781,right
138.715,-528,774,right
138.842,-522,761,right
138.929,-506,748,right
139.050,-504,743,right
139.150,-478,742,right
139.261,-470,742,right
139.353,-443,739,right
139.487,-442,738,right
139.585,-438,736,right
139.688,-438,736,right
139.802,-404,742,right
139.921,-404,742,right
140.047,-413,813,right
140.159,-442,858,right
140.269,-438,928,right
140.368,-438,932,right
140.495,-513,1080,right
140.607,-538,1108,right
140.727,-537,1182,right
140.842,-555,1210,right
140.966,-566,1222,right
141.084,-581,1119,right
141.182,-710,1063,right
141.284,-761,1082,right
141.380,-789,1059,right
141.499,-829,1042,right
141.592,-833,1043,right
141.705,-870,1022,right
141.798,-889,992,right
141.913,-933,931,right
142.020,-932,927,right
142.137,-945,934,right
142.229,-951,933,right
142.349,-958,936,right
142.512,-998,1091,right
142.624,-977,1211,right
142.689,-981,1214,right
142.815,-987,1220,right
142.918,-1001,1216,right
143.026,-1029,1210,right
143.329,-894,1061,right
143.441,-877,997,right
143.514,-876,973,right
143.643,-914,846,right
143.745,-925,842,right
143.868,-931,826,right
143.952,-923,808,right
144.084,-930,762,right
144.198,-927,749,right
144.310,-926,697,right
144.439,-922,690,right
144.564,-924,664,right
144.671,-923,657,right
144.785,-927,643,right
144.928,-872,907,right
145.047,-876,907,right
145.148,-912,907,right
145.263,-934,840,right
145.356,-929,788,right
145.480,-932,742,right
145.586,-921,679,right
145.714,-910,644,right
145.808,-890,583,right
145.928,-891,532,right
146.028,-862,495,right
146.145,-850,468,right
146.238,-806,427,right
146.343,-795,399,right
146.447,-704,244,right
146.543,-671,28,right
146.906,-547,676,right
146.996,-546,676,right
147.109,-507,663,right
147.220,-504,682,right
147.338,-445,721,right
147.437,-448,741,right
147.557,-429,847,right
147.674,-434,857,right
147.782,-406,814,right
147.894,-404,820,right
148.004,-399,856,right
148.117,-399,860,right
148.229,-402,940,right
148.340,-403,946,right
148.449,-415,995,right
148.551,-406,1027,right
148.650,-389,1159,right
148.761,-399,1177,right
148.865,-409,1231,right
148.978,-431,1238,right
149.084,-452,1212,right
149.203,-452,1212,right
149.299,-453,1206,right
149.399,-456,1209,right
149.509,-456,1227,right
149.600,-456,1231,right
149.940,-531,1614,right
150.069,-584,1602,right
150.127,-601,1593,right
150.241,-626,1593,right
150.342,-602,1594,right
150.460,-659,1553,right
150.551,-456,1288,right
150.666,-597,1190,right
150.766,-715,1274,right
150.888,-724,1286,right
150.976,-731,1269,right
151.098,-739,1240,right
151.279,-744,1480,right
151.389,-790,1484,right
151.475,-819,1475,right
151.596,-862,1439,right
151.688,-876,1410,right
151.793,-877,1412,right
151.897,-879,1397,right
152.004,-894,1396,right
152.538,-650,1283,right
152.642,-708,1185,right
152.732,-756,1088,right
152.845,-784,985,right
152.968,-642,1024,right
153.074,-632,1029,right
153.161,-571,1026,right
153.282,-561,1028,right
153.385,-542,1040,right
153.489,-541,1040,right
153.577,-541,1040,right
153.698,-549,1039,right
153.951,-542,1021,right
154.037,-546,1005,right
155.007,-440,938,right
155.090,-435,880,right
155.177,-427,798,right
155.297,-463,758,right
155.384,-468,729,right
155.514,-509,696,right
155.610,-512,691,right
155.720,-544,673,right
156.085,-626,903,right
156.164,-626,897,right
156.859,-549,683,right
156.968,-544,604,right
157.035,-547,543,right
157.151,-580,491,right
157.252,-577,472,right
157.366,-585,468,right
157.457,-586,469,right
157.605,-695,466,right
157.691,-713,460,right
157.817,-732,455,right
157.949,-714,472,right
158.063,-767,462,right
158.165,-803,457,right
158.299,-814,462,right
158.399,-841,483,right
158.512,-869,498,right
159.031,-721,960,right
159.139,-708,983,right
159.238,-683,969,right
159.326,-753,926,right
159.428,-661,589,right
159.532,-679,536,right
160.239,-1111,948,left
160.323,-1113,947,left
160.540,-604,809,right
160.623,-574,794,right
160.731,-482,746,right
160.830,-439,709,right
160.919,-378,655,right
161.030,-358,670,right
161.420,-227,811,right
161.505,-251,823,right
161.603,-302,863,right
161.707,-352,888,right
161.804,-363,942,right
161.900,-380,953,right
162.072,-352,1000,right
162.210,-390,1018,right
162.337,-400,1043,right
162.451,-410,1053,right
162.575,-440,1051,right
162.674,-458,1061,right
162.782,-512,1151,right
162.892,-559,1181,right
163.004,-640,1312,right
163.106,-670,1370,right
163.218,-660,1471,right
163.326,-648,1488,right
163.442,-602,1487,right
163.526,-600,1495,right
163.622,-578,1569,right
163.740,-567,1586,right
163.826,-559,1606,right
163.950,-553,1618,right
164.026,-556,1656,right
164.141,-533,1683,right
164.217,-541,1709,right
164.340,-550,1728,right
164.427,-554,1793,right
164.546,-563,1792,right
164.604,-568,1791,right
164.739,-565,1787,right
167.765,-735,1634,right
167.881,-729,1587,right
167.923,-681,1552,right
168.083,-679,1539,right
168.167,-686,1541,right
168.283,-695,1559,right
168.376,-685,1562,right
168.485,-696,1569,right
168.578,-709,1578,right
168.673,-660,1599,right
168.759,-549,1615,right
168.858,-554,1626,right
168.963,-538,1659,right
169.023,-552,1660,right
169.160,-682,1699,right
169.277,-743,1650,right
169.356,-815,1632,right
169.472,-836,1624,right
169.557,-838,1623,right
169.707,-864,1602,right
169.813,-866,1603,right
169.917,-886,1559,right
170.033,-907,1529,right
170.149,-925,1510,right
170.278,-941,1473,right
170.381,-1017,1265,right
170.469,-1022,1247,right
170.592,-1041,1212,right
170.673,-1050,1186,right
170.793,-1095,1098,right
170.892,-1105,1017,right
171.013,-1125,918,right
171.114,-1111,886,right
171.231,-1119,830,right
171.337,-1097,809,right
171.451,-1093,734,right
171.562,-1071,700,right
171.675,-1066,662,right
171.775,-953,567,right
171.889,-959,459,right
171.978,-949,407,right
172.079,-960,369,right
172.201,-998,237,right
172.254,-1246,0,right
172.501,-672,513,right
172.606,-672,519,right
172.705,-651,560,right
172.819,-655,558,right
172.937,-701,474,right
173.048,-735,447,right
173.272,-627,515,right
173.389,-587,535,right
173.498,-552,537,right
173.611,-562,555,right
173.736,-368,630,right
173.845,-365,656,right
173.945,-346,821,right
174.061,-354,843,right
174.155,-357,852,right
174.264,-345,876,right
174.781,-526,1191,right
174.872,-524,1185,right
174.968,-488,1142,right
175.089,-522,1145,right
175.184,-606,1175,right
175.296,-673,1156,right
175.401,-712,1062,right
175.508,-759,1060,right
175.609,-786,1019,right
175.723,-840,974,right
175.809,-876,947,right
175.902,-1009,939,right
176.311,-727,921,right
176.439,-901,712,right
176.511,-920,684,right
176.651,-977,604,right
176.742,-975,539,right
176.848,-1000,486,right
176.952,-942,345,right
177.059,-957,318,right
177.475,-889,569,right
177.630,-916,507,right
177.748,-970,485,right
177.882,-1107,411,right
178.097,-927,921,right
178.193,-928,915,right
178.296,-856,989,right
178.379,-851,948,right
178.495,-773,1016,right
178.613,-778,1121,right
178.699,-781,1133,right
178.821,-776,1111,right
178.880,-781,1139,right
178.997,-792,1184,right
179.056,-780,1160,right
179.179,-774,1152,right
179.252,-759,1173,right
179.342,-759,1176,right
179.889,-829,1459,right
180.017,-925,1394,right
180.101,-871,1397,right
180.226,-881,1400,right
180.303,-861,1411,right
180.413,-848,1396,right
181.868,-1259,1351,left
181.964,-1258,1351,left
184.097,-203,231,left
184.198,-203,231,left
184.886,-338,212,left
184.956,-338,212,left
189.295,-388,1048,right
189.424,-389,1050,right
191.206,-657,608,right
191.288,-660,600,right
191.379,-658,618,right
191.480,-648,641,right
191.584,-689,660,right
191.681,-696,658,right
191.795,-696,658,right
191.889,-696,659,right
201.013,-226,686,right
201.092,-225,685,right
201.210,-223,680,right
201.327,-223,679,right
201.414,-223,679,right
201.493,-223,654,right
201.610,-170,633,right
201.702,-145,623,right
202.721,-431,742,right
202.794,-435,750,right
202.892,-428,697,right
203.137,-437,724,right
203.210,-437,736,right
203.344,-447,747,right
203.600,-602,775,right
203.706,-692,775,right
203.782,-765,833,right
203.905,-810,865,right
203.970,-809,876,right
204.094,-841,861,right
204.170,-875,826,right
204.284,-1279,719,right
204.458,-883,763,right
204.578,-962,701,right
204.673,-1008,656,right
204.799,-1107,609,right
205.139,-870,1097,right
205.245,-899,1104,right
205.339,-955,1107,right
205.452,-977,1117,right
205.669,-898,1129,right
205.795,-897,1129,right
205.903,-895,1130,right
206.015,-895,1130,right
206.129,-883,1130,right
206.235,-883,1131,right
206.345,-883,1131,right
206.463,-883,1131,right
208.177,-616,1559,right
208.260,-621,1561,right
208.351,-608,1602,right
208.464,-625,1596,right
208.561,-620,1527,right
208.675,-632,1525,right
208.901,-635,1517,right
209.034,-634,1490,right
209.112,-619,1483,right
209.216,-619,1485,right
209.328,-577,1615,right
209.432,-511,1718,right
209.531,-368,1869,right
209.626,-366,1866,right
209.690,-381,1853,right
209.785,-450,1858,right
209.872,-451,1920,right
209.973,-443,1887,right
210.083,-410,1915,right
210.206,-392,1922,right
210.298,-379,1949,right
210.401,-375,1949,right
211.733,-691,1444,right
211.853,-703,1462,right
212.588,-659,1801,right
212.752,-671,1795,right
212.783,-666,1800,right
212.828,-666,1798,right
212.872,-666,1797,right
212.957,-666,1802,right
213.073,-647,1840,right
213.161,-647,1865,right
213.252,-640,1876,right
213.359,-640,1878,right
213.440,-616,1862,right
213.577,-615,1863,right
213.675,-582,1883,right
213.824,-579,1883,right
213.936,-533,1889,right
214.024,-517,1888,right
214.118,-503,1900,right
214.239,-492,1880,right
214.314,-483,1873,right
214.438,-483,1873,right
214.735,-620,1835,right
214.819,-638,1726,right
214.906,-666,1718,right
215.004,-702,1596,right
215.080,-707,1580,right
215.187,-724,1489,right
215.252,-739,1452,right
215.367,-963,1135,right
215.676,-897,942,right
215.799,-915,967,right
216.539,-826,1008,right
216.673,-896,1026,right
216.762,-918,1145,right
216.887,-914,1161,right
216.971,-911,1337,right
217.089,-907,1313,right
217.188,-915,1263,right
217.307,-932,1253,right
217.868,-787,1139,right
217.971,-801,1118,right
218.077,-846,1090,right
218.188,-870,1048,right
218.289,-875,1045,right
218.395,-897,1029,right
218.500,-897,1029,right
218.624,-922,1003,right
218.727,-924,1002,right
218.849,-962,943,right
219.045,-934,829,right
219.127,-796,694,right
219.215,-715,672,right
219.326,-639,610,right
219.455,-470,604,right
219.569,-471,619,right
219.717,-469,676,right
219.823,-477,690,right
219.914,-480,689,right
220.030,-482,677,right
220.189,-479,529,right
220.276,-479,529,right
220.377,-479,529,right
220.473,-479,529,right
220.556,-485,525,right
220.670,-485,524,right
222.463,-710,830,right
222.580,-710,832,right
222.669,-710,832,right
222.770,-804,858,right
223.306,-1074,804,left
223.391,-1074,804,left
223.694,-0,554,right
223.793,-47,573,right
223.885,-88,601,right
223.998,-92,475,right
225.137,-471,1118,right
225.248,-468,1116,right
225.353,-475,1257,right
225.485,-711,1097,right
225.570,-798,1116,right
225.672,-867,1239,right
225.787,-688,1564,right
225.899,-675,1570,right
225.997,-618,1676,right
226.110,-619,1662,right
226.209,-626,1655,right
226.284,-629,1662,right
226.375,-620,1674,right
226.475,-625,1672,right
226.640,-622,1672,right
226.750,-621,1672,right
227.131,-519,1648,left
228.689,-640,1024,left
230.809,-868,1411,right
230.903,-869,1409,right
230.978,-879,1404,right
231.084,-936,1358,right
231.163,-934,1360,right
231.281,-950,1387,right
231.356,-958,1390,right
231.462,-998,1396,right
231.561,-965,1452,right
231.660,-967,1469,right
231.751,-939,1604,right
231.869,-941,1613,right
231.937,-941,1611,right
232.068,-999,1596,right
232.157,-1016,1590,right
232.268,-1086,1600,right
232.660,-844,1483,right
232.748,-869,1481,right
232.836,-910,1397,right
232.945,-950,1351,right
233.027,-955,1374,right
233.147,-956,1377,right
233.219,-956,1375,right
233.329,-963,1372,right
233.423,-964,1381,right
233.534,-979,1373,right
233.625,-1001,1329,right
233.730,-1030,1285,right
233.820,-1044,1257,right
233.929,-1279,939,right
234.131,-975,1118,right
234.234,-986,1098,right
234.332,-996,1082,right
234.450,-1012,1035,right
234.542,-1032,976,right
234.665,-1074,855,right
234.746,-1071,822,right
234.874,-1106,676,right
234.972,-1103,662,right
235.089,-1106,614,right
235.186,-1085,557,right
235.310,-1094,499,right
235.421,-1066,457,right
235.532,-1070,380,right
235.625,-1053,324,right
235.772,-1065,166,right
236.090,-978,187,right
236.180,-976,157,right
236.281,-998,45,right
236.401,-1012,0,right
236.787,-937,911,right
236.863,-939,865,right
236.969,-822,733,right
237.057,-808,680,right
237.939,-674,509,right
238.029,-721,421,right
238.132,-729,404,right
238.248,-734,406,right
238.346,-750,370,right
238.456,-762,307,right
238.587,-740,307,right
238.705,-748,262,right
238.861,-762,235,right
238.967,-765,224,right
239.106,-840,319,right
239.210,-873,331,right
239.320,-899,389,right
239.407,-898,405,right
239.531,-714,861,right
239.624,-718,849,right
239.701,-658,1046,right
239.819,-708,1086,right
239.952,-695,1165,right
240.056,-704,1178,right
240.148,-825,1170,right
240.259,-956,894,right
240.361,-915,866,right
240.475,-921,836,right
240.579,-853,735,right
240.689,-844,522,right
240.796,-768,463,right
240.899,-755,404,right
241.001,-702,430,right
241.123,-701,429,right
241.236,-674,436,right
241.339,-626,445,right
241.430,-549,445,right
241.543,-547,454,right
241.654,-469,502,right
241.765,-471,515,right
241.867,-454,572,right
241.967,-454,598,right
242.060,-408,883,right
242.183,-403,876,right
242.282,-378,887,right
242.393,-378,875,right
242.503,-370,878,right
242.617,-377,866,right
242.741,-320,834,right
242.873,-320,823,right
242.998,-320,808,right
243.094,-317,634,right
243.189,-312,550,right
243.305,-375,492,right
243.410,-431,462,right
243.519,-492,418,right
243.621,-490,425,right
243.739,-503,410,right
243.908,-528,397,right
243.994,-546,380,right
244.112,-565,357,right
244.240,-656,247,right
244.338,-688,220,right
244.469,-789,117,right
244.727,-833,497,right
244.838,-855,473,right
244.933,-929,491,right
245.056,-1002,459,right
245.153,-1022,453,right
245.251,-1031,454,right
245.379,-994,521,right
245.479,-990,540,right
245.589,-985,658,right
245.698,-985,668,right
245.805,-968,753,right
245.904,-969,760,right
246.004,-950,867,right
246.128,-953,880,right
246.229,-951,896,right
246.332,-954,897,right
246.433,-907,989,right
246.543,-871,1005,right
246.645,-713,1151,right
246.760,-656,1180,right
246.825,-620,1223,right
246.965,-596,1337,right
247.038,-645,1408,right
247.159,-669,1439,right
247.247,-667,1484,right
247.350,-664,1475,right
247.423,-645,1570,right
247.551,-670,1577,right
247.773,-609,1631,right
247.891,-682,1410,right
248.061,-650,1726,right
248.226,-648,1696,right
248.272,-613,1693,right
248.399,-632,1691,right
248.459,-627,1660,right
248.593,-635,1681,right
248.629,-635,1681,right
248.803,-634,1682,right
248.855,-634,1684,right
248.948,-638,1702,right
249.016,-638,1712,right
249.144,-648,1709,right
249.203,-648,1708,right
249.325,-648,1709,right
249.403,-647,1721,right
249.516,-644,1721,right
249.599,-644,1723,right
249.705,-643,1733,right
249.788,-643,1732,right
249.888,-642,1733,right
249.973,-642,1745,right
250.085,-642,1742,right
250.167,-642,1742,right
250.296,-642,1742,right
250.371,-642,1743,right
250.465,-642,1743,right
252.505,-1245,1369,left
252.611,-1245,1368,left
259.991,-715,355,left
260.091,-715,355,left
260.436,-723,292,left
260.545,-723,292,left
260.906,-729,335,left
260.999,-729,335,left
263.768,-342,192,right
263.885,-342,192,right
268.322,-787,1373,right
268.423,-796,1370,right
268.524,-797,1370,right
268.625,-797,1370,right
268.743,-739,1372,right
268.845,-741,1384,right
268.955,-751,1399,right
269.042,-763,1396,right
269.275,-772,1389,right
269.375,-772,1389,right
269.477,-709,1372,right
269.574,-710,1388,right
269.652,-716,1412,right
269.776,-708,1437,right
269.848,-682,1456,right
269.933,-684,1451,right
270.046,-677,1499,right
270.129,-673,1506,right
270.612,-797,1605,right
270.720,-917,1603,right
270.792,-891,1590,right
270.921,-956,1435,right
270.978,-964,1403,right
271.111,-1008,1288,right
271.190,-1021,1220,right
271.312,-1033,1178,right
271.390,-1042,1119,right
271.500,-1059,1060,right
271.599,-1059,1033,right
271.702,-1046,930,right
271.786,-1044,852,right
271.918,-1047,826,right
271.994,-1047,821,right
272.109,-1048,813,right
272.211,-1048,747,right
272.324,-1052,599,right
272.426,-1043,568,right
272.533,-1046,524,right
273.482,-725,518,right
273.575,-773,427,right
273.653,-773,427,right
273.770,-772,427,right
273.861,-735,387,right
273.968,-734,387,right
274.071,-662,463,right
274.200,-663,453,right
274.286,-663,442,right
274.413,-682,394,right
274.845,-842,939,right
274.932,-835,944,right
275.044,-801,977,right
275.146,-800,969,right
275.233,-781,956,right
275.347,-770,958,right
276.064,-652,1177,right
276.166,-656,1174,right
277.450,-751,1367,right
277.554,-759,1365,right
278.007,-657,1291,right
278.101,-656,1291,right
278.385,-551,1825,right
278.507,-497,1689,right
278.611,-499,1695,right
278.707,-501,1667,right
278.770,-506,1695,right
278.856,-506,1708,right
278.951,-502,1776,right
279.062,-502,1782,right
279.233,-709,1476,right
279.359,-765,1388,right
279.444,-829,1364,right
279.537,-877,1314,right
279.629,-883,1305,right
279.745,-899,1307,right
279.825,-929,1311,right
279.939,-951,1304,right
280.035,-956,1299,right
280.150,-960,1286,right
280.238,-984,1229,right
280.345,-998,1134,right
280.443,-990,1032,right
280.547,-987,954,right
280.650,-980,810,right
280.745,-983,565,right
280.836,-978,537,right
280.938,-988,524,right
281.016,-996,492,right
281.106,-1012,471,right
281.795,-1093,954,left
281.891,-1093,953,left
282.115,-890,321,right
282.230,-886,318,right
282.318,-886,321,right
282.426,-886,323,right
282.522,-845,331,right
282.642,-842,330,right
282.769,-781,352,right
282.877,-784,373,right
283.062,-706,523,right
283.184,-673,533,right
283.319,-594,571,right
283.427,-594,575,right
283.943,-471,767,right
284.040,-472,775,right
284.165,-470,942,right
284.277,-472,953,right
284.387,-478,980,right
284.492,-478,982,right
284.592,-480,1030,right
284.703,-481,1037,right
284.818,-482,1042,right
284.936,-483,1047,right
287.331,-408,864,right
287.449,-433,717,right
287.506,-456,674,right
287.633,-484,642,right
287.736,-491,637,right
287.840,-489,637,right
287.942,-433,612,right
288.048,-461,573,right
288.135,-461,536,right
288.265,-471,491,right
288.343,-489,467,right
288.482,-558,383,right
288.556,-605,354,right
288.674,-660,347,right
288.772,-661,347,right
288.883,-666,354,right
288.976,-724,376,right
289.096,-746,388,right
289.195,-762,386,right
289.312,-771,388,right
289.797,-928,749,right
289.923,-954,746,right
290.015,-969,738,right
290.121,-963,626,right
290.221,-927,585,right
290.327,-931,583,right
290.450,-892,538,right
290.561,-881,516,right
290.687,-820,515,right
290.799,-704,480,right
290.879,-597,506,right
291.005,-562,512,right
291.103,-538,531,right
291.199,-537,530,right
291.300,-497,548,right
291.397,-493,552,right
291.982,-508,850,right
292.089,-521,835,right
292.187,-544,807,right
292.304,-584,699,right
292.421,-572,596,right
292.535,-555,579,right
292.621,-565,327,right
292.752,-575,258,right
292.843,-574,229,right
292.938,-578,123,right
293.044,-454,4,right
293.151,-450,1,right
293.443,-336,581,right
293.548,-330,580,right
293.653,-305,623,right
293.770,-301,631,right
293.870,-301,631,right
294.007,-302,631,right
294.193,-234,866,right
294.309,-230,883,right
294.439,-217,878,right
294.576,-156,871,right
295.114,-313,1084,right
295.202,-313,1085,right
295.335,-282,1169,right
295.416,-280,1171,right
295.521,-275,1195,right
295.615,-275,1195,right
296.200,-383,1121,right
296.266,-383,1121,right
296.373,-383,1112,right
296.484,-383,1110,right
296.634,-394,1095,right
296.750,-398,1079,right
296.858,-407,1063,right
296.964,-422,1005,right
297.069,-424,1004,right
297.195,-424,1008,right
297.312,-436,1003,right
297.427,-441,998,right
297.519,-452,998,right
297.630,-460,1010,right
297.760,-460,1010,right
297.885,-460,1010,right
298.141,-452,1031,right
298.248,-445,1042,right
300.057,-409,1278,right
300.152,-399,1280,right
300.254,-400,1276,right
300.363,-404,1274,right
300.487,-675,994,right
300.621,-798,748,right
300.671,-785,730,right
300.784,-834,731,right
300.867,-882,698,right
300.948,-893,700,right
301.047,-894,704,right
301.142,-899,715,right
301.245,-894,725,right
301.361,-895,730,right
301.483,-891,750,right
301.595,-891,759,right
302.303,-733,690,right
302.405,-781,688,right
302.531,-758,775,right
302.646,-773,765,right
302.740,-798,738,right
302.849,-797,704,right
302.937,-798,704,right
303.043,-797,704,right
303.132,-795,699,right
303.219,-795,699,right
303.316,-793,702,right
303.405,-797,683,right
303.512,-792,690,right
303.640,-793,698,right
303.714,-792,689,right
303.820,-795,671,right
303.912,-783,653,right
304.018,-794,631,right
304.092,-791,619,right
304.197,-791,623,right
304.751,-818,553,right
304.875,-912,348,right
304.926,-899,317,right
305.053,-944,204,right
305.111,-943,200,right
305.236,-980,189,right
305.309,-981,166,right
305.433,-1007,139,right
305.527,-1005,123,right
305.632,-1007,133,right
306.587,-1267,1379,left
306.692,-1267,1378,left
309.746,-469,1266,right
309.853,-469,1266,right
314.502,-1153,1862,left
314.582,-1153,1862,left
315.496,-1048,1762,left
315.613,-1048,1762,left
317.433,-719,914,right
317.553,-733,923,right
317.676,-742,915,right
317.743,-745,915,right
318.264,-1241,1920,right
318.428,-1251,1926,right
318.789,-1250,1931,right
318.879,-1250,1931,right
320.304,-1248,1916,left
320.423,-1248,1916,left
333.849,-663,1130,right
333.940,-662,1130,right
334.064,-675,1156,right
334.141,-676,1166,right
334.240,-658,1311,right
334.340,-662,1325,right
334.433,-674,1340,right
334.532,-679,1356,right
335.114,-770,1227,right
335.202,-858,1127,right
335.288,-857,1097,right
335.413,-872,1036,right
335.493,-884,990,right
335.609,-898,916,right
335.671,-899,869,right
335.780,-917,768,right
335.871,-915,733,right
335.988,-920,692,right
336.074,-919,686,right
336.211,-925,677,right
336.445,-919,596,right
336.561,-919,554,right
336.656,-914,537,right
336.747,-909,495,right
336.839,-901,474,right
336.922,-901,474,right
338.008,-727,556,right
338.091,-726,556,right
338.185,-704,541,right
338.288,-724,343,right
338.377,-703,309,right
338.474,-708,321,right
338.560,-690,307,right
338.669,-685,304,right
338.788,-634,392,right
338.889,-634,393,right
338.991,-600,397,right
339.095,-587,385,right
339.208,-543,385,right
339.297,-543,385,right
339.399,-518,427,right
339.494,-519,446,right
339.615,-481,607,right
339.702,-486,614,right
339.822,-465,762,right
339.921,-467,753,right
340.027,-451,745,right
340.117,-459,762,right
340.246,-474,848,right
340.344,-525,879,right
340.447,-552,927,right
340.550,-583,899,right
340.701,-567,1009,right
340.819,-567,1012,right
340.932,-650,780,right
341.025,-675,718,right
341.122,-675,714,right
341.226,-682,721,right
341.330,-734,717,right
341.434,-744,719,right
341.554,-768,771,right
341.650,-832,847,right
341.760,-813,1028,right
341.862,-818,1011,right
341.962,-758,1126,right
342.057,-738,1195,right
342.138,-714,1429,right
342.251,-714,1486,right
342.339,-691,1643,right
342.426,-685,1655,right
342.516,-589,1900,right
342.619,-535,2024,right
343.272,-616,1466,right
343.352,-639,1460,right
343.459,-651,1443,right
343.562,-695,1441,right
343.791,-493,1144,right
343.887,-467,1026,right
343.980,-463,971,right
344.108,-445,889,right
344.203,-448,834,right
344.316,-466,776,right
344.438,-489,722,right
344.561,-513,622,right
344.680,-547,581,right
344.814,-599,525,right
344.929,-692,687,right
345.046,-705,778,right
345.132,-670,930,right
345.228,-687,924,right
345.345,-658,671,right
345.457,-797,549,right
345.542,-754,531,right
345.648,-733,348,right
345.739,-709,283,right
345.869,-711,276,right
345.984,-711,271,right
346.097,-720,256,right
346.190,-727,235,right
346.312,-761,174,right
346.410,-762,160,right
346.560,-810,130,right
346.651,-850,133,right
346.778,-904,154,right
347.183,-932,717,right
347.304,-935,773,right
347.400,-937,772,right
347.502,-939,780,right
348.019,-1096,954,left
348.114,-1096,954,left
348.266,-819,967,right
348.357,-794,969,right
348.442,-622,1066,right
348.543,-579,1099,right
349.059,-500,1321,right
349.164,-523,1290,right
349.241,-533,1277,right
349.339,-538,1269,right
349.453,-564,1236,right
349.564,-601,1189,right
351.125,-862,870,right
351.222,-796,882,right
351.315,-764,886,right
351.418,-763,886,right
351.802,-789,983,right
351.913,-792,995,right
352.022,-794,1005,right
352.142,-794,998,right
352.244,-795,998,right
352.361,-795,997,right
355.092,-643,1058,right
355.197,-643,1058,right
355.289,-640,1074,right
355.394,-655,1054,right
355.567,-622,1221,right
355.657,-606,1261,right
355.792,-607,1215,right
355.883,-607,1197,right
355.991,-604,1197,right
356.086,-603,1183,right
356.189,-603,1183,right
356.275,-603,1183,right
356.382,-603,1184,right
356.486,-603,1184,right
356.783,-603,1184,right
356.883,-603,1184,right
357.023,-603,1184,right
357.134,-603,1184,right
357.259,-603,1184,right
357.343,-603,1183,right
357.439,-603,1183,right
357.531,-603,1184,right
358.335,-736,1086,right
358.489,-829,1064,right
358.621,-844,991,right
358.720,-841,990,right
359.404,-584,995,right
359.497,-571,995,right
359.590,-496,1094,right
359.693,-463,1103,right
359.781,-408,1139,right
359.876,-284,1236,right
361.096,-355,905,right
361.205,-354,903,right
361.333,-349,881,right
361.406,-348,882,right
361.673,-254,1488,right
361.775,-263,1524,right
361.866,-277,1564,right
361.966,-288,1543,right
363.119,-996,480,right
363.212,-993,486,right
363.309,-989,471,right
363.408,-990,476,right
363.681,-843,383,right
363.783,-838,378,right
363.910,-837,395,right
364.007,-831,390,right
364.383,-707,377,right
364.460,-705,376,right
364.597,-680,365,right
364.718,-679,365,right
365.004,-842,521,right
365.087,-889,588,right
365.203,-915,713,right
365.304,-916,716,right
365.409,-924,819,right
365.509,-924,836,right
365.675,-919,905,right
365.788,-919,907,right
366.192,-938,546,right
366.298,-927,536,right
366.390,-882,522,right
366.534,-873,519,right
366.662,-860,514,right
366.796,-860,514,right
367.071,-529,448,right
367.169,-512,443,right
367.289,-510,429,right
367.396,-510,428,right
368.330,-404,461,right
368.425,-412,468,right
369.828,-755,1210,right
369.937,-807,1261,right
370.050,-792,1142,right
370.173,-819,1120,right
370.266,-832,1102,right
370.368,-834,1102,right
370.482,-834,1103,right
370.577,-846,1112,right
371.559,-613,1280,right
371.662,-654,1375,right
371.766,-694,1554,right
371.851,-697,1568,right
371.950,-711,1677,right
372.042,-715,1706,right
373.161,-730,281,right
373.240,-720,175,right
373.340,-689,153,right
373.444,-682,133,right
373.560,-662,187,right
373.674,-663,190,right
374.933,-574,518,right
375.020,-574,518,right
379.785,-760,959,right
379.873,-770,973,right
379.955,-770,966,right
380.058,-770,962,right
380.145,-770,954,right
380.233,-770,953,right
380.320,-745,923,right
380.411,-755,927,right
380.508,-770,911,right
380.636,-801,908,right
380.716,-806,893,right
380.803,-807,890,right
380.909,-802,783,right
381.108,-856,789,right
381.253,-816,882,right
381.368,-833,920,right
381.476,-839,916,right
381.593,-844,930,right
381.664,-833,909,right
381.773,-828,947,right
381.858,-825,971,right
381.959,-824,971,right
382.083,-801,1003,right
382.179,-800,1004,right
382.251,-782,1024,right
382.374,-781,1024,right
382.469,-772,1021,right
382.559,-769,1021,right
383.017,-471,1217,right
383.125,-455,1222,right
383.198,-445,1228,right
383.299,-447,1230,right
383.382,-494,1264,right
383.496,-485,1271,right
383.587,-476,1260,right
383.676,-476,1260,right
383.753,-472,1258,right
383.876,-472,1258,right
383.965,-475,1262,right
384.067,-473,1261,right
384.220,-544,1183,right
384.286,-622,1161,right
384.453,-461,1348,right
384.618,-797,1244,right
384.695,-762,1223,right
384.794,-804,1196,right
384.881,-805,1178,right
385.024,-839,1138,right
385.088,-850,1125,right
385.207,-918,1098,right
385.269,-918,1097,right
385.381,-923,1094,right
385.466,-924,1093,right
385.579,-924,1094,right
385.670,-924,1095,right
385.781,-997,1029,right
386.185,-837,906,right
386.299,-837,906,right
386.362,-838,898,right
386.510,-918,863,right
386.601,-963,846,right
386.714,-1002,832,right
386.798,-1087,756,right
386.848,-1279,422,right
387.085,-816,510,right
387.175,-762,547,right
387.259,-793,516,right
387.374,-822,476,right
387.457,-860,449,right
387.597,-929,378,right
387.672,-929,377,right
387.850,-965,359,right
387.920,-975,349,right
388.064,-996,351,right
388.160,-1003,339,right
388.287,-1024,330,right
388.431,-1023,317,right
388.552,-1038,310,right
389.684,-846,513,right
389.818,-851,372,right
389.908,-865,314,right
390.017,-875,307,right
390.609,-653,287,right
390.762,-1158,0,right
390.936,-1057,41,right
391.073,-1153,0,right
391.489,-958,575,right
391.586,-960,571,right
392.687,-676,1185,right
392.789,-590,1065,right
392.901,-463,1088,right
393.002,-516,1113,right
393.123,-494,1121,right
393.235,-497,1122,right
393.336,-502,1134,right
393.437,-531,1171,right
393.541,-536,1337,right
393.634,-568,1376,right
393.735,-572,1443,right
393.823,-626,1466,right
393.948,-566,1532,right
394.038,-558,1554,right
394.160,-567,1586,right
394.266,-576,1622,right
394.336,-573,1598,right
394.476,-523,1610,right
394.537,-516,1613,right
394.658,-515,1612,right
394.720,-488,1624,right
394.846,-481,1621,right
394.915,-435,1648,right
395.034,-432,1657,right
395.111,-405,1682,right
395.230,-404,1682,right
395.562,-441,1531,right
395.659,-585,1298,right
395.732,-610,1273,right
395.850,-642,1261,right
395.926,-651,1267,right
396.035,-698,1222,right
396.119,-705,1219,right
396.242,-723,1218,right
396.326,-741,1201,right
396.445,-769,1171,right
396.540,-771,1162,right
396.649,-796,1036,right
396.746,-795,1034,right
396.854,-799,982,right
396.956,-795,966,right
397.062,-800,935,right
397.165,-801,908,right
397.277,-813,850,right
397.360,-813,846,right
397.470,-830,782,right
397.561,-833,745,right
397.676,-854,658,right
397.769,-853,653,right
397.880,-871,632,right
397.978,-869,626,right
398.099,-874,618,right
398.193,-874,615,right
398.317,-877,609,right
398.414,-875,601,right
398.513,-879,589,right
399.441,-1249,1326,left
399.528,-1249,1326,left
400.864,-356,1298,right
400.980,-356,1298,right
414.761,-869,1343,right
414.852,-869,1343,right
414.963,-867,1341,right
415.040,-868,1328,right
415.151,-840,1321,right
415.252,-824,1309,right
415.344,-782,1305,right
415.421,-789,1261,right
415.505,-767,1295,right
415.611,-767,1302,right
415.696,-744,1314,right
415.787,-753,1313,right
415.874,-733,1327,right
415.973,-711,1365,right
416.873,-474,820,right
416.954,-462,758,right
417.034,-462,772,right
417.142,-458,769,right
417.211,-441,773,right
417.348,-420,752,right
417.420,-390,745,right
417.526,-382,755,right
417.617,-348,773,right
417.735,-328,779,right
417.837,-302,799,right
417.951,-293,780,right
418.042,-352,536,right
418.171,-410,480,right
418.240,-411,480,right
418.342,-411,481,right
418.606,-436,1180,right
418.707,-513,1150,right
418.778,-516,1127,right
418.889,-510,1149,right
418.975,-453,1147,right
419.081,-458,1125,right
419.137,-455,1120,right
419.242,-455,1106,right
419.316,-435,1145,right
419.444,-468,1199,right
419.481,-468,1202,right
419.584,-469,1210,right
419.658,-457,1333,right
419.788,-457,1338,right
419.866,-429,1374,right
419.965,-443,1346,right
420.033,-442,1357,right
420.122,-441,1370,right
420.202,-444,1450,right
420.329,-443,1453,right
420.398,-438,1450,right
420.497,-438,1452,right
420.571,-424,1495,right
420.680,-423,1500,right
420.780,-412,1528,right
420.901,-407,1528,right
420.993,-397,1552,right
421.124,-389,1559,right
421.210,-392,1554,right
421.301,-390,1551,right
421.376,-382,1546,right
421.491,-382,1544,right
421.606,-366,1568,right
421.644,-361,1564,right
422.321,-197,1493,right
422.409,-187,1491,right
422.489,-181,1485,right
422.674,-187,1468,right
422.779,-222,1458,right
422.866,-221,1458,right
422.945,-217,1462,right
423.071,-216,1468,right
423.130,-216,1468,right
423.266,-217,1468,right
423.362,-219,1466,right
423.470,-219,1466,right
423.581,-220,1466,right
423.671,-220,1467,right
424.840,-1099,1026,left
424.918,-1099,1021,left
425.721,-1239,1342,left
425.816,-1239,1342,left
428.009,-482,1096,right
428.098,-482,1096,right
438.135,-639,774,right
438.233,-749,611,right
438.335,-706,607,right
438.442,-699,607,right
438.527,-711,612,right
438.610,-715,621,right
438.702,-707,649,right
438.798,-707,651,right
440.526,-611,972,right
440.623,-611,972,right
440.897,-567,1193,right
440.986,-567,1194,right
441.080,-567,1194,right
441.178,-569,1199,right
441.283,-570,1199,right
441.396,-569,1198,right
441.552,-611,1106,right
441.648,-632,1028,right
441.760,-641,1021,right
441.870,-645,1009,right
441.987,-670,966,right
442.101,-673,946,right
450.184,-529,1348,right
450.288,-541,1386,right
450.381,-572,1410,right
450.496,-576,1387,right
450.565,-576,1387,right
450.678,-582,1379,right
450.792,-583,1379,right
450.891,-582,1379,right
457.730,-498,505,right
457.806,-563,512,right
457.910,-618,528,right
458.008,-619,525,right
458.111,-638,363,right
458.245,-521,0,right
458.340,-516,5,right
458.424,-516,5,right
458.596,-531,542,right
458.656,-546,546,right
458.817,-571,813,right
458.901,-571,818,right
458.997,-571,817,right
459.094,-572,823,right
459.186,-572,823,right
459.290,-572,827,right
459.438,-570,829,right
459.503,-570,829,right
460.458,-511,932,right
460.544,-510,939,right
460.640,-510,939,right
460.727,-510,939,right
460.825,-510,939,right
460.925,-510,945,right
461.013,-510,945,right
461.137,-510,945,right
461.225,-512,949,right
461.357,-512,948,right
461.447,-512,948,right
461.557,-512,948,right
468.134,-502,820,right
468.252,-502,820,right
468.465,-523,765,right
468.564,-524,764,right
468.668,-524,764,right
468.756,-523,764,right
469.492,-681,1525,right
469.580,-712,1579,right
469.680,-737,1613,right
469.763,-738,1615,right
469.859,-748,1638,right
469.953,-748,1648,right
470.512,-644,1651,right
470.637,-644,1651,right
471.524,-601,1130,right
471.624,-591,1126,right
471.729,-560,1122,right
471.819,-554,1121,right
471.967,-513,1146,right
472.031,-463,1133,right
472.144,-239,1088,right
472.267,-231,1088,right
472.315,-230,1095,right
472.456,-281,1100,right
473.097,-332,1004,right
473.183,-333,1004,right
473.293,-339,1024,right
473.394,-339,1027,right
473.552,-315,1054,right
473.663,-312,1054,right
473.758,-298,1007,right
473.872,-295,923,right
474.199,-298,676,right
474.313,-290,629,right
474.399,-300,618,right
474.526,-317,599,right
474.624,-330,641,right
474.721,-331,642,right
474.794,-388,760,right
474.909,-528,797,right
474.991,-576,801,right
475.076,-598,807,right
475.169,-595,799,right
475.259,-601,800,right
475.354,-601,789,right
475.445,-603,792,right
475.756,-610,742,right
475.848,-636,680,right
475.966,-465,815,right
476.052,-398,846,right
476.140,-232,993,right
476.262,-219,945,right
476.353,-230,991,right
476.442,-238,1019,right
476.497,-219,1032,right
476.609,-221,1031,right
476.699,-229,1068,right
476.816,-240,1098,right
476.901,-251,1144,right
477.060,-278,1196,right
477.225,-315,900,right
477.335,-430,815,right
477.410,-509,696,right
477.501,-546,638,right
477.592,-498,641,right
477.712,-494,642,right
477.797,-520,645,right
477.917,-539,675,right
477.993,-569,710,right
478.101,-589,724,right
478.198,-589,722,right
478.298,-628,638,right
478.383,-657,590,right
478.487,-712,561,right
478.573,-722,539,right
478.680,-758,492,right
478.765,-754,473,right
478.868,-764,454,right
479.007,-768,452,right
479.067,-786,459,right
479.177,-803,441,right
479.275,-824,406,right
479.364,-813,382,right
479.471,-833,398,right
479.884,-708,300,right
479.983,-663,152,right
480.075,-656,148,right
480.196,-656,117,right
480.325,-632,103,right
480.449,-625,13,right
482.676,-659,860,right
482.779,-664,951,right
482.872,-766,912,right
482.959,-811,911,right
483.062,-817,948,right
483.172,-818,946,right
483.259,-822,947,right
483.364,-839,941,right
483.465,-839,938,right
483.573,-840,938,right
483.878,-853,987,right
483.971,-899,1001,right
484.700,-688,1113,right
484.793,-707,1136,right
485.334,-633,1158,right
485.453,-640,1178,right
485.550,-646,1177,right
485.663,-673,1166,right
485.758,-702,1160,right
485.868,-719,1141,right
485.967,-721,1138,right
486.071,-761,1116,right
486.164,-771,1113,right
486.258,-779,1119,right
486.894,-747,1017,right
486.991,-760,1007,right
487.086,-779,974,right
487.199,-840,861,right
487.291,-847,842,right
487.399,-883,798,right
488.246,-712,1254,right
488.344,-711,1254,right
492.173,-868,965,right
492.288,-897,941,right
492.369,-955,772,right
492.467,-953,719,right
492.568,-944,696,right
492.658,-948,663,right
492.746,-891,629,right
492.864,-890,619,right
492.958,-884,618,right
493.055,-883,618,right
493.521,-825,927,right
493.648,-822,939,right
493.710,-822,937,right
493.823,-849,954,right
493.936,-848,1012,right
494.038,-846,1016,right
494.156,-796,1184,right
494.260,-801,1189,right
494.336,-809,1190,right
494.442,-869,1187,right
494.551,-878,1266,right
494.642,-896,1279,right
495.232,-764,1349,right
495.320,-768,1345,right
495.419,-764,1381,right
495.510,-767,1381,right
495.623,-774,1336,right
495.743,-787,1225,right
495.862,-718,1155,right
495.978,-712,1050,right
496.088,-692,1032,right
496.189,-689,1031,right
496.599,-289,1862,right
496.685,-350,1788,right
496.783,-390,1837,right
496.878,-390,1848,right
497.438,-451,1479,right
497.478,-513,1439,right
497.635,-571,1446,right
497.720,-577,1448,right
497.821,-614,1440,right
497.924,-694,1418,right
498.015,-696,1414,right
498.131,-698,1415,right
498.251,-714,1416,right
498.336,-725,1414,right
498.735,-659,1020,right
498.835,-674,668,right
498.933,-659,634,right
499.039,-629,513,right
499.140,-603,480,right
499.258,-596,460,right
499.389,-591,451,right
499.563,-591,452,right
499.670,-598,476,right
499.768,-598,477,right
500.189,-558,703,right
500.292,-547,601,right
500.414,-547,581,right
500.521,-547,580,right
500.834,-709,1006,right
500.926,-703,997,right
501.049,-617,913,right
501.160,-585,833,right
501.257,-578,823,right
501.348,-579,815,right
502.880,-708,879,right
502.975,-707,878,right
503.452,-631,922,right
503.535,-628,922,right
503.631,-629,925,right
503.739,-629,924,right
503.852,-633,928,right
503.931,-633,928,right
504.045,-633,928,right
504.129,-633,928,right
504.228,-633,928,right
504.339,-633,929,right
504.771,-611,958,right
504.871,-610,958,right
505.003,-602,961,right
505.102,-601,961,right
505.234,-568,961,right
505.355,-566,961,right
505.539,-698,881,right
505.624,-698,881,right
505.720,-698,881,right
505.842,-724,867,right
506.198,-502,1048,right
506.296,-381,1039,right
506.385,-290,1085,right
506.489,-268,1096,right
506.586,-236,1111,right
506.696,-170,1155,right
508.683,-665,779,right
508.792,-691,760,right
508.885,-695,739,right
508.985,-750,745,right
509.084,-759,704,right
509.186,-828,605,right
509.279,-817,590,right
509.378,-830,598,right
511.323,-1082,874,left
511.421,-1082,874,left
511.818,-419,958,right
511.917,-415,959,right
512.009,-409,958,right
512.108,-407,957,right
512.215,-393,948,right
512.303,-393,950,right
512.449,-305,981,right
512.534,-303,981,right
512.657,-304,981,right
512.758,-292,989,right
513.510,-331,1492,right
513.600,-288,1507,right
513.693,-283,1508,right
513.791,-283,1508,right
515.214,-223,1518,right
515.275,-223,1516,right
515.367,-221,1518,right
515.476,-227,1508,right
515.569,-227,1505,right
515.667,-227,1507,right
515.768,-228,1504,right
515.871,-233,1511,right
515.954,-247,1511,right
516.047,-248,1515,right
516.137,-248,1512,right
516.226,-248,1512,right
516.314,-249,1512,right
516.392,-249,1514,right
523.250,-485,1142,right
523.336,-484,1142,right
523.438,-478,1133,right
523.582,-476,1126,right
523.658,-476,1126,right
523.759,-476,1126,right
523.871,-475,1126,right
523.962,-475,1125,right
524.064,-455,1122,right
524.181,-455,1122,right
524.273,-455,1122,right
524.399,-455,1122,right
525.838,-495,955,right
525.925,-522,847,right
526.007,-548,847,right
526.114,-596,815,right
526.195,-655,825,right
526.321,-694,796,right
526.393,-741,795,right
526.502,-844,763,right
526.588,-872,744,right
526.690,-907,701,right
526.766,-955,685,right
526.889,-1279,504,right
527.167,-913,664,right
527.273,-915,647,right
527.360,-958,600,right
527.506,-998,558,right
527.986,-780,551,right
528.081,-783,557,right
528.183,-799,572,right
528.294,-816,577,right
528.391,-821,576,right
528.599,-885,562,right
528.697,-892,563,right
528.818,-901,563,right
528.914,-932,553,right
529.040,-954,538,right
529.158,-956,537,right
529.295,-959,537,right
530.441,-373,959,right
530.519,-376,958,right
530.626,-359,941,right
530.718,-359,941,right
530.802,-358,931,right
530.908,-393,933,right
531.004,-393,937,right
531.088,-393,940,right
531.168,-385,972,right
531.272,-393,947,right
531.359,-393,946,right
531.444,-393,946,right
531.545,-393,944,right
531.651,-399,945,right
531.784,-561,901,right
531.885,-753,816,right
531.976,-776,835,right
532.071,-818,843,right
532.156,-852,805,right
532.268,-908,779,right
532.359,-952,758,right
532.463,-985,748,right
532.558,-990,739,right
532.686,-1006,714,right
532.792,-1018,696,right
532.904,-1022,664,right
533.353,-872,719,right
533.449,-866,753,right
533.534,-874,758,right
533.648,-897,742,right
533.971,-909,1091,right
534.075,-928,1112,right
534.208,-922,1151,right
534.318,-900,1150,right
534.481,-873,1213,right
534.606,-874,1217,right
534.736,-890,1229,right
534.833,-913,1246,right
534.935,-926,1265,right
535.042,-926,1268,right
535.190,-929,1284,right
535.262,-929,1284,right
535.646,-856,1373,right
535.730,-856,1373,right
541.848,-995,1259,right
541.970,-995,1259,right
542.859,-899,1208,right
542.975,-915,1202,right
543.057,-911,1188,right
543.167,-919,1166,right
543.248,-935,1140,right
543.372,-947,1088,right
543.435,-947,1081,right
543.563,-969,1057,right
543.964,-812,1043,right
544.070,-812,1046,right
544.586,-739,1108,right
544.684,-739,1106,right
544.800,-746,1099,right
544.891,-746,1099,right
545.211,-722,1059,right
545.312,-713,999,right
545.405,-743,985,right
545.523,-763,987,right
545.621,-786,1016,right
545.740,-839,1041,right
545.839,-834,1084,right
545.915,-831,1088,right
551.319,-801,1471,right
551.416,-801,1471,right
562.046,-1256,1322,left
562.149,-1256,1322,left
564.103,-368,1028,right
564.205,-368,1028,right
569.228,-1234,1955,right
569.286,-1233,1955,right
570.742,-1116,1907,right
570.864,-1114,1907,right
571.978,-1237,1906,left
572.076,-1237,1905,left
579.842,-494,1229,right
579.906,-494,1226,right
580.005,-495,1225,right
580.076,-495,1227,right
580.170,-496,1227,right
580.270,-506,1241,right
580.355,-510,1195,right
580.435,-526,1166,right
580.522,-480,1222,right
580.638,-484,1273,right
580.847,-875,999,right
580.951,-918,852,right
581.026,-926,722,right
581.130,-899,582,right
581.205,-872,551,right
581.316,-869,520,right
581.388,-869,505,right
581.522,-881,454,right
581.588,-885,444,right
581.711,-895,428,right
581.792,-902,420,right
581.913,-918,399,right
581.986,-920,391,right
582.129,-946,391,right
582.208,-951,387,right
582.343,-974,363,right
582.710,-1019,801,right
582.799,-1019,802,right
582.884,-921,963,right
582.991,-919,964,right
583.063,-861,1069,right
583.164,-887,1070,right
583.244,-912,1158,right
583.359,-948,1183,right
583.502,-836,1300,right
583.599,-792,1356,right
583.681,-781,1345,right
583.793,-724,1358,right
583.869,-725,1417,right
583.998,-787,1389,right
584.056,-766,1378,right
584.175,-755,1434,right
584.240,-746,1444,right
584.354,-733,1460,right
584.413,-733,1474,right
584.516,-744,1482,right
584.581,-746,1488,right
584.873,-748,1477,right
584.957,-755,1448,right
585.078,-736,1508,right
587.324,-1277,1324,left
587.428,-1277,1325,left
589.554,-74,1070,left
589.653,-73,1070,left
590.883,-54,1063,left
590.979,-54,1063,left
591.654,-1271,1354,left
591.758,-1266,1352,left
599.260,-89,513,left
599.414,-83,513,left
601.562,-525,256,left
601.660,-524,256,left
602.466,-369,745,left
602.557,-368,748,left
603.380,-381,1349,right
603.484,-381,1349,right
603.711,-378,1322,right
603.779,-378,1322,right
604.682,-457,694,right
604.773,-458,689,right
604.866,-441,657,right
604.943,-466,674,right
605.046,-532,834,right
605.140,-533,839,right
605.236,-532,873,right
605.339,-532,876,right
605.412,-533,877,right
605.506,-533,879,right
605.605,-553,902,right
605.685,-553,907,right
605.786,-553,916,right
605.867,-552,920,right
609.171,-719,954,right
609.288,-731,969,right
609.351,-734,969,right
609.457,-737,970,right
609.559,-747,971,right
609.658,-749,976,right
609.765,-754,978,right
609.892,-754,980,right
612.597,-1181,1894,right
612.728,-1181,1896,right
613.178,-1181,1897,right
613.296,-1181,1897,right
622.703,-167,1316,right
622.824,-201,1300,right
622.913,-209,1294,right
622.986,-209,1294,right
623.094,-252,1339,right
623.191,-254,1327,right
623.313,-218,1328,right
623.415,-212,1326,right
623.503,-209,1326,right
623.574,-207,1326,right
623.684,-208,1330,right
623.771,-208,1330,right
623.872,-203,1344,right
623.968,-203,1344,right
624.054,-202,1347,right
624.146,-202,1347,right
624.243,-201,1349,right
624.350,-200,1349,right
624.448,-205,1349,right
624.549,-201,1350,right
624.614,-200,1350,right
624.735,-200,1350,right
624.833,-201,1350,right
624.937,-201,1347,right
625.019,-201,1347,right
625.119,-201,1347,right
629.524,-277,1372,right
629.627,-286,1369,right
629.726,-305,1367,right
629.820,-305,1367,right
629.921,-341,1360,right
630.032,-342,1362,right
630.118,-343,1362,right
630.239,-343,1363,right
630.325,-344,1363,right
630.450,-343,1363,right
630.561,-343,1363,right
630.670,-343,1363,right
630.782,-343,1363,right
630.891,-343,1363,right
630.998,-343,1366,right
631.099,-343,1366,right
631.229,-342,1375,right
631.296,-342,1375,right
631.455,-457,1391,right
631.636,-504,1421,right
631.730,-508,1424,right
631.832,-508,1424,right
631.924,-509,1423,right
632.034,-509,1418,right
632.266,-375,1235,right
632.383,-374,1235,right
632.788,-363,1229,right
632.885,-362,1229,right
633.790,-884,1458,right
633.867,-899,1458,right
633.955,-951,1481,right
634.033,-966,1488,right
634.125,-992,1530,right
634.238,-994,1542,right
635.459,-0,1229,right
635.581,-245,1228,right
635.673,-268,1329,right
635.769,-283,1350,right
635.862,-298,1328,right
635.940,-309,1345,right
636.876,-432,1439,right
636.965,-436,1428,right
637.056,-438,1428,right
637.142,-448,1435,right
638.606,-456,1214,right
638.740,-444,1187,right
638.793,-452,1221,right
638.915,-464,1266,right
639.189,-465,956,right
639.273,-414,592,right
639.367,-407,491,right
639.459,-381,448,right
639.546,-361,407,right
639.661,-359,383,right
639.750,-354,375,right
639.871,-347,293,right
639.948,-341,253,right
640.071,-332,137,right
640.167,-333,127,right
640.290,-339,118,right
640.461,-398,54,right
640.564,-399,48,right
640.650,-421,0,right
640.801,-481,0,right
641.126,-427,601,right
641.226,-446,595,right
641.343,-466,605,right
641.444,-463,594,right
641.756,-271,573,right
641.853,-269,573,right
641.954,-270,585,right
642.132,-274,577,right
643.587,-1081,949,left
643.659,-1082,949,left
652.148,-410,996,right
652.299,-410,996,right
660.953,-1005,1870,left
661.063,-1005,1870,left
665.893,-1087,1964,left
666.015,-1089,1937,left
670.066,-599,1473,right
670.164,-665,1561,right
670.236,-642,1587,right
670.331,-641,1618,right
670.420,-648,1749,right
670.518,-661,1772,right
670.590,-671,1843,right
670.703,-719,2047,right
671.197,-714,1419,right
671.305,-714,1419,right
671.417,-753,1416,right
671.510,-802,1419,right
671.612,-845,1433,right
671.706,-861,1451,right
671.794,-869,1453,right
671.918,-919,1508,right
672.366,-799,1286,right
672.462,-799,1286,right
672.570,-807,1336,right
672.673,-818,1356,right
672.794,-816,1376,right
672.907,-816,1378,right
673.023,-823,1388,right
673.128,-823,1388,right
673.259,-822,1376,right
673.360,-822,1357,right
673.473,-818,1360,right
673.590,-816,1360,right
673.695,-813,1363,right
673.811,-812,1363,right
673.929,-812,1363,right
674.045,-813,1364,right
674.640,-814,1362,right
674.771,-841,1352,right
674.862,-887,1371,right
674.959,-950,1396,right
675.060,-978,1419,right
675.169,-1015,1432,right
675.536,-965,1374,right
675.628,-967,1382,right
675.747,-1002,1419,right
675.849,-1040,1482,right
676.998,-1223,1968,right
677.087,-1223,1969,right
677.484,-1222,1988,right
677.597,-1222,1987,right
680.495,-676,1500,right
680.589,-683,1494,right
680.716,-600,1608,right
680.852,-577,1638,right
680.939,-600,1588,right
681.059,-629,1537,right
681.161,-629,1537,right
681.263,-629,1537,right
681.334,-630,1536,right
681.427,-653,1473,right
690.213,-335,979,right
690.313,-336,932,right
690.415,-320,904,right
690.508,-320,903,right
691.296,-141,563,right
691.413,-180,537,right
692.208,-459,1074,right
692.304,-483,1097,right
692.423,-519,1166,right
692.530,-491,1137,right
692.798,-560,1389,right
692.895,-621,1423,right
693.012,-630,1442,right
693.120,-632,1446,right
694.627,-775,1644,right
694.703,-775,1644,right
694.828,-769,1700,right
694.910,-769,1700,right
695.034,-682,1758,right
695.123,-658,1770,right
695.808,-345,1495,right
695.914,-344,1495,right
697.134,-255,1414,right
697.251,-278,1417,right
697.424,-306,1413,right
697.486,-320,1406,right
697.741,-279,1354,right
697.850,-276,1352,right
698.029,-271,1352,right
698.130,-271,1352,right
698.228,-271,1352,right
698.326,-271,1352,right
698.420,-273,1362,right
698.556,-274,1369,right
698.628,-274,1369,right
698.749,-274,1369,right
698.839,-274,1369,right
698.935,-274,1369,right
708.572,-415,1223,right
708.922,-414,1296,right
708.986,-414,1295,right
709.133,-414,1295,right
709.192,-414,1295,right
709.315,-414,1294,right
709.434,-417,1289,right
709.552,-417,1289,right
710.227,-416,1450,right
710.340,-478,1503,right
710.429,-480,1504,right
710.543,-478,1502,right
710.621,-478,1501,right
710.718,-482,1502,right
710.819,-496,1507,right
710.935,-499,1512,right
711.018,-499,1513,right
711.129,-499,1512,right
711.221,-499,1512,right
711.333,-499,1512,right
711.698,-663,1125,right
711.775,-663,1125,right
711.907,-640,1133,right
712.005,-638,1133,right
712.119,-613,1141,right
712.227,-588,1134,right
712.305,-573,1133,right
712.413,-572,1133,right
712.485,-572,1133,right
712.601,-572,1133,right
713.422,-604,1452,right
713.497,-605,1455,right
713.595,-607,1468,right
713.693,-607,1461,right
713.781,-608,1465,right
713.875,-608,1465,right
713.972,-606,1495,right
714.070,-605,1495,right
714.159,-605,1495,right
714.252,-605,1495,right
714.559,-502,1148,right
714.649,-480,1140,right
714.747,-415,1133,right
714.860,-462,1117,right
714.970,-658,1087,right
715.099,-851,1134,right
715.186,-841,1113,right
715.283,-820,1069,right
715.405,-752,942,right
715.537,-734,864,right
716.075,-313,369,right
716.189,-303,369,right
717.525,-549,917,right
717.623,-500,871,right
718.350,-1083,956,left
718.427,-1083,956,left
718.980,-364,1067,right
719.080,-385,1054,right
719.961,-393,739,right
720.050,-393,740,right
720.959,-1037,1877,left
721.051,-1036,1875,left
726.307,-1019,1876,left
726.426,-1017,1878,left
727.195,-466,1384,right
727.285,-466,1384,right
728.036,-822,1343,right
728.127,-822,1344,right
731.596,-391,1426,right
731.678,-396,1431,right
731.763,-397,1430,right
731.848,-396,1429,right
731.941,-391,1467,right
732.043,-448,1427,right
732.146,-447,1420,right
732.249,-463,1393,right
732.335,-470,1381,right
732.439,-488,1355,right
732.528,-485,1335,right
732.621,-499,1299,right
732.821,-521,1240,right
732.919,-550,1147,right
733.008,-547,1147,right
733.139,-572,1084,right
733.176,-572,1079,right
733.307,-601,1065,right
733.383,-595,1051,right
733.485,-597,1034,right
733.555,-597,1023,right
733.669,-590,1003,right
733.742,-589,995,right
733.852,-588,995,right
735.769,-443,1638,right
735.882,-448,1571,right
735.956,-455,1593,right
736.103,-461,1615,right
736.191,-442,1633,right
736.283,-440,1631,right
736.381,-412,1670,right
736.485,-423,1654,right
736.571,-431,1688,right
736.687,-425,1641,right
736.770,-426,1646,right
736.942,-426,1646,right
737.771,-425,1704,right
737.862,-517,1611,right
737.945,-576,1606,right
738.056,-579,1607,right
738.156,-633,1560,right
738.283,-736,1447,right
738.372,-794,1443,right
738.491,-976,1460,right
738.795,-881,1265,right
738.907,-952,1241,right
738.994,-955,1238,right
739.097,-971,1234,right
739.189,-994,1229,right
739.292,-1129,1185,right
739.622,-879,1121,right
739.725,-880,1116,right
739.829,-885,1116,right
739.923,-885,1113,right
740.033,-888,1111,right
740.158,-900,1014,right
740.288,-518,974,right
740.411,-305,724,right
740.559,-0,390,right
740.662,-162,459,right
740.766,-260,740,right
740.869,-291,727,right
740.958,-336,746,right
741.070,-311,643,right
741.147,-302,611,right
741.267,-319,603,right
741.348,-325,601,right
741.440,-341,593,right
741.538,-346,591,right
741.643,-353,577,right
741.994,-354,577,right
742.131,-355,572,right
742.282,-365,577,right
742.389,-365,576,right
742.495,-365,577,right
742.604,-364,576,right
742.718,-365,576,right
742.814,-364,576,right
746.801,-935,1447,right
746.897,-989,1469,right
746.980,-1006,1499,right
747.083,-1015,1469,right
747.175,-1014,1469,right
747.270,-1032,1475,right
747.937,-1090,1463,right
748.042,-1090,1465,right
748.155,-1089,1471,right
748.237,-1125,1467,right
748.557,-839,1443,right
748.656,-841,1428,right
748.746,-943,1421,right
748.847,-963,1386,right
748.942,-964,1385,right
749.057,-963,1361,right
749.160,-997,1358,right
749.262,-1020,1323,right
749.371,-1015,1252,right
749.481,-990,1026,right
749.573,-975,942,right
749.657,-978,921,right
750.313,-1082,874,left
750.385,-1083,874,left
750.697,-146,797,right
750.784,-134,799,right
750.917,-163,933,right
751.026,-200,968,right
751.116,-232,984,right
751.215,-258,979,right
751.313,-258,979,right
751.401,-258,979,right
751.498,-257,975,right
751.606,-257,947,right
753.153,-925,1586,right
753.253,-986,1560,right
753.333,-1050,1525,right
753.425,-1092,1492,right
753.527,-1058,1477,right
753.628,-1052,1444,right
753.710,-1041,1429,right
753.828,-1044,1392,right
753.914,-1043,1387,right
754.044,-1044,1360,right
754.613,-892,1082,right
754.715,-892,1081,right
754.825,-895,1076,right
754.919,-873,1056,right
755.035,-758,1029,right
755.120,-741,999,right
755.244,-715,798,right
755.359,-717,628,right
755.465,-721,631,right
755.564,-696,582,right
755.673,-663,544,right
755.801,-662,541,right
755.893,-646,496,right
756.017,-643,479,right
757.392,-731,663,right
757.489,-755,639,right
757.608,-774,623,right
757.705,-775,629,right
758.135,-630,905,right
758.226,-630,909,right
758.403,-557,1034,right
758.527,-548,1040,right
758.656,-545,1152,right
758.753,-577,1185,right
758.848,-567,1257,right
758.952,-571,1248,right
759.056,-571,1253,right
759.158,-571,1250,right
759.279,-572,1249,right
759.386,-575,1249,right
759.481,-576,1249,right
759.592,-584,1256,right
759.686,-585,1258,right
759.797,-587,1262,right
759.899,-587,1263,right
759.992,-587,1263,right
760.127,-582,1274,right
760.249,-582,1272,right
760.359,-556,1265,right
760.463,-556,1260,right
760.592,-405,1127,right
760.712,-404,1118,right
760.802,-379,1106,right
760.903,-390,1145,right
761.029,-440,1254,right
761.137,-474,1287,right
761.205,-503,1289,right
761.301,-569,1274,right
761.396,-566,1267,right
761.488,-564,1265,right
761.584,-541,1291,right
761.690,-555,1332,right
761.783,-503,1449,right
761.885,-494,1449,right
761.952,-474,1476,right
762.055,-473,1472,right
762.127,-571,1253,right
762.247,-569,1257,right
762.341,-552,1292,right
762.433,-542,1298,right
762.508,-536,1299,right
762.625,-539,1305,right
762.691,-539,1305,right
762.794,-539,1305,right
762.881,-520,1301,right
763.021,-530,1295,right
766.281,-1082,988,left
766.338,-1082,988,left
766.632,-1083,1005,left
766.731,-1082,1006,left
767.365,-1251,1365,left
767.443,-1251,1365,left
769.613,-376,995,right
769.751,-375,995,right
773.944,-1094,1946,left
774.050,-1094,1946,left
779.303,-1124,1881,left
779.398,-1124,1881,left
783.654,-1128,1870,left
783.774,-1128,1872,left
788.759,-1162,1851,right
788.866,-1162,1851,right
790.019,-1246,1912,right
790.130,-1246,1912,right
790.462,-1236,1929,right
790.578,-1236,1929,right
791.840,-986,1818,left
791.930,-986,1818,left
795.871,-1146,1888,left
796.010,-1146,1888,left
801.680,-646,1666,right
801.776,-646,1666,right
802.908,-645,1540,right
803.014,-637,1547,right
804.087,-690,1442,right
804.229,-690,1442,right
807.548,-669,1293,right
807.647,-651,1287,right
807.739,-654,1295,right
807.836,-656,1300,right
808.569,-441,1387,right
808.666,-440,1387,right
812.119,-255,1573,right
812.222,-255,1573,right
813.676,-254,755,right
813.777,-254,756,right
815.412,-1026,1746,left
815.511,-1038,1752,left
821.847,-463,1143,right
821.926,-470,1138,right
822.014,-460,1204,right
822.141,-484,1159,right
822.202,-483,1157,right
822.300,-482,1158,right
822.385,-474,1212,right
822.477,-479,1216,right
822.570,-481,1214,right
822.646,-481,1215,right
822.727,-481,1215,right
822.841,-482,1216,right
822.919,-490,1207,right
823.047,-443,1166,right
823.138,-423,1178,right
823.215,-422,1179,right
823.294,-422,1179,right
823.429,-422,1179,right
823.508,-422,1179,right
823.621,-422,1179,right
823.707,-421,1178,right
823.813,-415,1177,right
823.898,-415,1177,right
824.002,-415,1177,right
824.092,-422,1193,right
824.185,-422,1193,right
824.419,-275,1444,right
824.532,-277,1443,right
824.637,-283,1433,right
824.744,-282,1434,right
826.660,-585,1487,right
826.754,-584,1487,right
826.842,-581,1465,right
826.916,-578,1451,right
827.042,-575,1129,right
827.138,-681,1103,right
827.431,-904,929,right
827.536,-904,932,right
827.660,-949,874,right
827.776,-952,883,right
827.865,-974,884,right
827.984,-982,870,right
828.214,-601,1083,right
828.306,-522,1087,right
828.405,-447,1150,right
828.511,-427,1175,right
828.591,-387,1223,right
828.698,-379,1241,right
829.341,-415,1199,right
829.442,-442,1195,right
829.544,-454,1194,right
829.660,-454,1197,right
829.768,-455,1197,right
829.884,-457,1200,right
829.985,-455,1200,right
830.107,-455,1200,right
830.229,-443,1203,right
830.338,-449,1199,right
830.459,-469,1191,right
830.567,-496,1186,right
830.668,-558,1126,right
830.743,-573,1136,right
830.845,-562,1167,right
830.938,-562,1168,right
831.190,-447,1260,right
831.279,-447,1260,right
831.407,-432,1320,right
831.502,-429,1320,right
831.608,-376,1295,right
831.703,-393,1285,right
831.806,-515,1365,right
831.900,-668,1438,right
831.993,-721,1476,right
832.075,-730,1488,right
832.165,-762,1555,right
832.282,-896,1678,right
832.957,-1079,1892,right
833.075,-1088,1916,right
833.344,-1084,1924,right
833.446,-1084,1924,right
835.455,-1092,862,left
835.555,-1091,862,left
840.237,-371,1276,right
840.328,-369,1276,right
840.422,-335,1269,right
840.519,-329,1247,right
840.608,-275,1247,right
840.709,-267,1251,right
840.861,-268,1251,right
840.961,-268,1252,right
841.067,-276,1272,right
841.188,-276,1273,right
841.339,-328,1350,right
841.446,-355,1381,right
841.528,-372,1396,right
841.633,-375,1400,right
841.731,-379,1401,right
841.819,-382,1404,right
841.942,-378,1495,right
842.054,-380,1499,right
842.171,-382,1499,right
842.299,-398,1505,right
843.425,-488,822,right
843.544,-494,835,right
844.347,-858,1252,right
844.443,-858,1252,right
844.859,-888,1267,right
844.918,-892,1275,right
845.058,-870,1459,right
845.150,-870,1462,right
845.260,-848,1506,right
845.352,-847,1505,right
845.598,-640,1345,right
845.696,-620,1315,right
845.792,-599,1318,right
845.893,-598,1317,right
846.005,-536,1299,right
846.104,-535,1299,right
846.214,-514,1295,right
846.313,-511,1292,right
846.554,-441,1228,right
846.665,-434,1179,right
846.778,-395,1192,right
846.892,-383,1186,right
848.851,-457,834,right
848.947,-487,845,right
849.054,-440,885,right
849.172,-397,860,right
849.267,-339,841,right
849.378,-339,841,right
850.423,-349,845,right
850.535,-349,845,right
850.717,-340,916,right
850.838,-350,916,right
850.984,-353,916,right
851.080,-366,916,right
852.872,-1113,1904,left
852.986,-1107,1908,left
854.485,-313,1216,right
854.563,-323,1218,right
854.656,-303,1289,right
854.742,-326,1279,right
855.095,-142,1390,right
855.181,-158,1394,right
858.679,-381,529,right
858.785,-442,526,right
858.898,-448,528,right
858.983,-436,527,right
859.097,-392,509,right
859.200,-391,508,right
859.311,-351,486,right
859.422,-351,485,right
859.545,-351,485,right
859.679,-351,485,right
860.950,-612,1209,right
861.029,-612,1211,right
861.124,-628,1308,right
861.227,-644,1317,right
861.307,-654,1334,right
861.407,-655,1344,right
861.534,-643,1482,right
861.628,-642,1483,right
861.834,-592,1559,right
861.891,-591,1559,right
862.159,-400,1518,right
862.256,-401,1519,right
862.385,-429,1580,right
862.480,-440,1593,right
863.408,-475,1741,right
863.478,-482,1734,right
863.607,-518,1645,right
863.705,-520,1631,right
863.813,-623,1476,right
863.914,-697,1426,right
864.025,-743,1419,right
864.141,-745,1400,right
864.235,-782,1363,right
864.342,-905,1218,right
864.434,-970,1211,right
864.544,-999,1255,right
864.618,-1040,1429,right
864.728,-1065,1444,right
864.803,-1094,1456,right
864.935,-1279,1515,right
865.225,-869,1304,right
865.338,-853,1282,right
865.428,-863,1295,right
865.536,-866,1299,right
865.620,-890,1337,right
865.740,-895,1346,right
865.837,-904,1383,right
865.957,-912,1399,right
866.052,-917,1417,right
866.187,-925,1425,right
866.276,-925,1426,right
866.407,-929,1430,right
866.503,-950,1440,right
866.612,-959,1454,right
866.709,-967,1472,right
866.825,-966,1472,right
866.927,-966,1472,right
867.037,-966,1472,right
867.149,-932,1599,right
867.250,-924,1615,right
867.353,-839,1740,right
867.482,-804,1812,right
867.990,-813,1566,right
868.073,-813,1566,right
868.185,-813,1566,right
868.300,-844,1483,right
868.761,-721,1295,right
868.878,-732,1283,right
868.985,-807,1427,right
869.107,-810,1437,right
869.319,-858,1641,right
869.444,-931,1625,right
869.560,-926,1618,right
869.675,-917,1583,right
869.767,-914,1588,right
869.867,-912,1587,right
869.934,-899,1579,right
870.047,-892,1577,right
870.130,-880,1574,right
870.260,-879,1574,right
870.382,-879,1574,right
870.472,-879,1574,right
870.589,-879,1574,right
870.712,-879,1574,right
872.638,-365,1178,right
872.739,-394,1141,right
872.827,-408,1137,right
873.137,-429,1062,right
873.229,-425,1034,right
873.339,-414,892,right
873.439,-414,858,right
873.536,-433,794,right
873.640,-441,784,right
873.763,-450,749,right
873.869,-470,612,right
873.975,-470,519,right
875.460,-826,923,right
875.577,-808,890,right
875.659,-799,901,right
875.757,-788,915,right
875.862,-735,1028,right
875.969,-736,1014,right
876.090,-634,1055,right
876.160,-623,1067,right
876.237,-597,1144,right
876.350,-673,1127,right
876.432,-711,1163,right
876.546,-710,1161,right
876.602,-685,1154,right
876.709,-694,1164,right
876.789,-667,1151,right
876.910,-649,1143,right
876.979,-633,1139,right
877.088,-636,1141,right
877.169,-668,1168,right
877.281,-656,1159,right
877.358,-645,1140,right
877.459,-642,1137,right
877.541,-643,1137,right
877.634,-645,1141,right
877.734,-628,1149,right
877.874,-627,1147,right
877.961,-627,1146,right
878.096,-632,1134,right
878.169,-633,1075,right
878.283,-857,774,right
878.359,-875,756,right
878.471,-1029,664,right
878.541,-1030,659,right
878.655,-1039,647,right
878.728,-1030,630,right
878.845,-1047,614,right
878.934,-1050,605,right
879.053,-1071,561,right
879.136,-1068,554,right
879.250,-1130,401,right
879.566,-931,772,right
879.668,-928,772,right
879.754,-936,772,right
879.880,-940,761,right
880.372,-818,536,right
880.487,-821,536,right
880.597,-857,570,right
880.733,-868,580,right
881.492,-1279,319,right
881.541,-1279,228,right
881.726,-907,581,right
881.835,-905,586,right
881.935,-927,597,right
882.018,-970,720,right
882.106,-969,849,right
882.223,-988,856,right
882.306,-994,924,right
882.436,-994,925,right
883.373,-1265,1375,left
883.463,-1265,1375,left
884.144,-274,1159,right
884.245,-273,1159,right
894.010,-1093,1911,left
894.085,-1093,1911,left
902.809,-997,1846,left
902.966,-996,1843,left
904.806,-1099,1931,left
904.925,-1097,1930,left
905.631,-1116,2000,left
905.740,-1116,2000,left
907.872,-1005,1852,left
908.008,-1003,1850,left
913.731,-519,1024,right
913.828,-517,1023,right
913.912,-512,1022,right
913.993,-515,1034,right
914.093,-514,1038,right
914.194,-514,1041,right
914.590,-529,1533,right
914.697,-530,1534,right
914.824,-549,1500,right
914.948,-567,1488,right
915.010,-567,1488,right
915.100,-567,1488,right
915.184,-564,1484,right
915.272,-567,1492,right
915.402,-565,1510,right
915.484,-565,1510,right
915.632,-565,1510,right
915.702,-565,1510,right
916.086,-465,1420,right
916.204,-465,1420,right
917.704,-572,365,right
917.815,-572,366,right
917.935,-598,330,right
918.043,-625,237,right
918.181,-611,230,right
918.282,-610,229,right
918.359,-609,221,right
918.470,-609,221,right
919.606,-1082,779,left
919.679,-1082,779,left
919.892,-750,1238,right
919.988,-764,1198,right
920.064,-765,1208,right
920.149,-756,1212,right
920.253,-648,1458,right
920.340,-649,1466,right
920.432,-602,1657,right
920.541,-605,1676,right
922.675,-668,1244,right
922.768,-668,1244,right
923.577,-383,1295,right
923.688,-381,1295,right
924.432,-303,1280,right
924.542,-302,1255,right
926.228,-388,663,right
926.334,-418,494,right
926.421,-496,381,right
926.521,-488,356,right
926.597,-498,361,right
926.715,-501,334,right
927.854,-525,569,right
927.953,-529,568,right
928.045,-542,556,right
928.139,-550,536,right
928.235,-591,588,right
928.333,-605,598,right
928.442,-612,589,right
928.556,-620,581,right
928.733,-626,569,right
928.870,-655,552,right
928.987,-653,472,right
929.093,-675,243,right
929.197,-704,230,right
929.301,-704,230,right
929.889,-971,387,right
930.000,-1047,236,right
930.100,-1050,236,right
930.200,-1059,241,right
930.836,-1118,220,right
930.971,-1279,0,right
931.285,-937,669,right
931.398,-938,672,right
931.530,-949,694,right
931.648,-971,708,right
932.028,-874,1109,right
932.118,-867,1117,right
932.454,-742,1223,right
932.570,-838,1296,right
932.670,-873,1343,right
932.788,-882,1344,right
932.883,-883,1353,right
932.975,-883,1353,right
933.057,-883,1353,right
933.175,-886,1357,right
933.416,-885,1450,right
933.527,-886,1455,right
933.632,-941,1440,right
933.741,-990,1440,right
933.838,-1012,1458,right
933.927,-1044,1480,right
934.012,-1052,1487,right
934.121,-1089,1530,right
934.730,-964,1506,right
934.832,-983,1478,right
935.567,-1008,1461,right
935.692,-1008,1461,right
938.811,-562,1096,right
938.964,-562,1096,right
939.067,-478,1042,right
939.208,-419,1000,right
939.330,-354,974,right
939.463,-333,939,right
939.628,-282,858,right
939.783,-313,815,right
940.009,-529,891,right
940.144,-670,919,right
940.226,-680,925,right
940.338,-748,921,right
940.994,-1084,1916,right
941.150,-1085,1904,right
941.592,-1096,1904,right
941.705,-1100,1904,right
942.498,-1097,1899,left
942.575,-1097,1899,left
948.983,-729,986,right
949.081,-726,986,right
949.192,-728,995,right
949.295,-728,994,right
949.393,-722,990,right
949.496,-721,990,right
952.031,-1105,1978,right
952.153,-1099,1976,right
952.655,-1098,1981,right
952.763,-1097,1980,right
953.012,-1085,1980,left
953.104,-1085,1980,left
957.201,-555,1130,right
957.281,-554,1130,right
957.557,-625,1174,right
957.631,-626,1173,right
957.767,-645,1186,right
957.861,-642,1182,right
958.285,-623,1120,right
958.395,-623,1119,right
959.339,-738,1150,right
959.465,-738,1150,right
964.683,-921,1636,right
964.779,-921,1634,right
964.908,-922,1634,right
965.010,-921,1634,right
966.435,-772,1708,right
966.529,-781,1706,right
966.633,-842,1679,right
966.741,-831,1652,right
966.824,-831,1652,right
966.935,-826,1646,right
967.039,-754,1619,right
967.131,-763,1624,right
968.147,-880,1644,right
968.250,-875,1638,right
968.318,-874,1632,right
968.429,-853,1428,right
968.508,-780,1197,right
968.618,-815,1100,right
968.686,-756,1044,right
968.819,-745,932,right
968.891,-746,925,right
969.000,-746,918,right
969.104,-747,915,right
969.214,-748,879,right
969.332,-733,815,right
969.434,-737,763,right
969.548,-702,648,right
969.674,-693,566,right
969.774,-667,502,right
969.887,-660,433,right
970.403,-529,181,right
970.539,-517,113,right
971.939,-462,0,right
972.029,-500,41,right
972.133,-583,542,right
972.245,-622,511,right
972.336,-632,493,right
972.440,-640,474,right
972.551,-659,465,right
972.653,-668,430,right
972.747,-678,398,right
972.867,-697,363,right
972.960,-717,361,right
973.071,-731,363,right
973.168,-734,363,right
973.267,-746,355,right
973.370,-769,357,right
973.483,-802,360,right
973.930,-960,489,right
974.026,-963,487,right
974.116,-976,441,right
974.233,-980,432,right
974.339,-983,418,right
974.513,-999,399,right
974.633,-1008,393,right
974.829,-1053,337,right
974.941,-1062,323,right
975.066,-1114,223,right
975.797,-859,592,right
975.908,-888,554,right
976.231,-922,0,right
976.294,-943,0,right
977.068,-680,690,right
977.180,-680,690,right
977.382,-635,705,right
977.475,-635,705,right
977.922,-428,1546,right
978.011,-427,1510,right
978.086,-430,1504,right
978.204,-458,1446,right
978.271,-461,1435,right
978.373,-464,1429,right
979.267,-660,1443,right
979.351,-665,1454,right
979.452,-694,1473,right
979.548,-714,1461,right
979.642,-733,1456,right
979.743,-752,1461,right
979.893,-694,1699,right
979.999,-684,1706,right
980.253,-840,1576,right
980.360,-845,1581,right
980.602,-545,1808,right
980.699,-515,1847,right
980.798,-498,1986,right
980.903,-501,2022,right
982.367,-714,51,right
982.470,-733,41,right
982.551,-844,0,right
982.660,-939,0,right
982.800,-969,391,right
982.905,-961,488,right
983.013,-909,418,right
983.132,-909,423,right
983.404,-652,905,right
983.510,-610,1069,right
983.665,-516,1253,right
983.764,-492,1368,right
983.850,-503,1470,right
983.968,-595,1472,right
984.048,-607,1474,right
984.158,-599,1594,right
984.832,-664,1543,right
984.937,-701,1566,right
985.022,-741,1569,right
985.112,-741,1573,right
985.224,-718,1578,right
985.314,-718,1578,right
985.432,-691,1596,right
985.541,-691,1598,right
985.994,-522,1480,right
986.151,-586,1412,right
986.271,-586,1420,right
986.362,-587,1384,right
986.513,-468,1467,right
986.607,-454,1461,right
986.720,-387,1425,right
986.805,-410,1437,right
986.977,-440,920,right
987.086,-627,842,right
987.254,-393,948,right
987.329,-326,944,right
987.461,-231,968,right
987.572,-201,1007,right
987.661,-212,1095,right
987.753,-237,1102,right
987.853,-230,1161,right
987.941,-254,1127,right
988.034,-486,1068,right
988.134,-684,822,right
988.230,-689,897,right
988.346,-730,936,right
988.445,-682,1001,right
988.546,-676,969,right
988.652,-494,722,right
988.764,-630,742,right
988.847,-701,743,right
988.959,-777,683,right
989.062,-791,795,right
989.170,-795,898,right
989.294,-779,963,right
989.412,-809,1078,right
989.517,-815,1105,right
989.614,-818,1117,right
989.714,-826,1142,right
989.823,-840,1158,right
989.929,-858,1166,right
990.036,-870,1173,right
990.149,-962,1245,right
990.268,-1266,1395,right
990.524,-815,1289,right
990.630,-809,1463,right
990.720,-762,1570,right
990.831,-834,1627,right
990.928,-818,1674,right
991.042,-932,1546,right
991.114,-963,1470,right
991.232,-1015,1372,right
991.316,-976,1325,right
991.427,-902,1013,right
991.503,-834,972,right
991.616,-834,937,right
991.697,-824,910,right
991.817,-832,875,right
992.287,-747,1384,right
992.385,-763,1402,right
992.472,-768,1456,right
992.579,-822,1559,right
992.683,-798,1604,right
992.792,-795,1587,right
993.252,-450,1517,right
993.310,-620,1435,right
993.428,-679,1313,right
993.554,-683,1268,right
994.016,-489,1386,right
994.156,-460,1420,right
994.782,-657,1364,right
994.871,-657,1364,right
994.969,-703,1463,right
995.084,-721,1485,right
995.204,-633,1487,right
995.319,-633,1491,right
995.453,-575,1534,right
995.567,-484,1485,right
995.669,-382,1480,right
995.767,-381,1480,right
995.901,-343,1478,right
996.046,-313,1479,right
996.175,-304,1491,right
996.326,-303,1490,right
997.491,-446,1090,right
997.584,-399,1085,right
997.701,-360,1107,right
997.791,-393,1120,right
997.918,-370,1202,right
998.052,-371,1200,right
998.199,-347,1163,right
998.316,-327,1127,right
998.410,-308,1108,right
998.493,-308,1108,right
998.580,-301,1115,right
998.685,-300,1117,right
998.779,-297,1119,right
998.856,-296,1119,right
998.955,-297,1119,right
999.042,-296,1119,right
999.124,-294,1121,right
999.237,-293,1121,right
999.311,-294,1121,right
999.420,-293,1121,right
999.505,-291,1119,right
999.618,-290,1119,right
999.833,-376,1074,right
999.942,-509,972,right
1000.031,-541,966,right
1000.140,-652,917,right
1000.241,-722,904,right
1000.350,-723,860,right
1000.451,-747,848,right
1000.551,-782,836,right
1000.678,-793,818,right
1000.775,-816,805,right
1001.006,-577,852,right
1001.139,-474,888,right
1001.277,-535,837,right
1001.374,-573,701,right
1001.483,-706,628,right
1001.584,-849,656,right
1002.088,-1075,786,left
1002.192,-1074,786,left
1002.422,-684,935,right
1002.528,-504,1001,right
1002.621,-304,1048,right
1002.718,-216,1073,right
1003.191,-365,940,right
1003.298,-369,941,right
1003.397,-389,931,right
1003.506,-402,886,right
1004.143,-577,883,right
1004.237,-600,880,right
1004.340,-607,878,right
1004.470,-613,870,right
1004.982,-900,932,right
1005.101,-926,964,right
1005.184,-1015,965,right
1005.286,-1025,953,right
1005.374,-1034,974,right
1005.476,-1115,974,right
1005.778,-710,1026,right
1005.881,-668,963,right
1005.970,-574,750,right
1006.104,-524,541,right
1006.216,-529,534,right
1006.329,-554,525,right
1006.442,-524,465,right
1006.636,-219,0,right
1007.154,-461,670,right
1007.273,-461,669,right
1007.360,-458,657,right
1007.476,-481,649,right
1007.566,-475,600,right
1007.667,-478,600,right
1008.842,-725,673,right
1008.935,-736,690,right
1009.027,-740,703,right
1009.131,-753,700,right
1009.259,-706,715,right
1009.362,-698,725,right
1009.465,-681,746,right
1009.569,-683,731,right
1009.681,-683,724,right
1009.801,-698,678,right
1009.898,-695,666,right
1010.016,-694,666,right
1010.135,-678,675,right
1010.247,-678,675,right
1010.352,-678,675,right
1010.454,-674,676,right
1010.560,-666,673,right
1010.654,-668,672,right
1010.755,-668,674,right
1010.868,-668,675,right
1010.973,-668,678,right
1011.089,-667,679,right
1011.195,-667,679,right
1011.306,-668,681,right
1011.406,-669,681,right
1011.507,-668,681,right
1015.312,-363,1031,right
1015.408,-365,1021,right
1021.424,-258,951,right
1021.535,-258,951,right
1021.859,-175,874,right
1022.002,-29,665,right
1022.039,-17,659,right
1022.218,-0,721,right
1022.574,-207,1574,right
1022.680,-410,1477,right
1022.783,-474,1265,right
1022.930,-677,50,right
1023.424,-656,628,right
1023.516,-654,632,right
1023.631,-610,781,right
1023.744,-591,802,right
1023.859,-545,894,right
1023.977,-546,901,right
1024.104,-590,920,right
1024.199,-592,927,right
1024.301,-593,928,right
1024.417,-595,931,right
1024.526,-605,936,right
1024.638,-611,944,right
1024.753,-629,949,right
1024.883,-643,956,right
1024.984,-694,943,right
1025.108,-722,924,right
1025.200,-721,921,right
1025.306,-721,921,right
1025.399,-714,919,right
1025.497,-714,919,right
1025.585,-695,923,right
1025.679,-695,924,right
1025.765,-692,927,right
1025.873,-693,931,right
1025.952,-693,933,right
1026.094,-692,935,right
1026.208,-689,942,right
1026.325,-689,942,right
1026.466,-661,941,right
1026.594,-665,945,right
1026.762,-618,952,right
1026.869,-613,951,right
1027.067,-475,899,right
1027.170,-456,869,right
1027.265,-444,854,right
1027.357,-446,856,right
1027.477,-448,853,right
1027.576,-448,853,right
1036.621,-758,162,right
1036.706,-789,56,right
1036.803,-734,0,right
1036.886,-738,0,right
1036.968,-731,0,right
1037.059,-708,29,right
1037.147,-651,274,right
1037.259,-666,264,right
1037.339,-666,264,right
1037.451,-667,265,right
1037.558,-668,265,right
1037.669,-670,271,right
1037.793,-674,292,right
1037.917,-676,301,right
1038.007,-677,300,right
1038.109,-677,300,right
1038.206,-680,299,right
1038.323,-681,301,right
1038.407,-681,300,right
1038.523,-684,290,right
1039.332,-784,1077,right
1039.417,-782,1077,right
1039.488,-794,992,right
1039.591,-793,990,right
1039.655,-773,968,right
1039.772,-773,971,right
1039.843,-769,972,right
1039.964,-778,1015,right
1040.028,-779,1012,right
1040.152,-781,1010,right
1040.281,-782,986,right
1040.363,-780,899,right
1040.462,-764,897,right
1040.562,-765,897,right
1040.698,-755,910,right
1040.837,-764,897,right
1040.935,-764,904,right
1041.034,-764,906,right
1041.147,-771,921,right
1041.248,-846,871,right
1041.356,-877,837,right
1041.448,-925,892,right
1041.548,-836,685,right
1041.654,-855,605,right
1041.731,-855,603,right
1041.854,-876,556,right
1041.941,-887,383,right
1042.047,-921,704,right
1042.150,-907,937,right
1042.249,-906,973,right
1042.337,-864,950,right
1042.432,-886,993,right
1042.503,-877,981,right
1042.625,-884,988,right
1042.720,-898,1032,right
1042.816,-883,1021,right
1042.898,-847,1014,right
1043.011,-855,999,right
1043.083,-863,998,right
1043.195,-874,1014,right
1043.282,-872,1013,right
1043.376,-880,1003,right
1043.470,-858,975,right
1043.572,-886,984,right
1043.665,-863,958,right
1043.765,-871,963,right
1043.846,-874,981,right
1043.962,-880,986,right
1044.040,-887,995,right
1044.138,-890,1008,right
1044.246,-879,889,right
1044.369,-903,767,right
1044.451,-908,770,right
1044.560,-908,770,right
1044.775,-817,564,right
1044.854,-807,454,right
1044.937,-822,374,right
1045.047,-839,307,right
1045.135,-851,85,right
1045.245,-920,0,right
1045.522,-933,117,right
1045.620,-935,114,right
1046.267,-1087,788,left
1046.351,-1087,787,left
1046.873,-873,685,right
1046.965,-890,670,right
1047.064,-897,634,right
1047.183,-927,590,right
1047.268,-937,567,right
1047.380,-958,561,right
1048.022,-911,581,right
1048.127,-914,590,right
1048.234,-918,626,right
1048.358,-933,618,right
1048.476,-948,612,right
1048.620,-1203,198,right
1048.892,-1046,172,right
1048.998,-1058,137,right
1049.105,-1067,120,right
1049.241,-1069,126,right
1049.841,-1028,582,right
1049.950,-1031,552,right
1050.361,-1008,690,right
1050.465,-1011,691,right
1051.502,-977,755,right
1051.606,-1002,722,right
1052.227,-978,704,right
1052.323,-977,704,right
1052.684,-921,503,right
1052.786,-921,503,right
1052.877,-921,503,right
1052.992,-924,501,right
1053.076,-924,501,right
1053.190,-924,503,right
1053.284,-925,506,right
1053.399,-925,506,right
1053.485,-925,510,right
1053.826,-925,514,right
1061.145,-693,886,right
1061.250,-616,996,right
1061.330,-644,1063,right
1061.440,-705,1172,right
1061.502,-695,1470,right
1061.607,-958,2024,right
1062.592,-377,987,right
1062.687,-390,995,right
1062.785,-430,1015,right
1062.874,-442,1026,right
1064.722,-586,777,right
1064.812,-567,771,right
1064.886,-503,746,right
1065.016,-515,734,right
1065.060,-499,701,right
1065.174,-499,711,right
1065.245,-484,688,right
1065.359,-489,683,right
1065.427,-488,609,right
1065.548,-489,613,right
1065.640,-496,631,right
1065.735,-501,643,right
1065.862,-504,630,right
1065.979,-543,510,right
1066.066,-574,451,right
1066.168,-576,451,right
1066.255,-593,443,right
1066.366,-611,436,right
1066.460,-608,364,right
1066.555,-610,393,right
1066.675,-454,715,right
1066.799,-462,715,right
1066.891,-435,786,right
1066.996,-397,800,right
1067.099,-354,804,right
1067.197,-345,827,right
1067.306,-278,931,right
1067.414,-271,931,right
1067.498,-271,932,right
1067.573,-271,929,right
1067.674,-262,930,right
1067.760,-220,954,right
1068.386,-479,963,right
1068.493,-603,927,right
1068.582,-611,930,right
1068.681,-612,929,right
1068.852,-651,960,right
1068.912,-679,1005,right
1069.027,-526,1080,right
1069.127,-349,1160,right
1069.201,-156,1280,right
1069.322,-84,1360,right
1070.230,-670,763,right
1070.342,-733,735,right
1070.410,-780,709,right
1070.540,-794,694,right
1070.649,-720,688,right
1070.760,-715,685,right
1070.892,-538,721,right
1070.999,-516,729,right
1071.092,-449,805,right
1071.194,-428,839,right
1071.817,-400,865,right
1071.916,-452,803,right
1072.016,-492,831,right
1072.110,-577,983,right
1072.217,-551,1459,right
1072.366,-552,1451,right
1073.122,-1116,1018,left
1073.224,-1115,1018,left
1073.832,-574,1271,right
1073.931,-589,1218,right
1074.040,-581,1198,right
1074.166,-624,1095,right
1074.300,-637,1123,right
1074.396,-641,1132,right
1074.571,-640,1215,right
1074.713,-718,1212,right
1074.813,-721,1212,right
1074.907,-746,1231,right
1075.492,-753,1321,right
1075.585,-755,1322,right
1075.681,-766,1352,right
1075.797,-769,1350,right
1075.950,-770,1354,right
1076.091,-769,1360,right
1076.870,-881,684,right
1076.979,-896,634,right
1077.109,-865,671,right
1077.203,-833,721,right
1077.312,-772,980,right
1077.407,-748,988,right
1077.538,-492,1179,right
1077.649,-492,1180,right
1077.757,-417,1302,right
1077.858,-411,1302,right
1077.953,-349,1315,right
1078.059,-349,1311,right
1078.447,-369,1302,right
1078.540,-372,1298,right
1078.647,-372,1300,right
1078.778,-372,1300,right
1078.888,-372,1300,right
1079.016,-373,1303,right
1079.637,-262,1357,right
1079.730,-261,1356,right
1079.826,-266,1359,right
1079.914,-265,1358,right
1080.006,-267,1359,right
1080.100,-269,1366,right
1081.703,-729,1029,right
1081.789,-728,1029,right
1081.886,-653,1299,right
1081.979,-548,1312,right
1082.064,-418,1472,right
1082.164,-470,1457,right
1082.724,-589,733,right
1082.837,-670,427,right
1082.917,-730,318,right
1083.035,-797,273,right
1083.129,-846,307,right
1083.242,-1027,480,right
1083.344,-978,595,right
1083.433,-1000,615,right
1083.817,-854,552,right
1083.929,-862,538,right
1084.011,-884,484,right
1084.116,-955,362,right
1084.210,-955,350,right
1084.319,-963,322,right
1084.430,-963,322,right
1084.551,-963,322,right
1084.683,-963,322,right
1084.791,-963,322,right
1084.971,-967,346,right
1085.069,-987,431,right
1085.186,-998,628,right
1085.276,-1000,744,right
1085.382,-952,1005,right
1085.488,-950,1019,right
1085.600,-934,1095,right
1085.701,-926,1122,right
1085.810,-914,1314,right
1085.916,-966,1502,right
1086.427,-797,1200,right
1086.523,-802,1211,right
1086.623,-850,1246,right
1086.721,-895,1295,right
1086.829,-864,1495,right
1086.932,-842,1558,right
1087.069,-715,1542,right
1087.177,-700,1524,right
1087.305,-699,1555,right
1087.414,-698,1564,right
1088.544,-751,1448,right
1088.647,-740,1434,right
1088.780,-794,1438,right
1088.843,-805,1427,right
1088.996,-689,1341,right
1089.100,-669,1303,right
1089.206,-615,1291,right
1089.317,-617,1291,right
1089.410,-626,1293,right
1089.523,-631,1295,right
1089.633,-632,1295,right
1089.735,-653,1279,right
1089.856,-654,1279,right
1089.985,-660,1268,right
1090.095,-660,1267,right
1090.215,-660,1260,right
1092.965,-364,842,right
1093.054,-364,842,right
1093.153,-364,858,right
1093.272,-363,857,right
1096.176,-633,1036,right
1096.294,-637,1043,right
1096.378,-623,1031,right
1096.488,-618,1026,right
1096.571,-573,1021,right
1096.698,-579,1031,right
1096.758,-579,1039,right
1096.872,-577,1026,right
1096.966,-555,1006,right
1097.067,-550,1003,right
1097.173,-462,969,right
1097.285,-426,941,right
1097.391,-398,923,right
1097.523,-372,914,right
1097.603,-355,951,right
1097.727,-352,937,right
1097.801,-354,936,right
1097.930,-353,936,right
1098.001,-353,936,right
1098.139,-353,936,right
1098.222,-349,974,right
1098.353,-349,973,right
1098.445,-351,978,right
1098.563,-351,978,right
1098.660,-368,995,right
1098.775,-386,1000,right
1098.867,-408,1017,right
1098.974,-415,1029,right
1099.274,-371,930,right
1099.424,-515,922,right
1099.487,-527,903,right
1099.606,-556,884,right
1099.678,-589,890,right
1099.811,-639,913,right
1099.879,-646,912,right
1099.993,-646,913,right
1100.095,-667,914,right
1100.226,-713,929,right
1100.611,-696,1404,right
1100.724,-699,1410,right
1100.849,-708,1416,right
1100.959,-719,1411,right
1101.115,-748,1434,right
1101.212,-751,1434,right
1102.245,-1101,858,left
1102.329,-1101,858,left